0.0000000000 -0.0000000000 0.0000000000 -0.0000000000 0.0000000000 -0.0000000000 -0.0000000000 -0.0000000000 0.0000000000 -0.0000000000 0.0000000000 -0.0000000000 0.0000000000 -0.0000000000 -0.0000000000 0.0000000000 0.0000000000 0.0000000000 -0.0000000000 -0.0000000000 0.0000000000 0.0000000000 0.0000000000 -0.0000000000 0.0000000000 0.0000000000 -0.0000000000 0.0000000000 0.0000000000 -0.0000000000 -0.0000000000 0.0000000000 0.0000000000 0.0000000000 -0.0000000000 0.0000000000 0.0000000000 -0.0000000000 0.0000000000 0.0000000000 0.0000000000 -0.0000000000 -0.0000000000 0.0000000000 0.0000000000 -0.0000000000 0.0000000000 0.0000000000 0.0000000000 -0.0000000000 0.0000000000 0.0000000000 0.0000000000 0.0000000000 -0.0000000000 0.0000000000 0.0000000000 0.0000000000 0.0000000000 0.0000000000 0.0000000000 0.0000000000 0.0000000000 -0.0000000000
16344.5331069748 -13042.8706065213 5903.5199195633 -249.8702071451 -1308.5274621062 364.5878047325 368.4439605407 -112.1920561925 -246.0979696093 125.4078523504 127.0269400853 -146.7519609742 100.2661316533 -213.3596193070 352.3338574336 -304.7064198258 133.9058010204 -41.3778253114 74.2664483466 -133.5076557421 144.9693894362 -101.5864505366 25.9228309374 22.4013010985 25.7064227867 -155.9948077376 272.6001870050 -321.1070800250 323.7892168148 -273.9988987905 118.8287222986 99.0408975070 -206.6704345455 99.0408975070 118.8287222986 -273.9988987905 323.7892168148 -321.1070800250 272.6001870050 -155.9948077376 25.7064227867 22.4013010985 25.9228309374 -101.5864505366 144.9693894362 -133.5076557421 74.2664483466 -41.3778253114 133.9058010204 -304.7064198258 352.3338574336 -213.3596193070 100.2661316533 -146.7519609742 127.0269400853 125.4078523504 -246.0979696093 -112.1920561925 368.4439605407 364.5878047325 -1308.5274621062 -249.8702071451 5903.5199195633 -13042.8706065213
-16118.9651998914 12152.2176660340 -3942.2238797734 -1680.0299968943 2012.7139907958 44.0554455360 -863.6515660310 114.5102526833 448.2525207081 -135.5957699029 -222.5411106240 69.3120745347 158.9407400427 -43.5201678593 -158.6205924045 105.5419126683 73.2113331269 -103.8527031181 7.7312476397 48.0878839270 -40.9822052181 23.5532623510 18.1614165757 -76.4712407436 67.9595187328 14.0890723543 -57.0335068761 25.9806524712 -25.6414794117 81.9706642828 -61.4706100630 -80.5518052111 170.7591592255 -80.5518052111 -61.4706100630 81.9706642828 -25.6414794117 25.9806524712 -57.0335068761 14.0890723543 67.9595187328 -76.4712407436 18.1614165757 23.5532623510 -40.9822052181 48.0878839270 7.7312476397 -103.8527031181 73.2113331269 105.5419126683 -158.6205924045 -43.5201678593 158.9407400427 69.3120745347 -222.5411106240 -135.5957699029 448.2525207081 114.5102526833 -863.6515660310 44.0554455360 2012.7139907958 -1680.0299968943 -3942.2238797734 12152.2176660340
3541.7211736396 -1436.2722387353 -2295.2026163878 3341.5936574674 -1129.3767497313 -1110.9834532656 1051.8406609950 201.7901981903 -564.5563730336 -56.2536619186 358.5168612632 59.8252328264 -426.8752389808 305.6911724771 -115.5177367108 189.2959183325 -276.4260787579 152.9470368548 -22.7870629584 74.6044306689 -150.1963962219 87.1048788274 -2.6380942562 30.3653120376 -93.2168102976 120.0941795391 -201.1700972496 352.0370805317 -387.4238501113 212.2093386590 -5.2309936254 -59.6709246326 50.0436627693 -59.6709246326 -5.2309936254 212.2093386590 -387.4238501113 352.0370805317 -201.1700972496 120.0941795391 -93.2168102976 30.3653120376 -2.6380942562 87.1048788274 -150.1963962219 74.6044306689 -22.7870629584 152.9470368548 -276.4260787579 189.2959183325 -115.5177367108 305.6911724771 -426.8752389808 59.8252328264 358.5168612632 -56.2536619186 -564.5563730336 201.7901981903 1051.8406609950 -1110.9834532656 -1129.3767497313 3341.5936574674 -2295.2026163878 -1436.2722387353
4635.3330654953 -4662.5286406058 3924.6225350635 -1615.4858178037 -962.5641462790 1653.7502460075 -380.2784983332 -778.8923534301 479.9394922605 381.6251457934 -458.5680195240 -95.3013874823 298.9315173239 -16.1048187486 -112.3823056045 -80.6294059214 135.2974446412 86.4119416674 -178.7742155650 -27.7554582094 179.3708872793 -44.8843087993 -128.8954476948 104.8519271333 -18.5084300239 30.2960320863 -21.8057598794 -112.9971192256 206.9249244136 -102.9143541304 -69.9204684942 132.5627317318 -126.1208047897 132.5627317318 -69.9204684942 -102.9143541304 206.9249244136 -112.9971192256 -21.8057598794 30.2960320863 -18.5084300239 104.8519271333 -128.8954476948 -44.8843087993 179.3708872793 -27.7554582094 -178.7742155650 86.4119416674 135.2974446412 -80.6294059214 -112.3823056045 -16.1048187486 298.9315173239 -95.3013874823 -458.5680195240 381.6251457934 479.9394922605 -778.8923534301 -380.2784983332 1653.7502460075 -962.5641462790 -1615.4858178037 3924.6225350635 -4662.5286406058
-2145.1998620718 1565.9515986920 -41.6471504051 -1557.9440569586 1934.4997644952 -712.7422554496 -792.9394398478 1006.5052103514 -48.8070634295 -601.4446023177 252.1939572273 244.5580031662 -44.4921313539 -446.2704385177 443.4185621396 -74.3474149997 1.1123460737 -256.5372731809 303.0193349336 -27.9142289557 -115.9791701303 -57.4839076019 195.4886380759 -80.2892669776 -18.4422575294 -130.8950960857 328.8978109989 -326.6654129549 212.4195580428 -159.9852230228 114.5427938478 9.5553508728 -89.4732163249 9.5553508728 114.5427938478 -159.9852230228 212.4195580428 -326.6654129549 328.8978109989 -130.8950960857 -18.4422575294 -80.2892669776 195.4886380759 -57.4839076019 -115.9791701303 -27.9142289557 303.0193349336 -256.5372731809 1.1123460737 -74.3474149997 443.4185621396 -446.2704385177 -44.4921313539 244.5580031662 252.1939572273 -601.4446023177 -48.8070634295 1006.5052103514 -792.9394398478 -712.7422554496 1934.4997644952 -1557.9440569586 -41.6471504051 1565.9515986920
-2388.1870790844 2482.9946552085 -2499.8441220607 1894.4438780098 -521.3795794434 -875.2930111017 1211.5620290105 -345.6717791406 -582.4698307427 501.4172101782 254.3842355123 -529.5607557163 13.9373612209 450.5023218640 -242.2434456451 -189.9577628715 187.2526577449 103.3249108556 -135.2962179317 -85.4476145096 118.3531241672 82.0542139652 -117.4472429906 -119.0875208033 255.2829943972 -74.1552957339 -165.9844218126 201.4501071104 -126.7848545739 93.4873583121 -19.3410827300 -162.0803783309 271.3827962482 -162.0803783309 -19.3410827300 93.4873583121 -126.7848545739 201.4501071104 -165.9844218126 -74.1552957339 255.2829943972 -119.0875208033 -117.4472429906 82.0542139652 118.3531241672 -85.4476145096 -135.2962179317 103.3249108556 187.2526577449 -189.9577628715 -242.2434456451 450.5023218640 13.9373612209 -529.5607557163 254.3842355123 501.4172101782 -582.4698307427 -345.6717791406 1211.5620290105 -875.2930111017 -521.3795794434 1894.4438780098 -2499.8441220607 2482.9946552085
1556.8796961589 -1302.8681310395 559.1303833586 477.1741981918 -1268.1953746769 1210.3762764328 -284.6448835650 -695.7778061308 813.2577228308 -75.2742376868 -586.2235916641 476.8108779476 37.6330392287 -156.2717472376 -221.0559540894 478.1687718017 -281.5826707932 8.2705156615 -46.6749967184 201.4700632138 -118.5386754818 -88.5017732964 64.7992901447 167.2701507030 -270.6859742682 171.5908479124 -131.7358091229 245.5187872125 -284.6365571065 133.0265310307 0.6091578140 40.6094829682 -102.9755233096 40.6094829682 0.6091578140 133.0265310307 -284.6365571065 245.5187872125 -131.7358091229 171.5908479124 -270.6859742682 167.2701507030 64.7992901447 -88.5017732964 -118.5386754818 201.4700632138 -46.6749967184 8.2705156615 -281.5826707932 478.1687718017 -221.0559540894 -156.2717472376 37.6330392287 476.8108779476 -586.2235916641 -75.2742376868 813.2577228308 -695.7778061308 -284.6448835650 1210.3762764328 -1268.1953746769 477.1741981918 559.1303833586 -1302.8681310395
1396.9717882378 -1479.2509073041 1625.6205620644 -1551.1554059359 967.5450493944 37.8757558520 -863.1463816965 890.7729057483 -201.1787155502 -425.2983022624 371.1936868556 120.5872663488 -330.9172458487 22.4478796576 319.0497324809 -231.2721983869 -100.1349929488 193.4804103502 11.4611364738 -144.6853854520 21.0349948548 124.4026560299 -82.0714248105 -2.0559315400 -62.5857864376 140.2201078818 4.8382614263 -267.8668442976 312.7778938206 -76.0549825881 -150.8682288590 175.6982880282 -137.8994949366 175.6982880282 -150.8682288590 -76.0549825881 312.7778938206 -267.8668442976 4.8382614263 140.2201078818 -62.5857864376 -2.0559315400 -82.0714248105 124.4026560299 21.0349948548 -144.6853854520 11.4611364738 193.4804103502 -100.1349929488 -231.2721983869 319.0497324809 22.4478796576 -330.9172458487 120.5872663488 371.1936868556 -425.2983022624 -201.1787155502 890.7729057483 -863.1463816965 37.8757558520 967.5450493944 -1551.1554059359 1625.6205620644 -1479.2509073041
-1118.7984196888 987.2160104172 -610.2683010852 29.2715258373 626.2741862562 -1018.4513143485 769.9660544613 37.3205710118 -703.0785481943 573.3959266906 159.6837255832 -643.9543680314 414.1236617606 74.4401848354 -134.0671361098 -239.9572702802 477.0450594100 -287.4672944858 -9.1157212718 45.4161450212 86.8484956969 -95.0538467351 -12.3929667854 -18.8451147615 233.8692549669 -370.6858311333 256.1397789795 -61.0592279893 36.4931872860 -155.6310070678 192.0376001645 -79.9211568531 -0.3861068033 -79.9211568531 192.0376001645 -155.6310070678 36.4931872860 -61.0592279893 256.1397789795 -370.6858311333 233.8692549669 -18.8451147615 -12.3929667854 -95.0538467351 86.8484956969 45.4161450212 -9.1157212718 -287.4672944858 477.0450594100 -239.9572702802 -134.0671361098 74.4401848354 414.1236617606 -643.9543680314 159.6837255832 573.3959266906 -703.0785481943 37.3205710118 769.9660544613 -1018.4513143485 626.2741862562 29.2715258373 -610.2683010852 987.2160104172
-963.5936947560 1041.2570597226 -1169.4490977455 1160.1493469272 -910.6665489812 403.9383701218 274.8640722677 -808.3324683249 770.2531049103 -138.1747115527 -477.2001652375 449.6706096064 73.7672495254 -357.4824130959 67.4029501060 322.9493472435 -269.6967050120 -85.0871356116 216.4411685118 -15.1743708974 -136.0096675988 3.6839499107 190.0582376347 -174.7404308431 14.5388442994 77.9144319137 -80.3661256709 112.9159178672 -180.7149279792 158.7107767695 5.3973860031 -206.4951314959 294.9478481672 -206.4951314959 5.3973860031 158.7107767695 -180.7149279792 112.9159178672 -80.3661256709 77.9144319137 14.5388442994 -174.7404308431 190.0582376347 3.6839499107 -136.0096675988 -15.1743708974 216.4411685118 -85.0871356116 -269.6967050120 322.9493472435 67.4029501060 -357.4824130959 73.7672495254 449.6706096064 -477.2001652375 -138.1747115527 770.2531049103 -808.3324683249 274.8640722677 403.9383701218 -910.6665489812 1160.1493469272 -1169.4490977455 1041.2570597226
874.0081355543 -843.0829501554 656.3325015344 -217.4494711931 -327.4312280253 683.5184857816 -677.5702916093 342.9436342167 138.7891298020 -460.9996977475 332.4918370622 179.0755337059 -566.4592337977 421.6582991426 10.6747393295 -127.7836274499 -201.2012022454 468.9998882047 -285.9627095026 -82.3919816493 167.8766293805 30.0793104826 -169.3273011273 150.0033405541 -171.7085575731 284.2184733697 -284.7006715555 108.2606743013 24.8689307071 35.7268742057 -151.8014018561 166.9498096798 -143.2036674999 166.9498096798 -151.8014018561 35.7268742057 24.8689307071 108.2606743013 -284.7006715555 284.2184733697 -171.7085575731 150.0033405541 -169.3273011273 30.0793104826 167.8766293805 -82.3919816493 -285.9627095026 468.9998882047 -201.2012022454 -127.7836274499 10.6747393295 421.6582991426 -566.4592337977 179.0755337059 332.4918370622 -460.9996977475 138.7891298020 342.9436342167 -677.5702916093 683.5184857816 -327.4312280253 -217.4494711931 656.3325015344 -843.0829501554
740.8720448023 -728.1571277981 757.8491955187 -871.0586615586 890.7405557510 -581.2683436926 -25.2450836192 590.7002820228 -762.2673728219 453.2814407785 95.1129535725 -459.2653257089 351.4309236060 70.4433250127 -303.8131350891 73.5068353891 296.8702675593 -302.9276996951 -44.0585221866 257.9216061182 -110.3468839499 -67.4363398609 -36.8211067813 214.4332127940 -114.2605083146 -160.4417894478 234.3908729843 -81.2457029488 18.5842470141 -119.4473322974 88.8469760853 178.4373199235 -349.8502015209 178.4373199235 88.8469760853 -119.4473322974 18.5842470141 -81.2457029488 234.3908729843 -160.4417894478 -114.2605083146 214.4332127940 -36.8211067813 -67.4363398609 -110.3468839499 257.9216061182 -44.0585221866 -302.9276996951 296.8702675593 73.5068353891 -303.8131350891 70.4433250127 351.4309236060 -459.2653257089 95.1129535725 453.2814407785 -762.2673728219 590.7002820228 -25.2450836192 -581.2683436926 890.7405557510 -871.0586615586 757.8491955187 -728.1571277981
-783.1571813205 698.5990984003 -499.5900060541 263.0014731398 14.1271176473 -337.0513570871 580.5311894826 -551.7511303142 214.3604962883 207.4197320421 -386.2411719455 169.2673985970 264.5808408988 -527.1599090327 384.0580024870 -31.4235271342 -93.9732918679 -147.1047417160 387.4062892402 -239.9748995211 -136.7639704226 233.1144343793 87.7719747600 -397.7577121583 338.1215786027 -109.2141413395 82.1058136995 -198.7399903027 136.1621116381 78.3227315297 -69.5602150712 -242.5112126795 442.8911689483 -242.5112126795 -69.5602150712 78.3227315297 136.1621116381 -198.7399903027 82.1058136995 -109.2141413395 338.1215786027 -397.7577121583 87.7719747600 233.1144343793 -136.7639704226 -239.9748995211 387.4062892402 -147.1047417160 -93.9732918679 -31.4235271342 384.0580024870 -527.1599090327 264.5808408988 169.2673985970 -386.2411719455 207.4197320421 214.3604962883 -551.7511303142 580.5311894826 -337.0513570871 14.1271176473 263.0014731398 -499.5900060541 698.5990984003
-527.5328868620 553.6375723734 -625.6853938779 707.3457690157 -711.6676724582 535.2463301335 -152.2466698534 -311.0242433566 616.6281057754 -574.5480830417 206.3968863238 232.0245463153 -422.6729784076 246.6008344064 89.3239491804 -227.5606925422 25.2760126367 269.4342402411 -283.3648133213 -34.3901726854 335.6812617388 -301.2354352807 33.0837923171 115.5848096632 -32.4309821365 -39.1574034775 -90.2573508687 251.6155442272 -179.8756685085 -67.7663280991 189.1277667943 -88.5636212813 -1.5869370297 -88.5636212813 189.1277667943 -67.7663280991 -179.8756685085 251.6155442272 -90.2573508687 -39.1574034775 -32.4309821365 115.5848096632 33.0837923171 -301.2354352807 335.6812617388 -34.3901726854 -283.3648133213 269.4342402411 25.2760126367 -227.5606925422 89.3239491804 246.6008344064 -422.6729784076 232.0245463153 206.3968863238 -574.5480830417 616.6281057754 -311.0242433566 -152.2466698534 535.2463301335 -711.6676724582 707.3457690157 -625.6853938779 553.6375723734
708.2953422771 -624.6385254358 449.5091855712 -292.3558683030 133.3424745396 117.4946371122 -421.9802856994 580.7095211732 -435.3370922309 60.2140544733 271.5825197437 -304.4678670231 11.0548283595 365.9371111943 -505.3250257856 310.1494379727 -16.9817415268 -62.9302627149 -96.0853222594 227.5209743477 -141.5284116220 -26.1413345224 19.4831868768 181.8420620733 -348.2598220810 307.8121886576 -130.6132142151 -8.4329488373 30.4124466997 33.6097336302 -133.6351168950 227.8052315274 -267.8288518788 227.8052315274 -133.6351168950 33.6097336302 30.4124466997 -8.4329488373 -130.6132142151 307.8121886576 -348.2598220810 181.8420620733 19.4831868768 -26.1413345224 -141.5284116220 227.5209743477 -96.0853222594 -62.9302627149 -16.9817415268 310.1494379727 -505.3250257856 365.9371111943 11.0548283595 -304.4678670231 271.5825197437 60.2140544733 -435.3370922309 580.7095211732 -421.9802856994 117.4946371122 133.3424745396 -292.3558683030 449.5091855712 -624.6385254358
290.0000000000 -385.7036586506 558.2238392852 -621.1868060372 541.0819100366 -399.1310100401 209.6615118431 74.7316023393 -392.9848480983 549.1325566937 -403.8293826506 34.5727818745 311.0592630416 -396.3726686075 178.3910107436 119.7552696910 -178.0000000000 -67.1409948594 289.0642987867 -144.4178290151 -252.0441111399 435.4205498191 -202.1683484452 -131.4443479331 200.9848480983 -78.4729640488 58.3665230560 -150.3366098399 111.9029380617 84.5702074041 -175.7094526187 52.0239212100 50.0000000000 52.0239212100 -175.7094526187 84.5702074041 111.9029380617 -150.3366098399 58.3665230560 -78.4729640488 200.9848480983 -131.4443479331 -202.1683484452 435.4205498191 -252.0441111399 -144.4178290151 289.0642987867 -67.1409948594 -178.0000000000 119.7552696910 178.3910107436 -396.3726686075 311.0592630416 34.5727818745 -403.8293826506 549.1325566937 -392.9848480983 74.7316023393 209.6615118431 -399.1310100401 541.0819100366 -621.1868060372 558.2238392852 -385.7036586506
-481.7741697271 503.8798183813 -502.6805136887 385.4336464137 -172.3789420656 -59.7869751917 285.7585307703 -474.2148984412 502.6203744425 -279.6659864338 -68.6839374102 269.0941238216 -171.9171459113 -126.3145700150 405.3014173021 -476.6859958380 276.4907541467 51.2541961414 -198.5959522028 1.9892653951 298.8181782546 -318.5825577304 64.9812821298 45.3177406184 188.7550023765 -413.1509744889 244.3239428391 119.5026408069 -178.4169914656 -115.4310372036 318.3640619892 -210.1760996930 91.3693736288 -210.1760996930 318.3640619892 -115.4310372036 -178.4169914656 119.5026408069 244.3239428391 -413.1509744889 188.7550023765 45.3177406184 64.9812821298 -318.5825577304 298.8181782546 1.9892653951 -198.5959522028 51.2541961414 276.4907541467 -476.6859958380 405.3014173021 -126.3145700150 -171.9171459113 269.0941238216 -68.6839374102 -279.6659864338 502.6203744425 -474.2148984412 285.7585307703 -59.7869751917 -172.3789420656 385.4336464137 -502.6805136887 503.8798183813
-297.0034762255 325.8497285899 -403.8908422458 478.6247092802 -463.0859740118 336.7721682495 -174.5576592345 19.6487834360 178.2166594663 -407.3976733227 483.5207119076 -252.4359688191 -144.5499662495 378.1978794213 -306.0782956378 94.5803569513 38.7543734110 -48.5762707590 2.6364744552 31.3930904848 19.4177313229 -185.3956704769 318.1579497607 -181.1459216248 -194.4516135468 424.7582572834 -239.9511880097 -114.3118258863 198.1403659815 3.8020450194 -106.5901222265 -50.8577453651 178.6143810164 -50.8577453651 -106.5901222265 3.8020450194 198.1403659815 -114.3118258863 -239.9511880097 424.7582572834 -194.4516135468 -181.1459216248 318.1579497607 -185.3956704769 19.4177313229 31.3930904848 2.6364744552 -48.5762707590 38.7543734110 94.5803569513 -306.0782956378 378.1978794213 -144.5499662495 -252.4359688191 483.5207119076 -407.3976733227 178.2166594663 19.6487834360 -174.5576592345 336.7721682495 -463.0859740118 478.6247092802 -403.8908422458 325.8497285899
427.5962297387 -447.3193725581 477.2931779966 -437.7912796455 259.1920190638 20.8763555858 -266.6067042883 387.9050805726 -411.1433136889 362.7165220537 -188.5993360755 -96.1287210633 268.5787816287 -100.4006268641 -298.9174836147 527.0821433654 -351.2952927254 -13.8528439862 185.1848801653 -51.2222125519 -184.4098666409 306.0188964926 -279.3614350975 181.1598589482 -89.2579542009 59.3515985190 -96.4460908848 124.3627589229 -73.7997737780 10.5957488269 -70.3811345406 242.3143460609 -338.9936817344 242.3143460609 -70.3811345406 10.5957488269 -73.7997737780 124.3627589229 -96.4460908848 59.3515985190 -89.2579542009 181.1598589482 -279.3614350975 306.0188964926 -184.4098666409 -51.2222125519 185.1848801653 -13.8528439862 -351.2952927254 527.0821433654 -298.9174836147 -100.4006268641 268.5787816287 -96.1287210633 -188.5993360755 362.7165220537 -411.1433136889 387.9050805726 -266.6067042883 20.8763555858 259.1920190638 -437.7912796455 477.2931779966 -447.3193725581
262.8856122772 -277.0173823376 302.7103398305 -318.4382713609 324.6187348995 -310.6099652289 230.6120401928 -60.2202763271 -144.8906057377 294.3552211786 -347.1137457292 299.9133629162 -128.3123960645 -161.1837524923 417.6223972805 -415.0545031879 120.7870064387 193.3733971490 -233.2348835415 41.8323090233 60.9254396962 87.0357453771 -264.9085715738 172.2836451525 150.4013965687 -359.3136629046 243.3408449300 32.8788097376 -173.1946525602 109.5243628316 -6.9209587746 -13.5739647559 0.6594664709 -13.5739647559 -6.9209587746 109.5243628316 -173.1946525602 32.8788097376 243.3408449300 -359.3136629046 150.4013965687 172.2836451525 -264.9085715738 87.0357453771 60.9254396962 41.8323090233 -233.2348835415 193.3733971490 120.7870064387 -415.0545031879 417.6223972805 -161.1837524923 -128.3123960645 299.9133629162 -347.1137457292 294.3552211786 -144.8906057377 -60.2202763271 230.6120401928 -310.6099652289 324.6187348995 -318.4382713609 302.7103398305 -277.0173823376
-360.7498171879 403.2356584788 -466.1241376781 431.8926934106 -263.8418612354 34.7836375861 168.7796506583 -322.1560160208 419.6029476861 -409.7781286926 248.1221431031 -8.1893754663 -136.8316780632 80.8445427632 108.6220856295 -274.0542917909 309.9743593971 -202.5060628603 11.5694568101 120.4815668393 -30.0718061754 -269.5858161298 496.9944592903 -374.3238177015 5.0130688281 196.9546918874 -27.7618397875 -235.8129881627 234.1250380403 -34.5561245113 -0.0562669529 -217.5212717751 365.1007823783 -217.5212717751 -0.0562669529 -34.5561245113 234.1250380403 -235.8129881627 -27.7618397875 196.9546918874 5.0130688281 -374.3238177015 496.9944592903 -269.5858161298 -30.0718061754 120.4815668393 11.5694568101 -202.5060628603 309.9743593971 -274.0542917909 108.6220856295 80.8445427632 -136.8316780632 -8.1893754663 248.1221431031 -409.7781286926 419.6029476861 -322.1560160208 168.7796506583 34.7836375861 -263.8418612354 431.8926934106 -466.1241376781 403.2356584788
-312.8207689977 267.7394194021 -186.1406933348 168.4098595034 -237.5492168111 292.9436710856 -224.9202874263 58.8573861545 84.2219055863 -165.7444299347 257.0764120817 -349.1375988719 273.7668595285 56.6187515926 -423.5676485296 494.0464654674 -220.5493600278 -111.8407959265 248.1118135086 -207.7856678619 129.7993636989 -57.8569335365 -15.1722490272 44.5233453298 -21.8712644363 50.0197606569 -167.3078851644 200.2978580999 3.2804016123 -261.5041932276 233.9747471976 76.3046834556 -265.2681906925 76.3046834556 233.9747471976 -261.5041932276 3.2804016123 200.2978580999 -167.3078851644 50.0197606569 -21.8712644363 44.5233453298 -15.1722490272 -57.8569335365 129.7993636989 -207.7856678619 248.1118135086 -111.8407959265 -220.5493600278 494.0464654674 -423.5676485296 56.6187515926 273.7668595285 -349.1375988719 257.0764120817 -165.7444299347 84.2219055863 58.8573861545 -224.9202874263 292.9436710856 -237.5492168111 168.4098595034 -186.1406933348 267.7394194021
428.6979969405 -425.0130310098 400.6760332755 -346.0747849422 268.7723446969 -143.4257127011 -73.5843218395 326.0312383241 -449.1670952184 367.6157972961 -214.0908538795 140.0848890276 -100.9023572110 -13.4833315204 113.0078461204 -2.3305712685 -259.5986709843 349.7868037740 -131.4285733876 -105.3360832897 25.0350060508 288.1219706456 -457.1194454738 313.1460623691 -48.6941043551 -96.5571667097 82.0501609652 23.0716166506 -167.6070074816 277.5780640166 -253.1981175450 114.1587828660 -31.7487714634 114.1587828660 -253.1981175450 277.5780640166 -167.6070074816 23.0716166506 82.0501609652 -96.5571667097 -48.6941043551 313.1460623691 -457.1194454738 288.1219706456 25.0350060508 -105.3360832897 -131.4285733876 349.7868037740 -259.5986709843 -2.3305712685 113.0078461204 -13.4833315204 -100.9023572110 140.0848890276 -214.0908538795 367.6157972961 -449.1670952184 326.0312383241 -73.5843218395 -143.4257127011 268.7723446969 -346.0747849422 400.6760332755 -425.0130310098
268.9717882378 -211.1566160166 123.2776932761 -120.9780820667 172.1964400422 -179.3630974188 147.0840516513 -126.4890563362 65.4142135624 115.0259646823 -324.2734473192 359.9924228790 -175.4611595534 -68.4076230721 238.0613664499 -339.8151302296 351.8650070512 -156.1821970313 -220.3160445069 469.3826227265 -324.2158972317 -58.5820466493 259.4001008523 -124.9976376289 -73.1787155502 51.6989623428 115.0524969758 -156.8661166583 1.9213089639 153.1162927748 -126.2088734442 -30.5333501679 118.1005050634 -30.5333501679 -126.2088734442 153.1162927748 1.9213089639 -156.8661166583 115.0524969758 51.6989623428 -73.1787155502 -124.9976376289 259.4001008523 -58.5820466493 -324.2158972317 469.3826227265 -220.3160445069 -156.1821970313 351.8650070512 -339.8151302296 238.0613664499 -68.4076230721 -175.4611595534 359.9924228790 -324.2734473192 115.0259646823 65.4142135624 -126.4890563362 147.0840516513 -179.3630974188 172.1964400422 -120.9780820667 123.2776932761 -211.1566160166
-509.4453194221 428.7705696140 -305.5902137732 293.5458371544 -314.9680170537 182.5198845455 88.6158381261 -289.6714864691 324.4239367839 -311.0817449585 340.7271232950 -319.2070756966 150.4387435255 62.0399478460 -133.3411021249 38.9457114317 90.6008336076 -166.4228310223 203.5181239964 -214.2657306617 180.1866680157 -141.8978528363 182.2698507472 -269.5238725145 237.8982881312 -18.5597618885 -194.2999716657 137.4438021701 176.6903268436 -429.0379187671 353.5799732317 -54.5567216123 -110.1369966204 -54.5567216123 353.5799732317 -429.0379187671 176.6903268436 137.4438021701 -194.2999716657 -18.5597618885 237.8982881312 -269.5238725145 182.2698507472 -141.8978528363 180.1866680157 -214.2657306617 203.5181239964 -166.4228310223 90.6008336076 38.9457114317 -133.3411021249 62.0399478460 150.4387435255 -319.2070756966 340.7271232950 -311.0817449585 324.4239367839 -289.6714864691 88.6158381261 182.5198845455 -314.9680170537 293.5458371544 -305.5902137732 428.7705696140
-102.4271516028 153.6307570378 -205.0586261986 127.2586427348 -2.7913207394 22.2993804074 -178.8829862450 241.5034024222 -71.7861678660 -179.9046400919 282.1982588824 -212.9974003104 115.5572167631 -38.4395803967 -107.0555099320 316.9326399494 -391.2955234879 170.7563232552 208.5487982179 -422.3406213354 307.7598050578 -13.5875271949 -198.8015273231 213.5195734282 -95.8033045718 -35.8749393671 99.1029307431 -61.0794279562 -44.2604515163 112.9681720873 -57.7916136205 -79.1642037179 152.1860933722 -79.1642037179 -57.7916136205 112.9681720873 -44.2604515163 -61.0794279562 99.1029307431 -35.8749393671 -95.8033045718 213.5195734282 -198.8015273231 -13.5875271949 307.7598050578 -422.3406213354 208.5487982179 170.7563232552 -391.2955234879 316.9326399494 -107.0555099320 -38.4395803967 115.5572167631 -212.9974003104 282.1982588824 -179.9046400919 -71.7861678660 241.5034024222 -178.8829862450 22.2993804074 -2.7913207394 127.2586427348 -205.0586261986 153.6307570378
405.5213489902 -419.3992304544 418.1061939357 -336.0053997064 187.6644058855 -61.1074058760 -4.3911462414 82.4919297343 -247.4236517481 428.8159200979 -466.1942305168 318.4867375045 -125.6108802749 16.9165827640 43.2630739857 -127.7082794585 153.6065973585 20.4360977340 -320.7514213734 465.1377034366 -315.9668004666 81.9840657462 -44.0927181609 179.5291781653 -221.1192110442 54.3861388738 121.1309007393 -72.2830247065 -160.6214560871 328.9311434414 -279.0726040030 103.3917459735 -10.5832595061 103.3917459735 -279.0726040030 328.9311434414 -160.6214560871 -72.2830247065 121.1309007393 54.3861388738 -221.1192110442 179.5291781653 -44.0927181609 81.9840657462 -315.9668004666 465.1377034366 -320.7514213734 20.4360977340 153.6065973585 -127.7082794585 43.2630739857 16.9165827640 -125.6108802749 318.4867375045 -466.1942305168 428.8159200979 -247.4236517481 82.4919297343 -4.3911462414 -61.1074058760 187.6644058855 -336.0053997064 418.1061939357 -419.3992304544
101.3466329701 -115.8676947705 110.4060023829 -43.2438560837 -7.0405877010 -46.0894274448 138.5901924949 -135.8340803336 28.6013971439 76.7641365901 -132.5407262245 173.5104948605 -176.5643210320 56.8943490916 155.7808735849 -283.1669234132 215.2141835205 -44.8828883542 -90.2469136838 178.4585341685 -239.0339947907 182.8646849503 54.1175063435 -299.4293781557 274.8683370603 29.6749642984 -284.3623175788 205.2081994619 102.9303698112 -285.2959973961 150.0985147792 146.7486183338 -295.6111367979 146.7486183338 150.0985147792 -285.2959973961 102.9303698112 205.2081994619 -284.3623175788 29.6749642984 274.8683370603 -299.4293781557 54.1175063435 182.8646849503 -239.0339947907 178.4585341685 -90.2469136838 -44.8828883542 215.2141835205 -283.1669234132 155.7808735849 56.8943490916 -176.5643210320 173.5104948605 -132.5407262245 76.7641365901 28.6013971439 -135.8340803336 138.5901924949 -46.0894274448 -7.0405877010 -43.2438560837 110.4060023829 -115.8676947705
-357.8254593562 423.2056270780 -472.4784363042 324.6296403276 -95.6283057617 25.1205264593 -81.6716929881 10.6804901041 250.2049370036 -466.2167371036 459.3052708460 -329.8278471493 227.4938953865 -112.0554818741 -96.3465189748 278.3395134368 -228.1249161900 -52.4442104743 340.8734980927 -456.0021040895 398.3920669206 -249.5710355615 78.6132034522 34.7257056625 -20.2993968003 -84.4979265090 149.9100711034 -115.3014250180 60.5999274907 -78.6871758181 154.7400057660 -217.9883614577 238.4398452442 -217.9883614577 154.7400057660 -78.6871758181 60.5999274907 -115.3014250180 149.9100711034 -84.4979265090 -20.2993968003 34.7257056625 78.6132034522 -249.5710355615 398.3920669206 -456.0021040895 340.8734980927 -52.4442104743 -228.1249161900 278.3395134368 -96.3465189748 -112.0554818741 227.4938953865 -329.8278471493 459.3052708460 -466.2167371036 250.2049370036 10.6804901041 -81.6716929881 25.1205264593 -95.6283057617 324.6296403276 -472.4784363042 423.2056270780
-213.4487875315 88.5721602464 91.8991687412 -58.3306603504 -109.4591504697 133.1930097305 6.0959554807 -61.3144588953 -48.8351158343 102.3024451191 47.9224336914 -214.1358015289 156.0842805143 56.9059666951 -165.8050817889 99.3217835043 -21.0058323158 33.1195115485 -37.8217421394 -62.1771855238 179.7337360526 -153.9141179450 -28.6720356514 202.1688496125 -193.3462504768 -2.1268904340 198.5641408972 -185.1291831465 -43.6527100779 240.2031296579 -163.3983689764 -116.2274987992 271.9798132554 -116.2274987992 -163.3983689764 240.2031296579 -43.6527100779 -185.1291831465 198.5641408972 -2.1268904340 -193.3462504768 202.1688496125 -28.6720356514 -153.9141179450 179.7337360526 -62.1771855238 -37.8217421394 33.1195115485 -21.0058323158 99.3217835043 -165.8050817889 56.9059666951 156.0842805143 -214.1358015289 47.9224336914 102.3024451191 -48.8351158343 -61.3144588953 6.0959554807 133.1930097305 -109.4591504697 -58.3306603504 91.8991687412 88.5721602464
580.8629549011 -469.4187460715 275.2963012908 -205.1304996892 231.5885884239 -173.7692318232 0.4210634511 142.4268879492 -195.1902157417 275.2016150090 -439.3491551491 525.3022153413 -357.7566210561 16.1171967421 239.8497085471 -266.7634882958 136.5100052720 37.7367215625 -232.5533160205 430.4394641094 -519.8716334026 384.6869528722 -76.0942102986 -177.6110015846 169.5643951825 77.0598925429 -310.5993855044 289.7253744493 -43.3303581516 -136.6820874619 11.1868859248 314.3629498660 -487.5754914716 314.3629498660 11.1868859248 -136.6820874619 -43.3303581516 289.7253744493 -310.5993855044 77.0598925429 169.5643951825 -177.6110015846 -76.0942102986 384.6869528722 -519.8716334026 430.4394641094 -232.5533160205 37.7367215625 136.5100052720 -266.7634882958 239.8497085471 16.1171967421 -357.7566210561 525.3022153413 -439.3491551491 275.2016150090 -195.1902157417 142.4268879492 0.4210634511 -173.7692318232 231.5885884239 -205.1304996892 275.2963012908 -469.4187460715
0.0000000000 0.0000000000 0.0000000000 0.0000000000 0.0000000000 0.0000000000 -0.0000000000 0.0000000000 0.0000000000 -0.0000000000 0.0000000000 0.0000000000 0.0000000000 0.0000000000 0.0000000000 0.0000000000 0.0000000000 -0.0000000000 0.0000000000 -0.0000000000 0.0000000000 0.0000000000 0.0000000000 -0.0000000000 0.0000000000 -0.0000000000 0.0000000000 0.0000000000 0.0000000000 0.0000000000 -0.0000000000 -0.0000000000 0.0000000000 -0.0000000000 -0.0000000000 0.0000000000 0.0000000000 0.0000000000 0.0000000000 0.0000000000 0.0000000000 0.0000000000 -0.0000000000 -0.0000000000 0.0000000000 -0.0000000000 -0.0000000000 0.0000000000 0.0000000000 0.0000000000 -0.0000000000 0.0000000000 0.0000000000 -0.0000000000 -0.0000000000 -0.0000000000 0.0000000000 -0.0000000000 -0.0000000000 -0.0000000000 0.0000000000 -0.0000000000 0.0000000000 0.0000000000
-580.8629549011 469.4187460715 -275.2963012908 205.1304996892 -231.5885884239 173.7692318232 -0.4210634511 -142.4268879492 195.1902157417 -275.2016150090 439.3491551491 -525.3022153413 357.7566210561 -16.1171967421 -239.8497085471 266.7634882958 -136.5100052720 -37.7367215625 232.5533160205 -430.4394641094 519.8716334026 -384.6869528722 76.0942102986 177.6110015846 -169.5643951825 -77.0598925429 310.5993855044 -289.7253744493 43.3303581516 136.6820874619 -11.1868859248 -314.3629498660 487.5754914716 -314.3629498660 -11.1868859248 136.6820874619 43.3303581516 -289.7253744493 310.5993855044 -77.0598925429 -169.5643951825 177.6110015846 76.0942102986 -384.6869528722 519.8716334026 -430.4394641094 232.5533160205 -37.7367215625 -136.5100052720 266.7634882958 -239.8497085471 -16.1171967421 357.7566210561 -525.3022153413 439.3491551491 -275.2016150090 195.1902157417 -142.4268879492 -0.4210634511 173.7692318232 -231.5885884239 205.1304996892 -275.2963012908 469.4187460715
213.4487875315 -88.5721602464 -91.8991687412 58.3306603504 109.4591504697 -133.1930097305 -6.0959554807 61.3144588953 48.8351158343 -102.3024451191 -47.9224336914 214.1358015289 -156.0842805143 -56.9059666951 165.8050817889 -99.3217835043 21.0058323158 -33.1195115485 37.8217421394 62.1771855238 -179.7337360526 153.9141179450 28.6720356514 -202.1688496125 193.3462504768 2.1268904340 -198.5641408972 185.1291831465 43.6527100779 -240.2031296579 163.3983689764 116.2274987992 -271.9798132554 116.2274987992 163.3983689764 -240.2031296579 43.6527100779 185.1291831465 -198.5641408972 2.1268904340 193.3462504768 -202.1688496125 28.6720356514 153.9141179450 -179.7337360526 62.1771855238 37.8217421394 -33.1195115485 21.0058323158 -99.3217835043 165.8050817889 -56.9059666951 -156.0842805143 214.1358015289 -47.9224336914 -102.3024451191 48.8351158343 61.3144588953 -6.0959554807 -133.1930097305 109.4591504697 58.3306603504 -91.8991687412 -88.5721602464
357.8254593562 -423.2056270780 472.4784363042 -324.6296403276 95.6283057617 -25.1205264593 81.6716929881 -10.6804901041 -250.2049370036 466.2167371036 -459.3052708460 329.8278471493 -227.4938953865 112.0554818741 96.3465189748 -278.3395134368 228.1249161900 52.4442104743 -340.8734980927 456.0021040895 -398.3920669206 249.5710355615 -78.6132034522 -34.7257056625 20.2993968003 84.4979265090 -149.9100711034 115.3014250180 -60.5999274907 78.6871758181 -154.7400057660 217.9883614577 -238.4398452442 217.9883614577 -154.7400057660 78.6871758181 -60.5999274907 115.3014250180 -149.9100711034 84.4979265090 20.2993968003 -34.7257056625 -78.6132034522 249.5710355615 -398.3920669206 456.0021040895 -340.8734980927 52.4442104743 228.1249161900 -278.3395134368 96.3465189748 112.0554818741 -227.4938953865 329.8278471493 -459.3052708460 466.2167371036 -250.2049370036 -10.6804901041 81.6716929881 -25.1205264593 95.6283057617 -324.6296403276 472.4784363042 -423.2056270780
-101.3466329701 115.8676947705 -110.4060023829 43.2438560837 7.0405877010 46.0894274448 -138.5901924949 135.8340803336 -28.6013971439 -76.7641365901 132.5407262245 -173.5104948605 176.5643210320 -56.8943490916 -155.7808735849 283.1669234132 -215.2141835205 44.8828883542 90.2469136838 -178.4585341685 239.0339947907 -182.8646849503 -54.1175063435 299.4293781557 -274.8683370603 -29.6749642984 284.3623175788 -205.2081994619 -102.9303698112 285.2959973961 -150.0985147792 -146.7486183338 295.6111367979 -146.7486183338 -150.0985147792 285.2959973961 -102.9303698112 -205.2081994619 284.3623175788 -29.6749642984 -274.8683370603 299.4293781557 -54.1175063435 -182.8646849503 239.0339947907 -178.4585341685 90.2469136838 44.8828883542 -215.2141835205 283.1669234132 -155.7808735849 -56.8943490916 176.5643210320 -173.5104948605 132.5407262245 -76.7641365901 -28.6013971439 135.8340803336 -138.5901924949 46.0894274448 7.0405877010 43.2438560837 -110.4060023829 115.8676947705
-405.5213489902 419.3992304544 -418.1061939357 336.0053997064 -187.6644058855 61.1074058760 4.3911462414 -82.4919297343 247.4236517481 -428.8159200979 466.1942305168 -318.4867375045 125.6108802749 -16.9165827640 -43.2630739857 127.7082794585 -153.6065973585 -20.4360977340 320.7514213734 -465.1377034366 315.9668004666 -81.9840657462 44.0927181609 -179.5291781653 221.1192110442 -54.3861388738 -121.1309007393 72.2830247065 160.6214560871 -328.9311434414 279.0726040030 -103.3917459735 10.5832595061 -103.3917459735 279.0726040030 -328.9311434414 160.6214560871 72.2830247065 -121.1309007393 -54.3861388738 221.1192110442 -179.5291781653 44.0927181609 -81.9840657462 315.9668004666 -465.1377034366 320.7514213734 -20.4360977340 -153.6065973585 127.7082794585 -43.2630739857 -16.9165827640 125.6108802749 -318.4867375045 466.1942305168 -428.8159200979 247.4236517481 -82.4919297343 4.3911462414 61.1074058760 -187.6644058855 336.0053997064 -418.1061939357 419.3992304544
102.4271516028 -153.6307570378 205.0586261986 -127.2586427348 2.7913207394 -22.2993804074 178.8829862450 -241.5034024222 71.7861678660 179.9046400919 -282.1982588824 212.9974003104 -115.5572167631 38.4395803967 107.0555099320 -316.9326399494 391.2955234879 -170.7563232552 -208.5487982179 422.3406213354 -307.7598050578 13.5875271949 198.8015273231 -213.5195734282 95.8033045718 35.8749393671 -99.1029307431 61.0794279562 44.2604515163 -112.9681720873 57.7916136205 79.1642037179 -152.1860933722 79.1642037179 57.7916136205 -112.9681720873 44.2604515163 61.0794279562 -99.1029307431 35.8749393671 95.8033045718 -213.5195734282 198.8015273231 13.5875271949 -307.7598050578 422.3406213354 -208.5487982179 -170.7563232552 391.2955234879 -316.9326399494 107.0555099320 38.4395803967 -115.5572167631 212.9974003104 -282.1982588824 179.9046400919 71.7861678660 -241.5034024222 178.8829862450 -22.2993804074 2.7913207394 -127.2586427348 205.0586261986 -153.6307570378
509.4453194221 -428.7705696140 305.5902137732 -293.5458371544 314.9680170537 -182.5198845455 -88.6158381261 289.6714864691 -324.4239367839 311.0817449585 -340.7271232950 319.2070756966 -150.4387435255 -62.0399478460 133.3411021249 -38.9457114317 -90.6008336076 166.4228310223 -203.5181239964 214.2657306617 -180.1866680157 141.8978528363 -182.2698507472 269.5238725145 -237.8982881312 18.5597618885 194.2999716657 -137.4438021701 -176.6903268436 429.0379187671 -353.5799732317 54.5567216123 110.1369966204 54.5567216123 -353.5799732317 429.0379187671 -176.6903268436 -137.4438021701 194.2999716657 18.5597618885 -237.8982881312 269.5238725145 -182.2698507472 141.8978528363 -180.1866680157 214.2657306617 -203.5181239964 166.4228310223 -90.6008336076 -38.9457114317 133.3411021249 -62.0399478460 -150.4387435255 319.2070756966 -340.7271232950 311.0817449585 -324.4239367839 289.6714864691 -88.6158381261 -182.5198845455 314.9680170537 -293.5458371544 305.5902137732 -428.7705696140
-268.9717882378 211.1566160166 -123.2776932761 120.9780820667 -172.1964400422 179.3630974188 -147.0840516513 126.4890563362 -65.4142135624 -115.0259646823 324.2734473192 -359.9924228790 175.4611595534 68.4076230721 -238.0613664499 339.8151302296 -351.8650070512 156.1821970313 220.3160445069 -469.3826227265 324.2158972317 58.5820466493 -259.4001008523 124.9976376289 73.1787155502 -51.6989623428 -115.0524969758 156.8661166583 -1.9213089639 -153.1162927748 126.2088734442 30.5333501679 -118.1005050634 30.5333501679 126.2088734442 -153.1162927748 -1.9213089639 156.8661166583 -115.0524969758 -51.6989623428 73.1787155502 124.9976376289 -259.4001008523 58.5820466493 324.2158972317 -469.3826227265 220.3160445069 156.1821970313 -351.8650070512 339.8151302296 -238.0613664499 68.4076230721 175.4611595534 -359.9924228790 324.2734473192 -115.0259646823 -65.4142135624 126.4890563362 -147.0840516513 179.3630974188 -172.1964400422 120.9780820667 -123.2776932761 211.1566160166
-428.6979969405 425.0130310098 -400.6760332755 346.0747849422 -268.7723446969 143.4257127011 73.5843218395 -326.0312383241 449.1670952184 -367.6157972961 214.0908538795 -140.0848890276 100.9023572110 13.4833315204 -113.0078461204 2.3305712685 259.5986709843 -349.7868037740 131.4285733876 105.3360832897 -25.0350060508 -288.1219706456 457.1194454738 -313.1460623691 48.6941043551 96.5571667097 -82.0501609652 -23.0716166506 167.6070074816 -277.5780640166 253.1981175450 -114.1587828660 31.7487714634 -114.1587828660 253.1981175450 -277.5780640166 167.6070074816 -23.0716166506 -82.0501609652 96.5571667097 48.6941043551 -313.1460623691 457.1194454738 -288.1219706456 -25.0350060508 105.3360832897 131.4285733876 -349.7868037740 259.5986709843 2.3305712685 -113.0078461204 13.4833315204 100.9023572110 -140.0848890276 214.0908538795 -367.6157972961 449.1670952184 -326.0312383241 73.5843218395 143.4257127011 -268.7723446969 346.0747849422 -400.6760332755 425.0130310098
312.8207689977 -267.7394194021 186.1406933348 -168.4098595034 237.5492168111 -292.9436710856 224.9202874263 -58.8573861545 -84.2219055863 165.7444299347 -257.0764120817 349.1375988719 -273.7668595285 -56.6187515926 423.5676485296 -494.0464654674 220.5493600278 111.8407959265 -248.1118135086 207.7856678619 -129.7993636989 57.8569335365 15.1722490272 -44.5233453298 21.8712644363 -50.0197606569 167.3078851644 -200.2978580999 -3.2804016123 261.5041932276 -233.9747471976 -76.3046834556 265.2681906925 -76.3046834556 -233.9747471976 261.5041932276 -3.2804016123 -200.2978580999 167.3078851644 -50.0197606569 21.8712644363 -44.5233453298 15.1722490272 57.8569335365 -129.7993636989 207.7856678619 -248.1118135086 111.8407959265 220.5493600278 -494.0464654674 423.5676485296 -56.6187515926 -273.7668595285 349.1375988719 -257.0764120817 165.7444299347 -84.2219055863 -58.8573861545 224.9202874263 -292.9436710856 237.5492168111 -168.4098595034 186.1406933348 -267.7394194021
360.7498171879 -403.2356584788 466.1241376781 -431.8926934106 263.8418612354 -34.7836375861 -168.7796506583 322.1560160208 -419.6029476861 409.7781286926 -248.1221431031 8.1893754663 136.8316780632 -80.8445427632 -108.6220856295 274.0542917909 -309.9743593971 202.5060628603 -11.5694568101 -120.4815668393 30.0718061754 269.5858161298 -496.9944592903 374.3238177015 -5.0130688281 -196.9546918874 27.7618397875 235.8129881627 -234.1250380403 34.5561245113 0.0562669529 217.5212717751 -365.1007823783 217.5212717751 0.0562669529 34.5561245113 -234.1250380403 235.8129881627 27.7618397875 -196.9546918874 -5.0130688281 374.3238177015 -496.9944592903 269.5858161298 30.0718061754 -120.4815668393 -11.5694568101 202.5060628603 -309.9743593971 274.0542917909 -108.6220856295 -80.8445427632 136.8316780632 8.1893754663 -248.1221431031 409.7781286926 -419.6029476861 322.1560160208 -168.7796506583 -34.7836375861 263.8418612354 -431.8926934106 466.1241376781 -403.2356584788
-262.8856122772 277.0173823376 -302.7103398305 318.4382713609 -324.6187348995 310.6099652289 -230.6120401928 60.2202763271 144.8906057377 -294.3552211786 347.1137457292 -299.9133629162 128.3123960645 161.1837524923 -417.6223972805 415.0545031879 -120.7870064387 -193.3733971490 233.2348835415 -41.8323090233 -60.9254396962 -87.0357453771 264.9085715738 -172.2836451525 -150.4013965687 359.3136629046 -243.3408449300 -32.8788097376 173.1946525602 -109.5243628316 6.9209587746 13.5739647559 -0.6594664709 13.5739647559 6.9209587746 -109.5243628316 173.1946525602 -32.8788097376 -243.3408449300 359.3136629046 -150.4013965687 -172.2836451525 264.9085715738 -87.0357453771 -60.9254396962 -41.8323090233 233.2348835415 -193.3733971490 -120.7870064387 415.0545031879 -417.6223972805 161.1837524923 128.3123960645 -299.9133629162 347.1137457292 -294.3552211786 144.8906057377 60.2202763271 -230.6120401928 310.6099652289 -324.6187348995 318.4382713609 -302.7103398305 277.0173823376
-427.5962297387 447.3193725581 -477.2931779966 437.7912796455 -259.1920190638 -20.8763555858 266.6067042883 -387.9050805726 411.1433136889 -362.7165220537 188.5993360755 96.1287210633 -268.5787816287 100.4006268641 298.9174836147 -527.0821433654 351.2952927254 13.8528439862 -185.1848801653 51.2222125519 184.4098666409 -306.0188964926 279.3614350975 -181.1598589482 89.2579542009 -59.3515985190 96.4460908848 -124.3627589229 73.7997737780 -10.5957488269 70.3811345406 -242.3143460609 338.9936817344 -242.3143460609 70.3811345406 -10.5957488269 73.7997737780 -124.3627589229 96.4460908848 -59.3515985190 89.2579542009 -181.1598589482 279.3614350975 -306.0188964926 184.4098666409 51.2222125519 -185.1848801653 13.8528439862 351.2952927254 -527.0821433654 298.9174836147 100.4006268641 -268.5787816287 96.1287210633 188.5993360755 -362.7165220537 411.1433136889 -387.9050805726 266.6067042883 -20.8763555858 -259.1920190638 437.7912796455 -477.2931779966 447.3193725581
297.0034762255 -325.8497285899 403.8908422458 -478.6247092802 463.0859740118 -336.7721682495 174.5576592345 -19.6487834360 -178.2166594663 407.3976733227 -483.5207119076 252.4359688191 144.5499662495 -378.1978794213 306.0782956378 -94.5803569513 -38.7543734110 48.5762707590 -2.6364744552 -31.3930904848 -19.4177313229 185.3956704769 -318.1579497607 181.1459216248 194.4516135468 -424.7582572834 239.9511880097 114.3118258863 -198.1403659815 -3.8020450194 106.5901222265 50.8577453651 -178.6143810164 50.8577453651 106.5901222265 -3.8020450194 -198.1403659815 114.3118258863 239.9511880097 -424.7582572834 194.4516135468 181.1459216248 -318.1579497607 185.3956704769 -19.4177313229 -31.3930904848 -2.6364744552 48.5762707590 -38.7543734110 -94.5803569513 306.0782956378 -378.1978794213 144.5499662495 252.4359688191 -483.5207119076 407.3976733227 -178.2166594663 -19.6487834360 174.5576592345 -336.7721682495 463.0859740118 -478.6247092802 403.8908422458 -325.8497285899
481.7741697271 -503.8798183813 502.6805136887 -385.4336464137 172.3789420656 59.7869751917 -285.7585307703 474.2148984412 -502.6203744425 279.6659864338 68.6839374102 -269.0941238216 171.9171459113 126.3145700150 -405.3014173021 476.6859958380 -276.4907541467 -51.2541961414 198.5959522028 -1.9892653951 -298.8181782546 318.5825577304 -64.9812821298 -45.3177406184 -188.7550023765 413.1509744889 -244.3239428391 -119.5026408069 178.4169914656 115.4310372036 -318.3640619892 210.1760996930 -91.3693736288 210.1760996930 -318.3640619892 115.4310372036 178.4169914656 -119.5026408069 -244.3239428391 413.1509744889 -188.7550023765 -45.3177406184 -64.9812821298 318.5825577304 -298.8181782546 -1.9892653951 198.5959522028 -51.2541961414 -276.4907541467 476.6859958380 -405.3014173021 126.3145700150 171.9171459113 -269.0941238216 68.6839374102 279.6659864338 -502.6203744425 474.2148984412 -285.7585307703 59.7869751917 172.3789420656 -385.4336464137 502.6805136887 -503.8798183813
-290.0000000000 385.7036586506 -558.2238392852 621.1868060372 -541.0819100366 399.1310100401 -209.6615118431 -74.7316023393 392.9848480983 -549.1325566937 403.8293826506 -34.5727818745 -311.0592630416 396.3726686075 -178.3910107436 -119.7552696910 178.0000000000 67.1409948594 -289.0642987867 144.4178290151 252.0441111399 -435.4205498191 202.1683484452 131.4443479331 -200.9848480983 78.4729640488 -58.3665230560 150.3366098399 -111.9029380617 -84.5702074041 175.7094526187 -52.0239212100 -50.0000000000 -52.0239212100 175.7094526187 -84.5702074041 -111.9029380617 150.3366098399 -58.3665230560 78.4729640488 -200.9848480983 131.4443479331 202.1683484452 -435.4205498191 252.0441111399 144.4178290151 -289.0642987867 67.1409948594 178.0000000000 -119.7552696910 -178.3910107436 396.3726686075 -311.0592630416 -34.5727818745 403.8293826506 -549.1325566937 392.9848480983 -74.7316023393 -209.6615118431 399.1310100401 -541.0819100366 621.1868060372 -558.2238392852 385.7036586506
-708.2953422771 624.6385254358 -449.5091855712 292.3558683030 -133.3424745396 -117.4946371122 421.9802856994 -580.7095211732 435.3370922309 -60.2140544733 -271.5825197437 304.4678670231 -11.0548283595 -365.9371111943 505.3250257856 -310.1494379727 16.9817415268 62.9302627149 96.0853222594 -227.5209743477 141.5284116220 26.1413345224 -19.4831868768 -181.8420620733 348.2598220810 -307.8121886576 130.6132142151 8.4329488373 -30.4124466997 -33.6097336302 133.6351168950 -227.8052315274 267.8288518788 -227.8052315274 133.6351168950 -33.6097336302 -30.4124466997 8.4329488373 130.6132142151 -307.8121886576 348.2598220810 -181.8420620733 -19.4831868768 26.1413345224 141.5284116220 -227.5209743477 96.0853222594 62.9302627149 16.9817415268 -310.1494379727 505.3250257856 -365.9371111943 -11.0548283595 304.4678670231 -271.5825197437 -60.2140544733 435.3370922309 -580.7095211732 421.9802856994 -117.4946371122 -133.3424745396 292.3558683030 -449.5091855712 624.6385254358
527.5328868620 -553.6375723734 625.6853938779 -707.3457690157 711.6676724582 -535.2463301335 152.2466698534 311.0242433566 -616.6281057754 574.5480830417 -206.3968863238 -232.0245463153 422.6729784076 -246.6008344064 -89.3239491804 227.5606925422 -25.2760126367 -269.4342402411 283.3648133213 34.3901726854 -335.6812617388 301.2354352807 -33.0837923171 -115.5848096632 32.4309821365 39.1574034775 90.2573508687 -251.6155442272 179.8756685085 67.7663280991 -189.1277667943 88.5636212813 1.5869370297 88.5636212813 -189.1277667943 67.7663280991 179.8756685085 -251.6155442272 90.2573508687 39.1574034775 32.4309821365 -115.5848096632 -33.0837923171 301.2354352807 -335.6812617388 34.3901726854 283.3648133213 -269.4342402411 -25.2760126367 227.5606925422 -89.3239491804 -246.6008344064 422.6729784076 -232.0245463153 -206.3968863238 574.5480830417 -616.6281057754 311.0242433566 152.2466698534 -535.2463301335 711.6676724582 -707.3457690157 625.6853938779 -553.6375723734
783.1571813205 -698.5990984003 499.5900060541 -263.0014731398 -14.1271176473 337.0513570871 -580.5311894826 551.7511303142 -214.3604962883 -207.4197320421 386.2411719455 -169.2673985970 -264.5808408988 527.1599090327 -384.0580024870 31.4235271342 93.9732918679 147.1047417160 -387.4062892402 239.9748995211 136.7639704226 -233.1144343793 -87.7719747600 397.7577121583 -338.1215786027 109.2141413395 -82.1058136995 198.7399903027 -136.1621116381 -78.3227315297 69.5602150712 242.5112126795 -442.8911689483 242.5112126795 69.5602150712 -78.3227315297 -136.1621116381 198.7399903027 -82.1058136995 109.2141413395 -338.1215786027 397.7577121583 -87.7719747600 -233.1144343793 136.7639704226 239.9748995211 -387.4062892402 147.1047417160 93.9732918679 31.4235271342 -384.0580024870 527.1599090327 -264.5808408988 -169.2673985970 386.2411719455 -207.4197320421 -214.3604962883 551.7511303142 -580.5311894826 337.0513570871 -14.1271176473 -263.0014731398 499.5900060541 -698.5990984003
-740.8720448023 728.1571277981 -757.8491955187 871.0586615586 -890.7405557510 581.2683436926 25.2450836192 -590.7002820228 762.2673728219 -453.2814407785 -95.1129535725 459.2653257089 -351.4309236060 -70.4433250127 303.8131350891 -73.5068353891 -296.8702675593 302.9276996951 44.0585221866 -257.9216061182 110.3468839499 67.4363398609 36.8211067813 -214.4332127940 114.2605083146 160.4417894478 -234.3908729843 81.2457029488 -18.5842470141 119.4473322974 -88.8469760853 -178.4373199235 349.8502015209 -178.4373199235 -88.8469760853 119.4473322974 -18.5842470141 81.2457029488 -234.3908729843 160.4417894478 114.2605083146 -214.4332127940 36.8211067813 67.4363398609 110.3468839499 -257.9216061182 44.0585221866 302.9276996951 -296.8702675593 -73.5068353891 303.8131350891 -70.4433250127 -351.4309236060 459.2653257089 -95.1129535725 -453.2814407785 762.2673728219 -590.7002820228 25.2450836192 581.2683436926 -890.7405557510 871.0586615586 -757.8491955187 728.1571277981
-874.0081355543 843.0829501554 -656.3325015344 217.4494711931 327.4312280253 -683.5184857816 677.5702916093 -342.9436342167 -138.7891298020 460.9996977475 -332.4918370622 -179.0755337059 566.4592337977 -421.6582991426 -10.6747393295 127.7836274499 201.2012022454 -468.9998882047 285.9627095026 82.3919816493 -167.8766293805 -30.0793104826 169.3273011273 -150.0033405541 171.7085575731 -284.2184733697 284.7006715555 -108.2606743013 -24.8689307071 -35.7268742057 151.8014018561 -166.9498096798 143.2036674999 -166.9498096798 151.8014018561 -35.7268742057 -24.8689307071 -108.2606743013 284.7006715555 -284.2184733697 171.7085575731 -150.0033405541 169.3273011273 -30.0793104826 -167.8766293805 82.3919816493 285.9627095026 -468.9998882047 201.2012022454 127.7836274499 -10.6747393295 -421.6582991426 566.4592337977 -179.0755337059 -332.4918370622 460.9996977475 -138.7891298020 -342.9436342167 677.5702916093 -683.5184857816 327.4312280253 217.4494711931 -656.3325015344 843.0829501554
963.5936947560 -1041.2570597226 1169.4490977455 -1160.1493469272 910.6665489812 -403.9383701218 -274.8640722677 808.3324683249 -770.2531049103 138.1747115527 477.2001652375 -449.6706096064 -73.7672495254 357.4824130959 -67.4029501060 -322.9493472435 269.6967050120 85.0871356116 -216.4411685118 15.1743708974 136.0096675988 -3.6839499107 -190.0582376347 174.7404308431 -14.5388442994 -77.9144319137 80.3661256709 -112.9159178672 180.7149279792 -158.7107767695 -5.3973860031 206.4951314959 -294.9478481672 206.4951314959 -5.3973860031 -158.7107767695 180.7149279792 -112.9159178672 80.3661256709 -77.9144319137 -14.5388442994 174.7404308431 -190.0582376347 -3.6839499107 136.0096675988 15.1743708974 -216.4411685118 85.0871356116 269.6967050120 -322.9493472435 -67.4029501060 357.4824130959 -73.7672495254 -449.6706096064 477.2001652375 138.1747115527 -770.2531049103 808.3324683249 -274.8640722677 -403.9383701218 910.6665489812 -1160.1493469272 1169.4490977455 -1041.2570597226
1118.7984196888 -987.2160104172 610.2683010852 -29.2715258373 -626.2741862562 1018.4513143485 -769.9660544613 -37.3205710118 703.0785481943 -573.3959266906 -159.6837255832 643.9543680314 -414.1236617606 -74.4401848354 134.0671361098 239.9572702802 -477.0450594100 287.4672944858 9.1157212718 -45.4161450212 -86.8484956969 95.0538467351 12.3929667854 18.8451147615 -233.8692549669 370.6858311333 -256.1397789795 61.0592279893 -36.4931872860 155.6310070678 -192.0376001645 79.9211568531 0.3861068033 79.9211568531 -192.0376001645 155.6310070678 -36.4931872860 61.0592279893 -256.1397789795 370.6858311333 -233.8692549669 18.8451147615 12.3929667854 95.0538467351 -86.8484956969 -45.4161450212 9.1157212718 287.4672944858 -477.0450594100 239.9572702802 134.0671361098 -74.4401848354 -414.1236617606 643.9543680314 -159.6837255832 -573.3959266906 703.0785481943 -37.3205710118 -769.9660544613 1018.4513143485 -626.2741862562 -29.2715258373 610.2683010852 -987.2160104172
-1396.9717882378 1479.2509073041 -1625.6205620644 1551.1554059359 -967.5450493944 -37.8757558520 863.1463816965 -890.7729057483 201.1787155502 425.2983022624 -371.1936868556 -120.5872663488 330.9172458487 -22.4478796576 -319.0497324809 231.2721983869 100.1349929488 -193.4804103502 -11.4611364738 144.6853854520 -21.0349948548 -124.4026560299 82.0714248105 2.0559315400 62.5857864376 -140.2201078818 -4.8382614263 267.8668442976 -312.7778938206 76.0549825881 150.8682288590 -175.6982880282 137.8994949366 -175.6982880282 150.8682288590 76.0549825881 -312.7778938206 267.8668442976 -4.8382614263 -140.2201078818 62.5857864376 2.0559315400 82.0714248105 -124.4026560299 -21.0349948548 144.6853854520 -11.4611364738 -193.4804103502 100.1349929488 231.2721983869 -319.0497324809 -22.4478796576 330.9172458487 -120.5872663488 -371.1936868556 425.2983022624 201.1787155502 -890.7729057483 863.1463816965 -37.8757558520 -967.5450493944 1551.1554059359 -1625.6205620644 1479.2509073041
-1556.8796961589 1302.8681310395 -559.1303833586 -477.1741981918 1268.1953746769 -1210.3762764328 284.6448835650 695.7778061308 -813.2577228308 75.2742376868 586.2235916641 -476.8108779476 -37.6330392287 156.2717472376 221.0559540894 -478.1687718017 281.5826707932 -8.2705156615 46.6749967184 -201.4700632138 118.5386754818 88.5017732964 -64.7992901447 -167.2701507030 270.6859742682 -171.5908479124 131.7358091229 -245.5187872125 284.6365571065 -133.0265310307 -0.6091578140 -40.6094829682 102.9755233096 -40.6094829682 -0.6091578140 -133.0265310307 284.6365571065 -245.5187872125 131.7358091229 -171.5908479124 270.6859742682 -167.2701507030 -64.7992901447 88.5017732964 118.5386754818 -201.4700632138 46.6749967184 -8.2705156615 281.5826707932 -478.1687718017 221.0559540894 156.2717472376 -37.6330392287 -476.8108779476 586.2235916641 75.2742376868 -813.2577228308 695.7778061308 284.6448835650 -1210.3762764328 1268.1953746769 -477.1741981918 -559.1303833586 1302.8681310395
2388.1870790844 -2482.9946552085 2499.8441220607 -1894.4438780098 521.3795794434 875.2930111017 -1211.5620290105 345.6717791406 582.4698307427 -501.4172101782 -254.3842355123 529.5607557163 -13.9373612209 -450.5023218640 242.2434456451 189.9577628715 -187.2526577449 -103.3249108556 135.2962179317 85.4476145096 -118.3531241672 -82.0542139652 117.4472429906 119.0875208033 -255.2829943972 74.1552957339 165.9844218126 -201.4501071104 126.7848545739 -93.4873583121 19.3410827300 162.0803783309 -271.3827962482 162.0803783309 19.3410827300 -93.4873583121 126.7848545739 -201.4501071103 165.9844218126 74.1552957339 -255.2829943972 119.0875208033 117.4472429906 -82.0542139652 -118.3531241672 85.4476145096 135.2962179317 -103.3249108556 -187.2526577449 189.9577628715 242.2434456451 -450.5023218640 -13.9373612209 529.5607557163 -254.3842355123 -501.4172101782 582.4698307427 345.6717791406 -1211.5620290105 875.2930111017 521.3795794434 -1894.4438780098 2499.8441220607 -2482.9946552085
2145.1998620718 -1565.9515986920 41.6471504051 1557.9440569586 -1934.4997644952 712.7422554496 792.9394398478 -1006.5052103514 48.8070634295 601.4446023177 -252.1939572273 -244.5580031662 44.4921313539 446.2704385177 -443.4185621396 74.3474149997 -1.1123460737 256.5372731809 -303.0193349336 27.9142289557 115.9791701303 57.4839076019 -195.4886380759 80.2892669776 18.4422575294 130.8950960857 -328.8978109989 326.6654129549 -212.4195580428 159.9852230228 -114.5427938478 -9.5553508728 89.4732163249 -9.5553508728 -114.5427938478 159.9852230228 -212.4195580428 326.6654129549 -328.8978109989 130.8950960857 18.4422575294 80.2892669776 -195.4886380759 57.4839076019 115.9791701303 27.9142289557 -303.0193349336 256.5372731809 -1.1123460737 74.3474149997 -443.4185621396 446.2704385177 44.4921313539 -244.5580031662 -252.1939572273 601.4446023177 48.8070634295 -1006.5052103514 792.9394398478 712.7422554496 -1934.4997644952 1557.9440569586 41.6471504051 -1565.9515986920
-4635.3330654953 4662.5286406058 -3924.6225350635 1615.4858178037 962.5641462790 -1653.7502460075 380.2784983332 778.8923534301 -479.9394922605 -381.6251457934 458.5680195240 95.3013874823 -298.9315173239 16.1048187486 112.3823056045 80.6294059214 -135.2974446412 -86.4119416674 178.7742155650 27.7554582094 -179.3708872793 44.8843087993 128.8954476948 -104.8519271333 18.5084300239 -30.2960320863 21.8057598794 112.9971192256 -206.9249244136 102.9143541303 69.9204684942 -132.5627317318 126.1208047897 -132.5627317318 69.9204684942 102.9143541304 -206.9249244136 112.9971192256 21.8057598794 -30.2960320863 18.5084300239 -104.8519271333 128.8954476948 44.8843087993 -179.3708872793 27.7554582094 178.7742155650 -86.4119416674 -135.2974446412 80.6294059214 112.3823056045 16.1048187486 -298.9315173239 95.3013874823 458.5680195240 -381.6251457934 -479.9394922605 778.8923534301 380.2784983332 -1653.7502460075 962.5641462790 1615.4858178037 -3924.6225350635 4662.5286406058
-3541.7211736396 1436.2722387353 2295.2026163878 -3341.5936574674 1129.3767497313 1110.9834532656 -1051.8406609950 -201.7901981903 564.5563730336 56.2536619186 -358.5168612632 -59.8252328264 426.8752389808 -305.6911724771 115.5177367108 -189.2959183325 276.4260787579 -152.9470368548 22.7870629584 -74.6044306689 150.1963962219 -87.1048788274 2.6380942562 -30.3653120376 93.2168102976 -120.0941795391 201.1700972496 -352.0370805317 387.4238501113 -212.2093386590 5.2309936254 59.6709246326 -50.0436627693 59.6709246326 5.2309936254 -212.2093386590 387.4238501113 -352.0370805317 201.1700972496 -120.0941795391 93.2168102976 -30.3653120376 2.6380942562 -87.1048788274 150.1963962219 -74.6044306689 22.7870629584 -152.9470368548 276.4260787579 -189.2959183325 115.5177367108 -305.6911724771 426.8752389808 -59.8252328264 -358.5168612632 56.2536619186 564.5563730336 -201.7901981903 -1051.8406609950 1110.9834532656 1129.3767497313 -3341.5936574674 2295.2026163878 1436.2722387353
16118.9651998914 -12152.2176660340 3942.2238797734 1680.0299968943 -2012.7139907958 -44.0554455360 863.6515660310 -114.5102526833 -448.2525207081 135.5957699029 222.5411106240 -69.3120745347 -158.9407400427 43.5201678593 158.6205924045 -105.5419126683 -73.2113331269 103.8527031181 -7.7312476397 -48.0878839270 40.9822052181 -23.5532623510 -18.1614165757 76.4712407436 -67.9595187328 -14.0890723543 57.0335068761 -25.9806524712 25.6414794117 -81.9706642828 61.4706100630 80.5518052111 -170.7591592255 80.5518052111 61.4706100630 -81.9706642828 25.6414794117 -25.9806524712 57.0335068761 -14.0890723543 -67.9595187328 76.4712407436 -18.1614165757 -23.5532623510 40.9822052181 -48.0878839270 -7.7312476397 103.8527031181 -73.2113331269 -105.5419126683 158.6205924045 43.5201678593 -158.9407400427 -69.3120745347 222.5411106240 135.5957699029 -448.2525207081 -114.5102526833 863.6515660310 -44.0554455360 -2012.7139907958 1680.0299968943 3942.2238797734 -12152.2176660340
-16344.5331069748 13042.8706065213 -5903.5199195633 249.8702071451 1308.5274621062 -364.5878047325 -368.4439605407 112.1920561925 246.0979696093 -125.4078523504 -127.0269400853 146.7519609742 -100.2661316533 213.3596193070 -352.3338574336 304.7064198258 -133.9058010204 41.3778253114 -74.2664483466 133.5076557421 -144.9693894362 101.5864505366 -25.9228309374 -22.4013010985 -25.7064227867 155.9948077376 -272.6001870050 321.1070800250 -323.7892168148 273.9988987905 -118.8287222986 -99.0408975070 206.6704345455 -99.0408975070 -118.8287222986 273.9988987905 -323.7892168148 321.1070800250 -272.6001870050 155.9948077376 -25.7064227867 -22.4013010985 -25.9228309374 101.5864505366 -144.9693894362 133.5076557421 -74.2664483466 41.3778253114 -133.9058010204 304.7064198258 -352.3338574336 213.3596193070 -100.2661316533 146.7519609742 -127.0269400853 -125.4078523504 246.0979696093 112.1920561925 -368.4439605407 -364.5878047325 1308.5274621062 249.8702071451 -5903.5199195633 13042.8706065213
