103228.0000000000
-74715.6596437158
18987.2969990762
12628.9728246084
-7671.5724714347
-5333.8573768980
4191.9937739675
3299.6156170879
-3040.8439379639
-2046.0611630253
2218.3940506260
1356.1145729534
-1425.3456794556
-1650.6513378841
2119.0035898768
256.0668000357
-906.0000000000
-740.7787922480
1121.7758993555
300.9165558586
-564.4038193074
-742.8867405705
889.3909267492
540.9471539925
-843.1560620361
-670.3188460031
1430.5949955647
-405.1779248890
-178.6780298024
-781.3919522291
1153.5497647841
320.1502529264
-1424.0000000000
320.1502529264
1153.5497647841
-781.3919522291
-178.6780298024
-405.1779248890
1430.5949955647
-670.3188460031
-843.1560620361
540.9471539925
889.3909267492
-742.8867405705
-564.4038193074
300.9165558586
1121.7758993555
-740.7787922480
-906.0000000000
256.0668000357
2119.0035898768
-1650.6513378841
-1425.3456794556
1356.1145729534
2218.3940506260
-2046.0611630253
-3040.8439379639
3299.6156170879
4191.9937739675
-5333.8573768980
-7671.5724714347
12628.9728246084
18987.2969990762
-74715.6596437158
-74721.9819099033
51806.5427898990
-8260.4770124218
-13516.2687159251
5576.5579810222
6041.4492392780
-3657.6116234395
-3487.7910926327
2652.2157406763
2259.9111221247
-2011.7669149097
-1635.1653702630
1662.9649805895
1215.1662646303
-1453.5539032211
-839.8556364462
1192.7103013718
630.0560516855
-968.4974813532
-556.8752969947
842.8554878000
546.2115792833
-830.8192661844
-519.3244267861
915.2883932778
359.8097709338
-899.8574485348
-228.0782143864
816.4351183514
255.7368025531
-929.6808094222
-146.9959479799
1059.3969847520
-146.9959479799
-929.6808094222
255.7368025531
816.4351183514
-228.0782143864
-899.8574485348
359.8097709338
915.2883932778
-519.3244267861
-830.8192661844
546.2115792833
842.8554878000
-556.8752969947
-968.4974813532
630.0560516855
1192.7103013718
-839.8556364461
-1453.5539032211
1215.1662646303
1662.9649805895
-1635.1653702630
-2011.7669149097
2259.9111221247
2652.2157406763
-3487.7910926327
-3657.6116234395
6041.4492392780
5576.5579810222
-13516.2687159251
-8260.4770124218
51806.5427898990
19004.2969990762
-8271.1547462343
-9394.8447246414
11793.3618384437
-81.9260370315
-6819.4791736642
1744.2233575021
3912.5646433764
-1558.2462035575
-2722.9268778805
1472.1756314082
2031.4375580871
-1658.8138162214
-845.4224584426
527.6763537082
1606.6003032024
-1367.0348391911
-698.9678475867
841.2986965009
894.7105558288
-1202.1777368700
-307.8752517902
813.5238365382
359.7961185999
-869.2897015055
-29.8341105202
272.8367869126
920.1981573903
-1519.5479022360
416.9959017465
611.1100620711
-176.0046105564
-394.2245258503
-176.0046105564
611.1100620711
416.9959017465
-1519.5479022360
920.1981573903
272.8367869126
-29.8341105202
-869.2897015055
359.7961185999
813.5238365382
-307.8752517902
-1202.1777368700
894.7105558288
841.2986965009
-698.9678475867
-1367.0348391911
1606.6003032024
527.6763537082
-845.4224584426
-1658.8138162214
2031.4375580871
1472.1756314082
-2722.9268778805
-1558.2462035575
3912.5646433764
1744.2233575021
-6819.4791736642
-81.9260370315
11793.3618384437
-9394.8447246414
-8271.1547462343
12609.1020984057
-13502.7202559099
11790.4911122410
-3326.5444000349
-5322.1465995006
5094.8516659956
1420.8644996609
-3899.5886268116
-48.9631797177
2915.2235649705
-588.2268348512
-2030.4495174258
671.5012849886
1506.1586979483
-560.8794750646
-1404.8806660361
749.4320939944
1182.7598506602
-955.0186593448
-822.4150529668
1015.5004722449
436.3767714596
-888.3313441541
-151.7208631183
572.9164089131
264.2924542677
-597.7439999559
-299.4718666957
857.6838703500
-145.8024743276
-561.0106065213
223.6413340049
199.3385830687
223.6413340049
-561.0106065213
-145.8024743276
857.6838703500
-299.4718666957
-597.7439999559
264.2924542677
572.9164089131
-151.7208631183
-888.3313441541
436.3767714596
1015.5004722449
-822.4150529668
-955.0186593448
1182.7598506602
749.4320939944
-1404.8806660361
-560.8794750646
1506.1586979483
671.5012849886
-2030.4495174258
-588.2268348512
2915.2235649705
-48.9631797177
-3899.5886268116
1420.8644996609
5094.8516659956
-5322.1465995006
-3326.5444000349
11790.4911122410
-13502.7202559099
-7655.5724714347
5566.8802472098
-82.9260370315
-5318.2758732979
5632.9219451332
-465.1073649504
-3900.2371203499
2397.0202781000
1751.8509104955
-2254.2336848154
-726.1159655844
1791.0946312230
557.0512946895
-2163.7158496163
706.2290014051
886.8296393540
-38.0512946895
-1341.5479243944
753.6515428615
625.3334240189
-455.8509104955
-687.5566273211
710.8573141693
277.2318412295
-455.8509104955
-462.2997695308
1005.8965401531
-597.0878364758
237.2813126546
-463.3513631732
492.6447243768
128.7862324403
-563.1322231501
128.7862324403
492.6447243768
-463.3513631732
237.2813126546
-597.0878364758
1005.8965401531
-462.2997695308
-455.8509104955
277.2318412295
710.8573141693
-687.5566273211
-455.8509104955
625.3334240189
753.6515428615
-1341.5479243944
-38.0512946895
886.8296393540
706.2290014051
-2163.7158496163
557.0512946895
1791.0946312230
-726.1159655844
-2254.2336848154
1751.8509104955
2397.0202781000
-3900.2371203499
-465.1073649504
5632.9219451332
-5318.2758732979
-82.9260370315
5566.8802472098
-5348.3612650061
6049.6308611986
-6816.9830617723
5089.4848279010
-463.6112530585
-3600.7772279336
3228.5972172653
576.0203365252
-2670.5301227030
667.8587068857
1939.5651166750
-1334.4951037718
-1049.0205098052
1438.0759495634
241.5320725450
-967.3157341957
-86.6042294258
728.0818092298
65.8035419258
-666.7632081027
5.7679644525
660.9030514107
-167.1168151557
-638.9685851420
540.1340677919
132.2407583656
-381.0199293478
184.2651871517
-162.7033569902
332.2104103751
-170.3219821211
-370.5643594892
681.6084645112
-370.5643594892
-170.3219821211
332.2104103751
-162.7033569902
184.2651871517
-381.0199293478
132.2407583656
540.1340677919
-638.9685851420
-167.1168151557
660.9030514107
5.7679644525
-666.7632081027
65.8035419258
728.0818092298
-86.6042294258
-967.3157341957
241.5320725450
1438.0759495634
-1049.0205098052
-1334.4951037718
1939.5651166750
667.8587068857
-2670.5301227030
576.0203365252
3228.5972172653
-3600.7772279336
-463.6112530585
5089.4848279010
-6816.9830617723
6049.6308611986
4208.9937739675
-3668.2893572520
1744.2233575021
1423.7352258637
-3899.2371203499
3226.1011053734
277.3805815844
-2908.4512981854
1819.7944028717
1142.2667956534
-1962.6482544296
123.2182246160
1080.1874315762
100.5174106946
-1465.6421112814
898.8701958751
307.7105061766
-110.9651109333
-804.2274751843
620.8651031252
333.3298203287
-426.0569444077
-336.5706516877
589.8556135788
-127.0246534560
6.5488286394
-514.0804283001
824.4965575976
-546.0052401064
167.6779897211
-50.4350182035
53.6096600401
-50.5040680495
53.6096600401
-50.4350182035
167.6779897211
-546.0052401064
824.4965575976
-514.0804283001
6.5488286394
-127.0246534560
589.8556135788
-336.5706516877
-426.0569444077
333.3298203287
620.8651031252
-804.2274751843
-110.9651109333
307.7105061766
898.8701958751
-1465.6421112814
100.5174106946
1080.1874315762
123.2182246160
-1962.6482544296
1142.2667956534
1819.7944028717
-2908.4512981854
277.3805815844
3226.1011053734
-3899.2371203499
1423.7352258637
1744.2233575021
-3668.2893572520
3281.7182107017
-3476.2159524340
3911.6672369902
-3901.5619466280
2395.1228717138
579.4138548033
-2909.3487045717
2279.0998876944
570.0286001005
-2098.1553172650
521.3328637948
1599.2467010947
-1104.0120016800
-1041.8796008675
1461.9725222993
235.7382206512
-1148.4655781518
50.3181620746
886.0166517320
-141.5391857558
-718.7031467020
174.3120571958
585.3255304398
-67.7263178217
-803.4895680161
487.5254418627
494.4635645899
-728.3848823851
288.5292463007
-74.8169186894
19.9963670258
341.7737318696
-616.8869932317
341.7737318696
19.9963670258
-74.8169186894
288.5292463007
-728.3848823851
494.4635645899
487.5254418627
-803.4895680161
-67.7263178217
585.3255304398
174.3120571958
-718.7031467020
-141.5391857558
886.0166517320
50.3181620746
-1148.4655781518
235.7382206512
1461.9725222993
-1041.8796008675
-1104.0120016800
1599.2467010947
521.3328637948
-2098.1553172650
570.0286001005
2279.0998876944
-2909.3487045717
579.4138548033
2395.1228717138
-3901.5619466280
3911.6672369902
-3476.2159524340
-3024.8439379639
2642.5380068638
-1559.2462035575
-45.0924535150
1751.8509104955
-2672.0262345949
1818.7944028717
571.9260064868
-2371.1252506185
1505.2451596869
1126.6098073569
-2245.2585117203
557.0512946895
1254.7148566730
-483.0744677288
-1488.3950864088
1532.2813126546
177.0811264835
-747.1485777047
-435.5967223461
953.5113306197
155.9024670342
-812.8467978536
-209.7204274026
1166.0000000000
-616.4902887270
-151.4321617565
-233.7151665279
794.7117148138
-350.3966313720
-231.6560016274
-90.7161006134
496.2813126546
-90.7161006134
-231.6560016274
-350.3966313720
794.7117148138
-233.7151665279
-151.4321617565
-616.4902887270
1166.0000000000
-209.7204274026
-812.8467978536
155.9024670342
953.5113306197
-435.5967223461
-747.1485777047
177.0811264835
1532.2813126546
-1488.3950864088
-483.0744677288
1254.7148566730
557.0512946895
-2245.2585117203
1126.6098073569
1505.2451596869
-2371.1252506185
571.9260064868
1818.7944028717
-2672.0262345949
1751.8509104955
-45.0924535150
-1559.2462035575
2642.5380068638
-2061.5040018465
2269.0316947584
-2721.3697167018
2910.7956775891
-2253.6765236366
668.7976575988
1143.8239568322
-2100.6098848301
1505.8023208657
216.2940672782
-1471.7229863043
902.7046857744
754.9705101824
-1211.7521408997
-236.8752525898
1427.7330603039
-515.1053540064
-1036.9558653002
770.0272917429
711.5970670426
-832.7492724696
-523.2267673006
964.8355294764
98.2678891055
-577.7096258635
-299.5477113882
603.3135859678
559.1680910060
-1245.1904932292
212.0105913037
833.5296291560
-415.4321872011
-160.0550466800
-415.4321872011
833.5296291560
212.0105913037
-1245.1904932292
559.1680910060
603.3135859678
-299.5477113882
-577.7096258635
98.2678891055
964.8355294764
-523.2267673006
-832.7492724696
711.5970670426
770.0272917429
-1036.9558653002
-515.1053540064
1427.7330603039
-236.8752525898
-1211.7521408997
754.9705101824
902.7046857744
-1471.7229863043
216.2940672782
1505.8023208657
-2100.6098848301
1143.8239568322
668.7976575988
-2253.6765236366
2910.7956775891
-2721.3697167018
2269.0316947584
2235.3940506260
-2022.4446487222
1472.1756314082
-585.3561086485
-725.1159655844
1937.0690047831
-1962.6482544296
522.2302701810
1127.6098073569
-1473.2801474830
362.9421395055
1020.4522389703
-1412.0236628843
557.0048283691
510.0720739547
-411.3352603401
-818.0094624688
1453.1601588891
-444.9414303667
-796.5779284302
471.0838695230
673.7989300077
-630.2008843546
-330.1779261435
160.9327948414
1120.7743691279
-1259.9337064004
-162.7876023308
791.8343079896
365.7803764226
-1159.4655693171
195.6894453478
667.9825718274
195.6894453478
-1159.4655693171
365.7803764226
791.8343079896
-162.7876023308
-1259.9337064004
1120.7743691279
160.9327948414
-330.1779261435
-630.2008843546
673.7989300077
471.0838695230
-796.5779284302
-444.9414303667
1453.1601588891
-818.0094624688
-411.3352603401
510.0720739547
557.0048283691
-1412.0236628843
1020.4522389703
362.9421395055
-1473.2801474830
1127.6098073569
522.2302701810
-1962.6482544296
1937.0690047831
-725.1159655844
-585.3561086485
1472.1756314082
-2022.4446487222
1338.7803733507
-1624.1534368477
2031.1033584843
-2032.9860440257
1789.7604316202
-1331.6647922772
122.8840250132
1598.6834943112
-2246.5927113230
904.5960465559
1020.1180393675
-1453.2323193618
285.8558164282
806.5361612663
-656.5004849858
-299.5799240077
893.5378324869
-483.8431928245
-444.3153873693
728.3085673554
10.8956009729
-611.1420368544
-12.0265388615
951.4312618397
-564.0464656700
-708.2343273265
890.6867785284
153.5379220422
-438.5967410929
-565.7265602878
852.5117868077
518.5460264735
-1511.4847462262
518.5460264735
852.5117868077
-565.7265602878
-438.5967410929
153.5379220422
890.6867785284
-708.2343273265
-564.0464656700
951.4312618397
-12.0265388615
-611.1420368544
10.8956009729
728.3085673554
-444.3153873693
-483.8431928245
893.5378324869
-299.5799240077
-656.5004849858
806.5361612663
285.8558164282
-1453.2323193618
1020.1180393675
904.5960465559
-2246.5927113230
1598.6834943112
122.8840250132
-1331.6647922772
1789.7604316202
-2032.9860440257
2031.1033584843
-1624.1534368477
-1409.3456794556
1653.2872467770
-1659.8138162214
675.3720111913
557.0512946895
-1050.5166216970
1079.1874315762
-1102.1145952938
557.0512946895
754.4133490037
-1413.0236628843
287.1900160310
1356.7365540208
-1472.3410040238
196.2452282829
563.5730694307
17.7117148138
-882.3094230343
909.8544398049
-185.8345804520
-495.2813126546
486.5918700127
226.0631904782
-890.2586588789
738.9487053105
-118.7579315867
63.0938810784
-560.2008532345
501.2882851862
270.9124463003
-441.6066921149
-509.0063405457
1182.3326073441
-509.0063405457
-441.6066921149
270.9124463003
501.2882851862
-560.2008532345
63.0938810784
-118.7579315867
738.9487053105
-890.2586588789
226.0631904782
486.5918700127
-495.2813126546
-185.8345804520
909.8544398049
-882.3094230343
17.7117148138
563.5730694307
196.2452282829
-1472.3410040238
1356.7365540208
287.1900160310
-1413.0236628843
754.4133490037
557.0512946895
-1102.1145952938
1079.1874315762
-1050.5166216970
557.0512946895
675.3720111913
-1659.8138162214
1653.2872467770
-1666.4771659274
1224.6698264860
-844.2482864858
1502.1137997888
-2163.5416776596
1439.3978894986
101.6915826514
-1043.9511792105
1254.8890286298
-1211.3691516776
558.1790003259
805.0277897068
-1472.1668320671
397.6879839555
1019.7950265283
-779.3159548398
-637.9178081861
1106.9771910515
-156.3903531400
-678.0055135715
495.6273322341
-42.2706465366
41.4340703939
-193.0400161026
88.1569256571
134.4502682178
-285.1868382243
381.8524619084
-333.3985737751
45.9658134170
243.8415035784
-288.4219733472
241.4117875166
-288.4219733472
243.8415035784
45.9658134170
-333.3985737751
381.8524619084
-285.1868382243
134.4502682178
88.1569256571
-193.0400161026
41.4340703939
-42.2706465366
495.6273322341
-678.0055135715
-156.3903531400
1106.9771910515
-637.9178081861
-779.3159548398
1019.7950265283
397.6879839555
-1472.1668320671
805.0277897068
558.1790003259
-1211.3691516776
1254.8890286298
-1043.9511792105
101.6915826513
1439.3978894986
-2163.5416776596
1502.1137997888
-844.2482864858
1224.6698264860
2136.0035898768
-1464.2316370336
527.6763537082
-558.0087488618
707.2290014051
239.0359606532
-1465.6421112814
1462.8699286855
-482.0744677288
-238.4324137686
510.0720739547
-656.1662853830
197.2452282829
1018.6208545716
-1589.6521341033
508.2419328493
764.0053871138
-326.9205777062
-1022.8287494165
1033.9981040021
314.4189299580
-877.3943204761
-125.5768727846
1086.1913443741
-794.3199145176
98.1467686630
-102.3934173460
428.6622647590
-224.8419155000
-261.5006737464
156.3448572690
570.8874984180
-1003.3280879035
570.8874984180
156.3448572690
-261.5006737464
-224.8419155000
428.6622647590
-102.3934173460
98.1467686630
-794.3199145176
1086.1913443741
-125.5768727846
-877.3943204761
314.4189299580
1033.9981040021
-1022.8287494165
-326.9205777062
764.0053871138
508.2419328493
-1589.6521341033
1018.6208545716
197.2452282829
-656.1662853830
510.0720739547
-238.4324137686
-482.0744677288
1462.8699286855
-1465.6421112814
239.0359606532
707.2290014051
-558.0087488618
527.6763537082
-1464.2316370336
239.0151350478
-829.1262376458
1606.5486382146
-1407.6997272510
885.7779743661
-964.7679573159
898.8185308873
234.8924792528
-1489.4467513967
1429.3418864706
-411.3869253280
-299.8624586226
562.5214044428
-778.0901178951
508.1902678614
461.5425090064
-861.4859841429
-223.8637270467
1319.0168233874
-553.6811877378
-1174.7596555664
1410.7019985215
26.4078128919
-904.7850095334
210.5044937978
516.8667494449
22.3749754782
-868.1702089850
583.1852502097
445.5754993592
-750.9202685329
53.0258002582
446.4911112510
53.0258002582
-750.9202685329
445.5754993592
583.1852502097
-868.1702089850
22.3749754782
516.8667494449
210.5044937978
-904.7850095334
26.4078128919
1410.7019985215
-1174.7596555664
-553.6811877378
1319.0168233874
-223.8637270467
-861.4859841429
461.5425090064
508.1902678614
-778.0901178951
562.5214044428
-299.8624586226
-411.3869253280
1429.3418864706
-1489.4467513967
234.8924792528
898.8185308873
-964.7679573159
885.7779743661
-1407.6997272510
1606.5486382146
-829.1262376458
-890.0000000000
1183.0325675593
-1368.0348391911
753.3028201971
-38.0512946895
-88.1003413176
306.7105061766
-1146.5681717656
1532.2813126546
-515.6625151852
-819.0094624688
894.8720320897
17.7117148138
-638.0919801428
763.0053871138
-860.4343191551
648.0000000000
160.0316731880
-626.5453511836
-85.1755006750
974.8509104955
-616.0997062471
-398.1297332128
338.2375362552
799.7186873454
-1279.7708814908
390.4286895051
583.2334432599
-434.5113306197
-373.1586622962
711.5748032608
-389.6479942738
130.0000000000
-389.6479942738
711.5748032608
-373.1586622962
-434.5113306197
583.2334432599
390.4286895051
-1279.7708814908
799.7186873454
338.2375362552
-398.1297332128
-616.0997062471
974.8509104955
-85.1755006750
-626.5453511836
160.0316731880
648.0000000000
-860.4343191551
763.0053871138
-638.0919801428
17.7117148138
894.8720320897
-819.0094624688
-515.6625151852
1532.2813126546
-1146.5681717656
306.7105061766
-88.1003413176
-38.0512946895
753.3028201971
-1368.0348391911
1183.0325675593
-756.8256186635
639.7806119135
-698.0146740022
1178.9359508730
-1341.5947508099
729.6247475371
-110.0119373488
48.4675821039
177.0343000680
-1036.3518777059
1454.1133324736
-485.1305660118
-882.3562494498
1107.1981894237
-325.9674041217
-224.8685656191
159.9848467725
41.6119475629
-192.5709979873
289.0509875265
27.1039179893
-739.0517296627
937.0916307160
-119.1328885659
-780.0306612686
719.3580679184
-89.6755202634
-138.7245062071
-29.4606906251
11.9806464994
162.0599034301
-136.7972633783
49.5128591030
-136.7972633783
162.0599034301
11.9806464994
-29.4606906251
-138.7245062071
-89.6755202634
719.3580679184
-780.0306612686
-119.1328885659
937.0916307160
-739.0517296627
27.1039179893
289.0509875265
-192.5709979873
41.6119475629
159.9848467725
-224.8685656191
-325.9674041217
1107.1981894237
-882.3562494498
-485.1305660118
1454.1133324736
-1036.3518777059
177.0343000680
48.4675821039
-110.0119373488
729.6247475371
-1341.5947508099
1178.9359508730
-698.0146740022
639.7806119135
1138.7758993555
-979.1752151657
841.2986965009
-952.1479331421
754.6515428615
63.3074300339
-804.2274751843
886.9140581183
-746.1485777047
768.4701305642
-444.9414303667
-443.9811877665
910.8544398049
-157.5645250968
-1022.8287494165
1319.0684883753
-625.5453511836
-193.5241715718
516.8202202324
-217.8023612643
-499.5610469310
946.6484260695
-519.9112173545
-198.7234541460
41.4177093326
776.8640316927
-794.5780128609
-200.2897471551
636.5606028454
185.7500260913
-883.6320315503
460.1860043632
12.7654625942
460.1860043632
-883.6320315503
185.7500260913
636.5606028454
-200.2897471551
-794.5780128609
776.8640316927
41.4177093326
-198.7234541460
-519.9112173545
946.6484260695
-499.5610469310
-217.8023612643
516.8202202324
-193.5241715718
-625.5453511836
1319.0684883753
-1022.8287494165
-157.5645250968
910.8544398049
-443.9811877665
-444.9414303667
768.4701305642
-746.1485777047
886.9140581183
-804.2274751843
63.3074300339
754.6515428615
-952.1479331421
841.2986965009
-979.1752151657
284.0457305854
-546.3267379090
894.8397305556
-825.4149538963
624.4625987458
-664.3962709377
620.9942778521
-142.5657668689
-436.4675476193
713.0250534945
-796.4487537034
727.8451930257
-186.7054057251
-676.9605163417
1034.1272787290
-553.8620274525
-86.0463259481
289.8749863841
-217.6731865374
94.3949161692
83.8629167083
4.9116533401
-600.4679067564
865.4085442794
126.8335668044
-1397.3046534434
1042.2988937978
598.3442707643
-1112.1562398773
-118.2351144878
866.6796320005
102.5614920045
-942.9129248871
102.5614920045
866.6796320005
-118.2351144878
-1112.1562398773
598.3442707643
1042.2988937978
-1397.3046534434
126.8335668044
865.4085442794
-600.4679067564
4.9116533401
83.8629167083
94.3949161692
-217.6731865374
289.8749863841
-86.0463259481
-553.8620274525
1034.1272787290
-676.9605163417
-186.7054057251
727.8451930257
-796.4487537034
713.0250534945
-436.4675476193
-142.5657668689
620.9942778521
-664.3962709377
624.4625987458
-825.4149538963
894.8397305556
-546.3267379090
-548.4038193074
833.1777539875
-1203.1777368700
1019.3711984476
-455.8509104955
4.2718525606
332.3298203287
-716.8057403157
953.5113306197
-833.3064336483
470.0838695230
12.2298005757
-495.2813126546
495.4531602773
313.4189299580
-1173.7079905785
974.8509104955
27.1507444048
-500.5610469310
84.7337419814
331.5755700514
-406.7818707540
672.1974431317
-932.6788175464
342.4886693803
611.5895846333
-397.9319732319
-790.4223023856
953.5113306197
275.0343424309
-726.3593059085
-589.3090240705
1578.7926432744
-589.3090240705
-726.3593059085
275.0343424309
953.5113306197
-790.4223023856
-397.9319732319
611.5895846333
342.4886693803
-932.6788175464
672.1974431317
-406.7818707540
331.5755700514
84.7337419814
-500.5610469310
27.1507444048
974.8509104955
-1173.7079905785
313.4189299580
495.4531602773
-495.2813126546
12.2298005757
470.0838695230
-833.3064336483
953.5113306197
-716.8057403157
332.3298203287
4.2718525606
-455.8509104955
1019.3711984476
-1203.1777368700
833.1777539875
-759.0870521037
556.0896246289
-307.0755633233
432.7063567900
-687.7569388543
662.5994748358
-425.2572559409
172.6149623427
155.7021555010
-522.4692945886
674.5986184745
-612.2759249241
486.3915584796
-41.8961630467
-876.5946320093
1409.8506450668
-616.3000177802
-738.8982445450
947.4481145363
4.2411396001
-406.9821822871
-302.7384895221
717.1465575223
-54.4837111623
-574.2181382939
350.1759548750
-87.6124722476
337.3717216018
-223.7110087298
-591.0367677701
812.3921296934
188.0577224067
-917.0728105557
188.0577224067
812.3921296934
-591.0367677701
-223.7110087298
337.3717216018
-87.6124722476
350.1759548750
-574.2181382939
-54.4837111623
717.1465575223
-302.7384895221
-406.9821822871
4.2411396001
947.4481145363
-738.8982445450
-616.3000177802
1409.8506450668
-876.5946320093
-41.8961630467
486.3915584796
-612.2759249241
674.5986184745
-522.4692945886
155.7021555010
172.6149623427
-425.2572559409
662.5994748358
-687.7569388543
432.7063567900
-307.0755633233
556.0896246289
906.3909267492
-841.4969999968
813.5238365382
-885.4606179514
711.8573141693
-169.6129270476
-336.5706516877
586.2229368260
-811.8467978536
963.2783682977
-630.2008843546
-11.6923392587
227.0631904782
40.2598984372
-125.5768727846
26.4594778797
-397.1297332128
936.1384571314
-519.9112173545
-600.5970814832
673.1974431317
716.3468690555
-1654.2108143715
823.8619605981
472.4294462738
-540.9157187108
-194.5352634100
424.4854367241
-184.0563531021
239.7345931112
-464.5181325752
356.9876863876
-193.4199465181
356.9876863876
-464.5181325752
239.7345931112
-184.0563531021
424.4854367241
-194.5352634100
-540.9157187108
472.4294462738
823.8619605981
-1654.2108143715
716.3468690555
673.1974431317
-600.5970814832
-519.9112173545
936.1384571314
-397.1297332128
26.4594778797
-125.5768727846
40.2598984372
227.0631904782
-11.6923392587
-630.2008843546
963.2783682977
-811.8467978536
586.2229368260
-336.5706516877
-169.6129270476
711.8573141693
-885.4606179514
813.5238365382
-841.4969999968
524.2106716046
-508.9102105857
360.0596362120
-154.8551069330
276.4953588415
-636.7359908622
590.1191311908
-68.8872418200
-210.4569097906
99.5615326723
-329.9144085315
950.8335446248
-890.9951412669
-192.1293617579
1086.4548619861
-905.1001921333
337.5010538672
-118.4432325934
-198.4599365340
865.2742013942
-933.4152999343
-53.9475403075
824.1254782102
-299.3528642814
-537.6040997019
258.9060099961
653.7847258643
-712.7402955986
-165.5901131799
744.4371142588
-420.1779805745
-239.8933817198
535.9026463720
-239.8933817198
-420.1779805745
744.4371142588
-165.5901131799
-712.7402955986
653.7847258643
258.9060099961
-537.6040997019
-299.3528642814
824.1254782102
-53.9475403075
-933.4152999343
865.2742013942
-198.4599365340
-118.4432325934
337.5010538672
-905.1001921333
1086.4548619861
-192.1293617579
-890.9951412669
950.8335446248
-329.9144085315
99.5615326723
-210.4569097906
-68.8872418200
590.1191311908
-636.7359908622
276.4953588415
-154.8551069330
360.0596362120
-508.9102105857
-827.1560620361
905.6106594653
-870.2897015055
576.7871351158
-455.8509104955
538.6379559000
-128.0246534560
-801.5921616298
1166.0000000000
-578.2667870423
159.9327948414
-562.7122660672
738.9487053105
87.9827537003
-795.3199145176
211.5561587857
799.7186873454
-779.9838348531
40.4177093326
127.7043920775
342.4886693803
-574.0178267607
471.4294462738
-536.8676173139
559.1252506185
-25.6713034728
-594.2123370407
382.1931543428
501.2882851862
-1004.0436946776
676.0666560719
-47.3167175700
-236.2813126546
-47.3167175700
676.0666560719
-1004.0436946776
501.2882851862
382.1931543428
-594.2123370407
-25.6713034728
559.1252506185
-536.8676173139
471.4294462738
-574.0178267607
342.4886693803
127.7043920775
40.4177093326
-779.9838348531
799.7186873454
211.5561587857
-795.3199145176
87.9827537003
738.9487053105
-562.7122660672
159.9327948414
-578.2667870423
1166.0000000000
-801.5921616298
-128.0246534560
538.6379559000
-455.8509104955
576.7871351158
-870.2897015055
905.6106594653
-686.6399431424
369.8086018856
-29.1552076595
260.7428252043
-462.6208666702
134.0579673968
7.2277315000
485.9491326157
-616.8113858664
-298.6694530701
1121.4532719886
-709.2474297899
-119.0790287261
134.9455373139
98.8256715237
516.1361815964
-1280.0919786301
719.6323386422
777.5429345534
-1397.8543815772
611.2684874940
350.2967404812
-540.2368158502
258.4906247475
-25.9924006122
-84.5055720522
62.8473316074
105.6600995880
-164.5010122484
-48.8170033040
206.8083550548
-47.2527551146
-107.0771409025
-47.2527551146
206.8083550548
-48.8170033040
-164.5010122484
105.6600995880
62.8473316074
-84.5055720522
-25.9924006122
258.4906247475
-540.2368158502
350.2967404812
611.2684874940
-1397.8543815772
777.5429345534
719.6323386422
-1280.0919786301
516.1361815964
98.8256715237
134.9455373139
-119.0790287261
-709.2474297899
1121.4532719886
-298.6694530701
-616.8113858664
485.9491326157
7.2277315000
134.0579673968
-462.6208666702
260.7428252043
-29.1552076595
369.8086018856
1447.5949955647
-910.5351823473
272.8367869126
-594.8732737532
1006.8965401531
-383.5160412397
-514.0804283001
495.3609709762
-150.4321617565
601.7564247891
-1259.9337064004
891.0209781312
64.0938810784
-286.3610101810
-102.3934173460
22.4266404661
391.4286895051
-90.6286938479
-794.5780128609
1042.1697190709
-396.9319732319
-88.4121607144
-194.5352634100
653.5212082523
-593.2123370407
62.1684287468
441.8264704464
-426.3259706842
-260.1734831692
1034.0239355285
-961.1424290416
42.2040268068
525.0666933588
42.2040268068
-961.1424290416
1034.0239355285
-260.1734831692
-426.3259706842
441.8264704464
62.1684287468
-593.2123370407
653.5212082523
-194.5352634100
-88.4121607144
-396.9319732319
1042.1697190709
-794.5780128609
-90.6286938479
391.4286895051
22.4266404661
-102.3934173460
-286.3610101810
64.0938810784
891.0209781312
-1259.9337064004
601.7564247891
-150.4321617565
495.3609709762
-514.0804283001
-383.5160412397
1006.8965401531
-594.8732737532
272.8367869126
-910.5351823473
-421.8031683691
-217.7752370938
920.5729139102
-302.7173494183
-597.7130799559
186.3865425236
824.8713141175
-729.6570452913
-234.3404100080
560.3504956648
-162.4128458109
152.8289659195
-560.8260967146
382.6518773452
429.0370212789
-868.5966304928
582.6081997798
-138.1460891425
-199.9149906352
598.0986889712
-791.0475458657
337.7966535487
424.8601932440
-712.8515345065
381.5679108627
105.9642459288
-425.9512141643
426.8020016570
35.7634791697
-620.9102313807
524.4420988181
328.7656642506
-859.2127646504
328.7656642506
524.4420988181
-620.9102313807
35.7634791697
426.8020016570
-425.9512141643
105.9642459288
381.5679108627
-712.8515345065
424.8601932440
337.7966535487
-791.0475458657
598.0986889712
-199.9149906352
-138.1460891425
582.6081997798
-868.5966304928
429.0370212789
382.6518773452
-560.8260967146
152.8289659195
-162.4128458109
560.3504956648
-234.3404100080
-729.6570452913
824.8713141175
186.3865425236
-597.7130799559
-302.7173494183
920.5729139102
-217.7752370938
-162.6780298024
806.7573845389
-1520.5479022360
861.5545965527
237.2813126546
-164.1994688821
-547.0052401064
290.4266526869
794.7117148138
-1245.7476544079
790.8343079896
-437.2625414901
501.2882851862
-333.5727457318
-225.8419155000
584.2369151976
-434.5113306197
-29.4138642096
635.5606028454
-1111.2854146042
953.5113306197
-223.5106971967
-185.0563531021
-164.8536307920
501.2882851862
-164.1799151090
-261.1734831692
36.3887226498
450.7659307945
-492.3823844428
273.2299832787
-292.9559547597
394.0069725316
-292.9559547597
273.2299832787
-492.3823844428
450.7659307945
36.3887226498
-261.1734831692
-164.1799151090
501.2882851862
-164.8536307920
-185.0563531021
-223.5106971967
953.5113306197
-1111.2854146042
635.5606028454
-29.4138642096
-434.5113306197
584.2369151976
-225.8419155000
-333.5727457318
501.2882851862
-437.2625414901
790.8343079896
-1245.7476544079
794.7117148138
290.4266526869
-547.0052401064
-164.1994688821
237.2813126546
861.5545965527
-1520.5479022360
806.7573845389
-797.8177842353
265.8403683718
417.5700697402
-149.2473685240
-463.7771951795
334.1323542733
168.2521577149
-76.2884930695
-350.8224633782
212.9935844887
366.3545444164
-566.6349278844
270.4866142941
46.5658173800
-260.9265057526
444.9496663776
-373.5844943024
12.3596520901
186.3241940851
-118.6801077548
274.6085104247
-590.8112472970
240.3087611050
744.1264638770
-1004.4695266839
-48.7122684371
1034.5981035223
-621.1096428545
-492.8082164491
823.1204178321
-230.1574079209
-397.2521026898
603.1991606044
-397.2521026898
-230.1574079209
823.1204178321
-492.8082164491
-621.1096428545
1034.5981035223
-48.7122684371
-1004.4695266839
744.1264638770
240.3087611050
-590.8112472970
274.6085104247
-118.6801077548
186.3241940851
12.3596520901
-373.5844943024
444.9496663776
-260.9265057526
46.5658173800
270.4866142941
-566.6349278844
366.3545444164
212.9935844887
-350.8224633782
-76.2884930695
168.2521577149
334.1323542733
-463.7771951795
-149.2473685240
417.5700697402
265.8403683718
1170.5497647841
-940.3585432347
611.1100620711
-558.1398803186
493.6447243768
-172.8180940130
-50.4350182035
20.8937734121
-230.6560016274
831.9724679772
-1159.4655693171
852.8459864105
-440.6066921149
242.6673316216
156.3448572690
-750.8686035450
712.5748032608
161.1067298456
-883.6320315503
866.5504572737
-725.3593059085
811.5924412266
-464.5181325752
-420.4414981866
677.0666560719
206.1294521941
-961.1424290416
524.0673422982
274.2299832787
-230.7315759147
-360.2617386525
619.5322129531
-596.3380994590
619.5322129531
-360.2617386525
-230.7315759147
274.2299832787
524.0673422982
-961.1424290416
206.1294521941
677.0666560719
-420.4414981866
-464.5181325752
811.5924412266
-725.3593059085
866.5504572737
-883.6320315503
161.1067298456
712.5748032608
-750.8686035450
156.3448572690
242.6673316216
-440.6066921149
852.8459864105
-1159.4655693171
831.9724679772
-230.6560016274
20.8937734121
-50.4350182035
-172.8180940130
493.6447243768
-558.1398803186
611.1100620711
-940.3585432347
303.6256895015
-136.7936507425
-175.5291739813
220.2951712271
128.2616690154
-368.5436841724
54.0850966152
340.4008889082
-91.2406640383
-414.3504625974
196.1648819229
517.7363902956
-509.5309039706
-287.7232379656
571.3629349932
52.4986986953
-390.1725576986
-136.3195263689
460.6614409384
102.2152301562
-589.8335874954
188.3819742985
357.4631229628
-240.1053006829
-47.8412809949
-47.0492888290
42.6794633819
328.6649841953
-293.4805181846
-397.1533712711
620.0076495282
184.0543521313
-782.1591700452
184.0543521313
620.0076495282
-397.1533712711
-293.4805181846
328.6649841953
42.6794633819
-47.0492888290
-47.8412809949
-240.1053006829
357.4631229628
188.3819742985
-589.8335874954
102.2152301562
460.6614409384
-136.3195263689
-390.1725576986
52.4986986953
571.3629349932
-287.7232379656
-509.5309039706
517.7363902956
196.1648819229
-414.3504625974
-91.2406640383
340.4008889082
54.0850966152
-368.5436841724
128.2616690154
220.2951712271
-175.5291739813
-136.7936507425
-1408.0000000000
1049.7192509395
-395.2245258503
203.2093092714
-563.1322231501
680.1123526193
-51.5040680495
-614.9895868454
496.2813126546
-160.6122078587
666.9825718274
-1510.1505466234
1182.3326073441
241.2376155599
-1004.3280879035
447.5427762389
130.0000000000
49.5596855185
11.7654625942
-942.0420996139
1578.7926432744
-916.8724990226
-194.4199465181
536.6391287599
-236.2813126546
-106.7560437632
524.0666933588
-858.5875211703
394.0069725316
603.6249926107
-597.3380994590
-781.6346066204
1684.0000000000
-781.6346066204
-597.3380994590
603.6249926107
394.0069725316
-858.5875211703
524.0666933588
-106.7560437632
-236.2813126546
536.6391287599
-194.4199465181
-916.8724990226
1578.7926432744
-942.0420996139
11.7654625942
49.5596855185
130.0000000000
447.5427762389
-1004.3280879035
241.2376155599
1182.3326073441
-1510.1505466234
666.9825718274
-160.6122078587
496.2813126546
-614.9895868454
-51.5040680495
680.1123526193
-563.1322231501
203.2093092714
-395.2245258503
1049.7192509395
303.6256895015
-136.7936507425
-175.5291739813
220.2951712271
128.2616690154
-368.5436841724
54.0850966152
340.4008889082
-91.2406640383
-414.3504625974
196.1648819229
517.7363902956
-509.5309039706
-287.7232379656
571.3629349932
52.4986986953
-390.1725576986
-136.3195263689
460.6614409384
102.2152301562
-589.8335874954
188.3819742985
357.4631229628
-240.1053006829
-47.8412809949
-47.0492888290
42.6794633819
328.6649841953
-293.4805181846
-397.1533712711
620.0076495282
184.0543521313
-782.1591700452
184.0543521313
620.0076495282
-397.1533712711
-293.4805181846
328.6649841953
42.6794633819
-47.0492888290
-47.8412809949
-240.1053006829
357.4631229628
188.3819742985
-589.8335874954
102.2152301562
460.6614409384
-136.3195263689
-390.1725576986
52.4986986953
571.3629349932
-287.7232379656
-509.5309039706
517.7363902956
196.1648819229
-414.3504625974
-91.2406640383
340.4008889082
54.0850966152
-368.5436841724
128.2616690154
220.2951712271
-175.5291739813
-136.7936507425
1170.5497647841
-940.3585432347
611.1100620711
-558.1398803186
493.6447243768
-172.8180940130
-50.4350182035
20.8937734121
-230.6560016274
831.9724679772
-1159.4655693171
852.8459864105
-440.6066921149
242.6673316216
156.3448572690
-750.8686035450
712.5748032608
161.1067298456
-883.6320315503
866.5504572737
-725.3593059085
811.5924412266
-464.5181325752
-420.4414981866
677.0666560719
206.1294521941
-961.1424290416
524.0673422982
274.2299832787
-230.7315759147
-360.2617386525
619.5322129531
-596.3380994590
619.5322129531
-360.2617386525
-230.7315759147
274.2299832787
524.0673422982
-961.1424290416
206.1294521941
677.0666560719
-420.4414981866
-464.5181325752
811.5924412266
-725.3593059085
866.5504572737
-883.6320315503
161.1067298456
712.5748032608
-750.8686035450
156.3448572690
242.6673316216
-440.6066921149
852.8459864105
-1159.4655693171
831.9724679772
-230.6560016274
20.8937734121
-50.4350182035
-172.8180940130
493.6447243768
-558.1398803186
611.1100620711
-940.3585432347
-797.8177842353
265.8403683718
417.5700697402
-149.2473685240
-463.7771951795
334.1323542733
168.2521577149
-76.2884930695
-350.8224633782
212.9935844887
366.3545444164
-566.6349278844
270.4866142941
46.5658173800
-260.9265057526
444.9496663776
-373.5844943024
12.3596520901
186.3241940851
-118.6801077548
274.6085104247
-590.8112472970
240.3087611050
744.1264638770
-1004.4695266839
-48.7122684371
1034.5981035223
-621.1096428545
-492.8082164491
823.1204178321
-230.1574079209
-397.2521026898
603.1991606044
-397.2521026898
-230.1574079209
823.1204178321
-492.8082164491
-621.1096428545
1034.5981035223
-48.7122684371
-1004.4695266839
744.1264638770
240.3087611050
-590.8112472970
274.6085104247
-118.6801077548
186.3241940851
12.3596520901
-373.5844943024
444.9496663776
-260.9265057526
46.5658173800
270.4866142941
-566.6349278844
366.3545444164
212.9935844887
-350.8224633782
-76.2884930695
168.2521577149
334.1323542733
-463.7771951795
-149.2473685240
417.5700697402
265.8403683718
-162.6780298024
806.7573845389
-1520.5479022360
861.5545965527
237.2813126546
-164.1994688821
-547.0052401064
290.4266526869
794.7117148138
-1245.7476544079
790.8343079896
-437.2625414901
501.2882851862
-333.5727457318
-225.8419155000
584.2369151976
-434.5113306197
-29.4138642096
635.5606028454
-1111.2854146042
953.5113306197
-223.5106971967
-185.0563531021
-164.8536307920
501.2882851862
-164.1799151090
-261.1734831692
36.3887226498
450.7659307945
-492.3823844428
273.2299832787
-292.9559547597
394.0069725316
-292.9559547597
273.2299832787
-492.3823844428
450.7659307945
36.3887226498
-261.1734831692
-164.1799151090
501.2882851862
-164.8536307920
-185.0563531021
-223.5106971967
953.5113306197
-1111.2854146042
635.5606028454
-29.4138642096
-434.5113306197
584.2369151976
-225.8419155000
-333.5727457318
501.2882851862
-437.2625414901
790.8343079896
-1245.7476544079
794.7117148138
290.4266526869
-547.0052401064
-164.1994688821
237.2813126546
861.5545965527
-1520.5479022360
806.7573845389
-421.8031683691
-217.7752370938
920.5729139102
-302.7173494183
-597.7130799559
186.3865425236
824.8713141175
-729.6570452913
-234.3404100080
560.3504956648
-162.4128458109
152.8289659195
-560.8260967146
382.6518773452
429.0370212789
-868.5966304928
582.6081997798
-138.1460891425
-199.9149906352
598.0986889712
-791.0475458657
337.7966535487
424.8601932440
-712.8515345065
381.5679108627
105.9642459288
-425.9512141643
426.8020016570
35.7634791697
-620.9102313807
524.4420988181
328.7656642506
-859.2127646504
328.7656642506
524.4420988181
-620.9102313807
35.7634791697
426.8020016570
-425.9512141643
105.9642459288
381.5679108627
-712.8515345065
424.8601932440
337.7966535487
-791.0475458657
598.0986889712
-199.9149906352
-138.1460891425
582.6081997798
-868.5966304928
429.0370212789
382.6518773452
-560.8260967146
152.8289659195
-162.4128458109
560.3504956648
-234.3404100080
-729.6570452913
824.8713141175
186.3865425236
-597.7130799559
-302.7173494183
920.5729139102
-217.7752370938
1447.5949955647
-910.5351823473
272.8367869126
-594.8732737532
1006.8965401531
-383.5160412397
-514.0804283001
495.3609709762
-150.4321617565
601.7564247891
-1259.9337064004
891.0209781312
64.0938810784
-286.3610101810
-102.3934173460
22.4266404661
391.4286895051
-90.6286938479
-794.5780128609
1042.1697190709
-396.9319732319
-88.4121607144
-194.5352634100
653.5212082523
-593.2123370407
62.1684287468
441.8264704464
-426.3259706842
-260.1734831692
1034.0239355285
-961.1424290416
42.2040268068
525.0666933588
42.2040268068
-961.1424290416
1034.0239355285
-260.1734831692
-426.3259706842
441.8264704464
62.1684287468
-593.2123370407
653.5212082523
-194.5352634100
-88.4121607144
-396.9319732319
1042.1697190709
-794.5780128609
-90.6286938479
391.4286895051
22.4266404661
-102.3934173460
-286.3610101810
64.0938810784
891.0209781312
-1259.9337064004
601.7564247891
-150.4321617565
495.3609709762
-514.0804283001
-383.5160412397
1006.8965401531
-594.8732737532
272.8367869126
-910.5351823473
-686.6399431424
369.8086018856
-29.1552076595
260.7428252043
-462.6208666702
134.0579673968
7.2277315000
485.9491326157
-616.8113858664
-298.6694530701
1121.4532719886
-709.2474297899
-119.0790287261
134.9455373139
98.8256715237
516.1361815964
-1280.0919786301
719.6323386422
777.5429345534
-1397.8543815772
611.2684874940
350.2967404812
-540.2368158502
258.4906247475
-25.9924006122
-84.5055720522
62.8473316074
105.6600995880
-164.5010122484
-48.8170033040
206.8083550548
-47.2527551146
-107.0771409025
-47.2527551146
206.8083550548
-48.8170033040
-164.5010122484
105.6600995880
62.8473316074
-84.5055720522
-25.9924006122
258.4906247475
-540.2368158502
350.2967404812
611.2684874940
-1397.8543815772
777.5429345534
719.6323386422
-1280.0919786301
516.1361815964
98.8256715237
134.9455373139
-119.0790287261
-709.2474297899
1121.4532719886
-298.6694530701
-616.8113858664
485.9491326157
7.2277315000
134.0579673968
-462.6208666702
260.7428252043
-29.1552076595
369.8086018856
-827.1560620361
905.6106594653
-870.2897015055
576.7871351158
-455.8509104955
538.6379559000
-128.0246534560
-801.5921616298
1166.0000000000
-578.2667870423
159.9327948414
-562.7122660672
738.9487053105
87.9827537003
-795.3199145176
211.5561587857
799.7186873454
-779.9838348531
40.4177093326
127.7043920775
342.4886693803
-574.0178267607
471.4294462738
-536.8676173139
559.1252506185
-25.6713034728
-594.2123370407
382.1931543428
501.2882851862
-1004.0436946776
676.0666560719
-47.3167175700
-236.2813126546
-47.3167175700
676.0666560719
-1004.0436946776
501.2882851862
382.1931543428
-594.2123370407
-25.6713034728
559.1252506185
-536.8676173139
471.4294462738
-574.0178267607
342.4886693803
127.7043920775
40.4177093326
-779.9838348531
799.7186873454
211.5561587857
-795.3199145176
87.9827537003
738.9487053105
-562.7122660672
159.9327948414
-578.2667870423
1166.0000000000
-801.5921616298
-128.0246534560
538.6379559000
-455.8509104955
576.7871351158
-870.2897015055
905.6106594653
524.2106716046
-508.9102105857
360.0596362120
-154.8551069330
276.4953588415
-636.7359908622
590.1191311908
-68.8872418200
-210.4569097906
99.5615326723
-329.9144085315
950.8335446248
-890.9951412669
-192.1293617579
1086.4548619861
-905.1001921333
337.5010538672
-118.4432325934
-198.4599365340
865.2742013942
-933.4152999343
-53.9475403075
824.1254782102
-299.3528642814
-537.6040997019
258.9060099961
653.7847258643
-712.7402955986
-165.5901131799
744.4371142588
-420.1779805745
-239.8933817198
535.9026463720
-239.8933817198
-420.1779805745
744.4371142588
-165.5901131799
-712.7402955986
653.7847258643
258.9060099961
-537.6040997019
-299.3528642814
824.1254782102
-53.9475403075
-933.4152999343
865.2742013942
-198.4599365340
-118.4432325934
337.5010538672
-905.1001921333
1086.4548619861
-192.1293617579
-890.9951412669
950.8335446248
-329.9144085315
99.5615326723
-210.4569097906
-68.8872418200
590.1191311908
-636.7359908622
276.4953588415
-154.8551069330
360.0596362120
-508.9102105857
906.3909267492
-841.4969999968
813.5238365382
-885.4606179514
711.8573141693
-169.6129270476
-336.5706516877
586.2229368260
-811.8467978536
963.2783682977
-630.2008843546
-11.6923392587
227.0631904782
40.2598984372
-125.5768727846
26.4594778797
-397.1297332128
936.1384571314
-519.9112173545
-600.5970814832
673.1974431317
716.3468690555
-1654.2108143715
823.8619605981
472.4294462738
-540.9157187108
-194.5352634100
424.4854367241
-184.0563531021
239.7345931112
-464.5181325752
356.9876863876
-193.4199465181
356.9876863876
-464.5181325752
239.7345931112
-184.0563531021
424.4854367241
-194.5352634100
-540.9157187108
472.4294462738
823.8619605981
-1654.2108143715
716.3468690555
673.1974431317
-600.5970814832
-519.9112173545
936.1384571314
-397.1297332128
26.4594778797
-125.5768727846
40.2598984372
227.0631904782
-11.6923392587
-630.2008843546
963.2783682977
-811.8467978536
586.2229368260
-336.5706516877
-169.6129270476
711.8573141693
-885.4606179514
813.5238365382
-841.4969999968
-759.0870521037
556.0896246289
-307.0755633233
432.7063567900
-687.7569388543
662.5994748358
-425.2572559409
172.6149623427
155.7021555010
-522.4692945886
674.5986184745
-612.2759249241
486.3915584796
-41.8961630467
-876.5946320093
1409.8506450668
-616.3000177802
-738.8982445450
947.4481145363
4.2411396001
-406.9821822871
-302.7384895221
717.1465575223
-54.4837111623
-574.2181382939
350.1759548750
-87.6124722476
337.3717216018
-223.7110087298
-591.0367677701
812.3921296934
188.0577224067
-917.0728105557
188.0577224067
812.3921296934
-591.0367677701
-223.7110087298
337.3717216018
-87.6124722476
350.1759548750
-574.2181382939
-54.4837111623
717.1465575223
-302.7384895221
-406.9821822871
4.2411396001
947.4481145363
-738.8982445450
-616.3000177802
1409.8506450668
-876.5946320093
-41.8961630467
486.3915584796
-612.2759249241
674.5986184745
-522.4692945886
155.7021555010
172.6149623427
-425.2572559409
662.5994748358
-687.7569388543
432.7063567900
-307.0755633233
556.0896246289
-548.4038193074
833.1777539875
-1203.1777368700
1019.3711984476
-455.8509104955
4.2718525606
332.3298203287
-716.8057403157
953.5113306197
-833.3064336483
470.0838695230
12.2298005757
-495.2813126546
495.4531602773
313.4189299580
-1173.7079905785
974.8509104955
27.1507444048
-500.5610469310
84.7337419814
331.5755700514
-406.7818707540
672.1974431317
-932.6788175464
342.4886693803
611.5895846333
-397.9319732319
-790.4223023856
953.5113306197
275.0343424309
-726.3593059085
-589.3090240705
1578.7926432744
-589.3090240705
-726.3593059085
275.0343424309
953.5113306197
-790.4223023856
-397.9319732319
611.5895846333
342.4886693803
-932.6788175464
672.1974431317
-406.7818707540
331.5755700514
84.7337419814
-500.5610469310
27.1507444048
974.8509104955
-1173.7079905785
313.4189299580
495.4531602773
-495.2813126546
12.2298005757
470.0838695230
-833.3064336483
953.5113306197
-716.8057403157
332.3298203287
4.2718525606
-455.8509104955
1019.3711984476
-1203.1777368700
833.1777539875
284.0457305854
-546.3267379090
894.8397305556
-825.4149538963
624.4625987458
-664.3962709377
620.9942778521
-142.5657668689
-436.4675476193
713.0250534945
-796.4487537034
727.8451930257
-186.7054057251
-676.9605163417
1034.1272787290
-553.8620274525
-86.0463259481
289.8749863841
-217.6731865374
94.3949161692
83.8629167083
4.9116533401
-600.4679067564
865.4085442794
126.8335668044
-1397.3046534434
1042.2988937978
598.3442707643
-1112.1562398774
-118.2351144878
866.6796320005
102.5614920045
-942.9129248871
102.5614920045
866.6796320005
-118.2351144878
-1112.1562398773
598.3442707643
1042.2988937978
-1397.3046534434
126.8335668044
865.4085442794
-600.4679067564
4.9116533401
83.8629167083
94.3949161692
-217.6731865374
289.8749863841
-86.0463259481
-553.8620274525
1034.1272787290
-676.9605163417
-186.7054057251
727.8451930257
-796.4487537034
713.0250534945
-436.4675476193
-142.5657668689
620.9942778521
-664.3962709377
624.4625987458
-825.4149538963
894.8397305556
-546.3267379090
1138.7758993555
-979.1752151657
841.2986965009
-952.1479331421
754.6515428615
63.3074300339
-804.2274751843
886.9140581183
-746.1485777047
768.4701305642
-444.9414303667
-443.9811877665
910.8544398049
-157.5645250968
-1022.8287494165
1319.0684883753
-625.5453511836
-193.5241715718
516.8202202324
-217.8023612643
-499.5610469310
946.6484260695
-519.9112173545
-198.7234541460
41.4177093326
776.8640316927
-794.5780128609
-200.2897471551
636.5606028454
185.7500260913
-883.6320315503
460.1860043632
12.7654625942
460.1860043632
-883.6320315503
185.7500260913
636.5606028454
-200.2897471551
-794.5780128609
776.8640316927
41.4177093326
-198.7234541460
-519.9112173545
946.6484260695
-499.5610469310
-217.8023612643
516.8202202324
-193.5241715718
-625.5453511836
1319.0684883753
-1022.8287494165
-157.5645250968
910.8544398049
-443.9811877665
-444.9414303667
768.4701305642
-746.1485777047
886.9140581183
-804.2274751843
63.3074300339
754.6515428615
-952.1479331421
841.2986965009
-979.1752151657
-756.8256186635
639.7806119135
-698.0146740022
1178.9359508730
-1341.5947508099
729.6247475371
-110.0119373488
48.4675821039
177.0343000680
-1036.3518777059
1454.1133324736
-485.1305660118
-882.3562494498
1107.1981894237
-325.9674041217
-224.8685656191
159.9848467725
41.6119475629
-192.5709979873
289.0509875265
27.1039179893
-739.0517296627
937.0916307160
-119.1328885659
-780.0306612686
719.3580679184
-89.6755202634
-138.7245062071
-29.4606906251
11.9806464994
162.0599034301
-136.7972633783
49.5128591030
-136.7972633783
162.0599034301
11.9806464994
-29.4606906251
-138.7245062071
-89.6755202634
719.3580679184
-780.0306612686
-119.1328885659
937.0916307160
-739.0517296627
27.1039179893
289.0509875265
-192.5709979873
41.6119475629
159.9848467725
-224.8685656191
-325.9674041217
1107.1981894237
-882.3562494498
-485.1305660118
1454.1133324736
-1036.3518777059
177.0343000680
48.4675821039
-110.0119373488
729.6247475371
-1341.5947508099
1178.9359508730
-698.0146740022
639.7806119135
-890.0000000000
1183.0325675593
-1368.0348391911
753.3028201971
-38.0512946895
-88.1003413176
306.7105061766
-1146.5681717656
1532.2813126546
-515.6625151852
-819.0094624688
894.8720320897
17.7117148138
-638.0919801428
763.0053871138
-860.4343191551
648.0000000000
160.0316731880
-626.5453511836
-85.1755006750
974.8509104955
-616.0997062471
-398.1297332128
338.2375362552
799.7186873454
-1279.7708814908
390.4286895051
583.2334432599
-434.5113306197
-373.1586622962
711.5748032608
-389.6479942738
130.0000000000
-389.6479942738
711.5748032608
-373.1586622962
-434.5113306197
583.2334432599
390.4286895051
-1279.7708814908
799.7186873454
338.2375362552
-398.1297332128
-616.0997062471
974.8509104955
-85.1755006750
-626.5453511836
160.0316731880
648.0000000000
-860.4343191551
763.0053871138
-638.0919801428
17.7117148138
894.8720320897
-819.0094624688
-515.6625151852
1532.2813126546
-1146.5681717656
306.7105061766
-88.1003413176
-38.0512946895
753.3028201971
-1368.0348391911
1183.0325675593
239.0151350478
-829.1262376458
1606.5486382146
-1407.6997272510
885.7779743661
-964.7679573159
898.8185308873
234.8924792528
-1489.4467513967
1429.3418864706
-411.3869253280
-299.8624586226
562.5214044428
-778.0901178951
508.1902678614
461.5425090064
-861.4859841429
-223.8637270467
1319.0168233874
-553.6811877378
-1174.7596555664
1410.7019985215
26.4078128919
-904.7850095334
210.5044937978
516.8667494449
22.3749754782
-868.1702089850
583.1852502097
445.5754993592
-750.9202685329
53.0258002582
446.4911112510
53.0258002582
-750.9202685329
445.5754993592
583.1852502097
-868.1702089850
22.3749754782
516.8667494449
210.5044937978
-904.7850095334
26.4078128919
1410.7019985215
-1174.7596555664
-553.6811877378
1319.0168233874
-223.8637270467
-861.4859841429
461.5425090064
508.1902678614
-778.0901178951
562.5214044428
-299.8624586226
-411.3869253280
1429.3418864706
-1489.4467513967
234.8924792528
898.8185308873
-964.7679573159
885.7779743661
-1407.6997272510
1606.5486382146
-829.1262376458
2136.0035898768
-1464.2316370336
527.6763537082
-558.0087488618
707.2290014051
239.0359606532
-1465.6421112814
1462.8699286855
-482.0744677288
-238.4324137686
510.0720739547
-656.1662853830
197.2452282829
1018.6208545716
-1589.6521341033
508.2419328493
764.0053871138
-326.9205777062
-1022.8287494165
1033.9981040021
314.4189299580
-877.3943204761
-125.5768727846
1086.1913443741
-794.3199145176
98.1467686630
-102.3934173460
428.6622647590
-224.8419155000
-261.5006737464
156.3448572690
570.8874984180
-1003.3280879035
570.8874984180
156.3448572690
-261.5006737464
-224.8419155000
428.6622647590
-102.3934173460
98.1467686630
-794.3199145176
1086.1913443741
-125.5768727846
-877.3943204761
314.4189299580
1033.9981040021
-1022.8287494165
-326.9205777062
764.0053871138
508.2419328493
-1589.6521341033
1018.6208545716
197.2452282829
-656.1662853830
510.0720739547
-238.4324137686
-482.0744677288
1462.8699286855
-1465.6421112814
239.0359606532
707.2290014051
-558.0087488618
527.6763537082
-1464.2316370336
-1666.4771659274
1224.6698264860
-844.2482864858
1502.1137997888
-2163.5416776596
1439.3978894986
101.6915826514
-1043.9511792105
1254.8890286298
-1211.3691516776
558.1790003259
805.0277897068
-1472.1668320671
397.6879839555
1019.7950265283
-779.3159548398
-637.9178081861
1106.9771910515
-156.3903531400
-678.0055135715
495.6273322341
-42.2706465366
41.4340703939
-193.0400161026
88.1569256571
134.4502682178
-285.1868382243
381.8524619084
-333.3985737751
45.9658134170
243.8415035784
-288.4219733472
241.4117875166
-288.4219733472
243.8415035784
45.9658134170
-333.3985737751
381.8524619084
-285.1868382243
134.4502682178
88.1569256571
-193.0400161026
41.4340703939
-42.2706465366
495.6273322341
-678.0055135715
-156.3903531400
1106.9771910515
-637.9178081861
-779.3159548398
1019.7950265283
397.6879839555
-1472.1668320671
805.0277897068
558.1790003259
-1211.3691516776
1254.8890286298
-1043.9511792105
101.6915826514
1439.3978894986
-2163.5416776596
1502.1137997888
-844.2482864858
1224.6698264860
-1409.3456794556
1653.2872467770
-1659.8138162214
675.3720111913
557.0512946895
-1050.5166216970
1079.1874315762
-1102.1145952938
557.0512946895
754.4133490037
-1413.0236628843
287.1900160310
1356.7365540208
-1472.3410040238
196.2452282829
563.5730694307
17.7117148138
-882.3094230343
909.8544398049
-185.8345804520
-495.2813126546
486.5918700127
226.0631904782
-890.2586588789
738.9487053105
-118.7579315867
63.0938810784
-560.2008532345
501.2882851862
270.9124463003
-441.6066921149
-509.0063405457
1182.3326073441
-509.0063405457
-441.6066921149
270.9124463003
501.2882851862
-560.2008532345
63.0938810784
-118.7579315867
738.9487053105
-890.2586588789
226.0631904782
486.5918700127
-495.2813126546
-185.8345804520
909.8544398049
-882.3094230343
17.7117148138
563.5730694307
196.2452282829
-1472.3410040238
1356.7365540208
287.1900160310
-1413.0236628843
754.4133490037
557.0512946895
-1102.1145952938
1079.1874315762
-1050.5166216970
557.0512946895
675.3720111913
-1659.8138162214
1653.2872467770
1338.7803733507
-1624.1534368477
2031.1033584843
-2032.9860440257
1789.7604316202
-1331.6647922772
122.8840250132
1598.6834943112
-2246.5927113230
904.5960465559
1020.1180393675
-1453.2323193618
285.8558164282
806.5361612663
-656.5004849858
-299.5799240077
893.5378324869
-483.8431928245
-444.3153873693
728.3085673554
10.8956009729
-611.1420368544
-12.0265388615
951.4312618397
-564.0464656700
-708.2343273265
890.6867785284
153.5379220422
-438.5967410929
-565.7265602878
852.5117868077
518.5460264735
-1511.4847462262
518.5460264735
852.5117868077
-565.7265602878
-438.5967410929
153.5379220422
890.6867785284
-708.2343273265
-564.0464656700
951.4312618397
-12.0265388615
-611.1420368544
10.8956009729
728.3085673554
-444.3153873693
-483.8431928245
893.5378324869
-299.5799240077
-656.5004849858
806.5361612663
285.8558164282
-1453.2323193618
1020.1180393675
904.5960465559
-2246.5927113230
1598.6834943112
122.8840250132
-1331.6647922772
1789.7604316202
-2032.9860440257
2031.1033584843
-1624.1534368477
2235.3940506260
-2022.4446487222
1472.1756314082
-585.3561086485
-725.1159655844
1937.0690047831
-1962.6482544296
522.2302701810
1127.6098073569
-1473.2801474830
362.9421395055
1020.4522389703
-1412.0236628843
557.0048283691
510.0720739547
-411.3352603401
-818.0094624688
1453.1601588891
-444.9414303667
-796.5779284302
471.0838695230
673.7989300077
-630.2008843546
-330.1779261435
160.9327948414
1120.7743691279
-1259.9337064004
-162.7876023308
791.8343079896
365.7803764226
-1159.4655693171
195.6894453478
667.9825718274
195.6894453478
-1159.4655693171
365.7803764226
791.8343079896
-162.7876023308
-1259.9337064004
1120.7743691279
160.9327948414
-330.1779261435
-630.2008843546
673.7989300077
471.0838695230
-796.5779284302
-444.9414303667
1453.1601588891
-818.0094624688
-411.3352603401
510.0720739547
557.0048283691
-1412.0236628843
1020.4522389703
362.9421395055
-1473.2801474830
1127.6098073569
522.2302701810
-1962.6482544296
1937.0690047831
-725.1159655844
-585.3561086485
1472.1756314082
-2022.4446487222
-2061.5040018465
2269.0316947584
-2721.3697167018
2910.7956775891
-2253.6765236366
668.7976575988
1143.8239568322
-2100.6098848301
1505.8023208657
216.2940672782
-1471.7229863043
902.7046857744
754.9705101824
-1211.7521408997
-236.8752525898
1427.7330603039
-515.1053540064
-1036.9558653002
770.0272917429
711.5970670426
-832.7492724696
-523.2267673006
964.8355294764
98.2678891055
-577.7096258635
-299.5477113882
603.3135859678
559.1680910060
-1245.1904932292
212.0105913037
833.5296291560
-415.4321872011
-160.0550466800
-415.4321872011
833.5296291560
212.0105913037
-1245.1904932292
559.1680910060
603.3135859678
-299.5477113882
-577.7096258635
98.2678891055
964.8355294764
-523.2267673006
-832.7492724696
711.5970670426
770.0272917429
-1036.9558653002
-515.1053540064
1427.7330603039
-236.8752525898
-1211.7521408997
754.9705101824
902.7046857744
-1471.7229863043
216.2940672782
1505.8023208657
-2100.6098848301
1143.8239568322
668.7976575988
-2253.6765236366
2910.7956775891
-2721.3697167018
2269.0316947584
-3024.8439379639
2642.5380068638
-1559.2462035575
-45.0924535150
1751.8509104955
-2672.0262345949
1818.7944028717
571.9260064868
-2371.1252506185
1505.2451596869
1126.6098073569
-2245.2585117203
557.0512946895
1254.7148566730
-483.0744677288
-1488.3950864088
1532.2813126546
177.0811264835
-747.1485777047
-435.5967223461
953.5113306197
155.9024670342
-812.8467978536
-209.7204274026
1166.0000000000
-616.4902887270
-151.4321617565
-233.7151665279
794.7117148138
-350.3966313720
-231.6560016274
-90.7161006134
496.2813126546
-90.7161006134
-231.6560016274
-350.3966313720
794.7117148138
-233.7151665279
-151.4321617565
-616.4902887270
1166.0000000000
-209.7204274026
-812.8467978536
155.9024670342
953.5113306197
-435.5967223461
-747.1485777047
177.0811264835
1532.2813126546
-1488.3950864088
-483.0744677288
1254.7148566730
557.0512946895
-2245.2585117203
1126.6098073569
1505.2451596869
-2371.1252506185
571.9260064868
1818.7944028717
-2672.0262345949
1751.8509104955
-45.0924535150
-1559.2462035575
2642.5380068638
3281.7182107017
-3476.2159524340
3911.6672369902
-3901.5619466280
2395.1228717138
579.4138548033
-2909.3487045717
2279.0998876944
570.0286001005
-2098.1553172650
521.3328637948
1599.2467010947
-1104.0120016800
-1041.8796008675
1461.9725222993
235.7382206512
-1148.4655781518
50.3181620746
886.0166517320
-141.5391857558
-718.7031467020
174.3120571958
585.3255304398
-67.7263178217
-803.4895680161
487.5254418627
494.4635645899
-728.3848823851
288.5292463007
-74.8169186894
19.9963670258
341.7737318696
-616.8869932317
341.7737318696
19.9963670258
-74.8169186894
288.5292463007
-728.3848823851
494.4635645899
487.5254418627
-803.4895680161
-67.7263178217
585.3255304398
174.3120571958
-718.7031467020
-141.5391857558
886.0166517320
50.3181620746
-1148.4655781518
235.7382206512
1461.9725222993
-1041.8796008675
-1104.0120016800
1599.2467010947
521.3328637948
-2098.1553172650
570.0286001005
2279.0998876944
-2909.3487045717
579.4138548033
2395.1228717138
-3901.5619466280
3911.6672369902
-3476.2159524340
4208.9937739675
-3668.2893572520
1744.2233575021
1423.7352258637
-3899.2371203499
3226.1011053734
277.3805815844
-2908.4512981854
1819.7944028717
1142.2667956534
-1962.6482544296
123.2182246160
1080.1874315762
100.5174106946
-1465.6421112814
898.8701958751
307.7105061766
-110.9651109333
-804.2274751843
620.8651031252
333.3298203287
-426.0569444077
-336.5706516877
589.8556135788
-127.0246534560
6.5488286394
-514.0804283001
824.4965575976
-546.0052401064
167.6779897211
-50.4350182035
53.6096600401
-50.5040680495
53.6096600401
-50.4350182035
167.6779897211
-546.0052401064
824.4965575976
-514.0804283001
6.5488286394
-127.0246534560
589.8556135788
-336.5706516877
-426.0569444077
333.3298203287
620.8651031252
-804.2274751843
-110.9651109333
307.7105061766
898.8701958751
-1465.6421112814
100.5174106946
1080.1874315762
123.2182246160
-1962.6482544296
1142.2667956534
1819.7944028717
-2908.4512981854
277.3805815844
3226.1011053734
-3899.2371203499
1423.7352258637
1744.2233575021
-3668.2893572520
-5348.3612650061
6049.6308611986
-6816.9830617723
5089.4848279010
-463.6112530585
-3600.7772279336
3228.5972172653
576.0203365252
-2670.5301227030
667.8587068857
1939.5651166750
-1334.4951037718
-1049.0205098052
1438.0759495634
241.5320725450
-967.3157341957
-86.6042294258
728.0818092298
65.8035419258
-666.7632081027
5.7679644525
660.9030514107
-167.1168151557
-638.9685851420
540.1340677919
132.2407583656
-381.0199293478
184.2651871517
-162.7033569902
332.2104103751
-170.3219821211
-370.5643594892
681.6084645112
-370.5643594892
-170.3219821211
332.2104103751
-162.7033569902
184.2651871517
-381.0199293478
132.2407583656
540.1340677919
-638.9685851420
-167.1168151557
660.9030514107
5.7679644525
-666.7632081027
65.8035419258
728.0818092298
-86.6042294258
-967.3157341957
241.5320725450
1438.0759495634
-1049.0205098052
-1334.4951037718
1939.5651166750
667.8587068857
-2670.5301227030
576.0203365252
3228.5972172653
-3600.7772279336
-463.6112530585
5089.4848279010
-6816.9830617723
6049.6308611986
-7655.5724714347
5566.8802472098
-82.9260370315
-5318.2758732979
5632.9219451332
-465.1073649504
-3900.2371203499
2397.0202781000
1751.8509104955
-2254.2336848154
-726.1159655844
1791.0946312230
557.0512946895
-2163.7158496163
706.2290014051
886.8296393540
-38.0512946895
-1341.5479243944
753.6515428615
625.3334240189
-455.8509104955
-687.5566273211
710.8573141693
277.2318412295
-455.8509104955
-462.2997695308
1005.8965401531
-597.0878364758
237.2813126546
-463.3513631732
492.6447243768
128.7862324403
-563.1322231501
128.7862324403
492.6447243768
-463.3513631732
237.2813126546
-597.0878364758
1005.8965401531
-462.2997695308
-455.8509104955
277.2318412295
710.8573141693
-687.5566273211
-455.8509104955
625.3334240189
753.6515428615
-1341.5479243944
-38.0512946895
886.8296393540
706.2290014051
-2163.7158496163
557.0512946895
1791.0946312230
-726.1159655844
-2254.2336848154
1751.8509104955
2397.0202781000
-3900.2371203499
-465.1073649504
5632.9219451332
-5318.2758732979
-82.9260370315
5566.8802472098
12609.1020984057
-13502.7202559099
11790.4911122410
-3326.5444000349
-5322.1465995006
5094.8516659956
1420.8644996609
-3899.5886268116
-48.9631797177
2915.2235649705
-588.2268348512
-2030.4495174258
671.5012849886
1506.1586979483
-560.8794750646
-1404.8806660361
749.4320939944
1182.7598506602
-955.0186593448
-822.4150529668
1015.5004722449
436.3767714596
-888.3313441541
-151.7208631183
572.9164089131
264.2924542677
-597.7439999559
-299.4718666957
857.6838703500
-145.8024743276
-561.0106065213
223.6413340049
199.3385830687
223.6413340049
-561.0106065213
-145.8024743276
857.6838703500
-299.4718666957
-597.7439999559
264.2924542677
572.9164089131
-151.7208631183
-888.3313441541
436.3767714596
1015.5004722449
-822.4150529668
-955.0186593448
1182.7598506602
749.4320939944
-1404.8806660361
-560.8794750646
1506.1586979483
671.5012849886
-2030.4495174258
-588.2268348512
2915.2235649705
-48.9631797177
-3899.5886268116
1420.8644996609
5094.8516659956
-5322.1465995006
-3326.5444000349
11790.4911122410
-13502.7202559099
19004.2969990762
-8271.1547462343
-9394.8447246414
11793.3618384437
-81.9260370315
-6819.4791736642
1744.2233575021
3912.5646433764
-1558.2462035575
-2722.9268778805
1472.1756314082
2031.4375580871
-1658.8138162214
-845.4224584426
527.6763537082
1606.6003032024
-1367.0348391911
-698.9678475867
841.2986965009
894.7105558288
-1202.1777368700
-307.8752517902
813.5238365382
359.7961185999
-869.2897015055
-29.8341105202
272.8367869126
920.1981573903
-1519.5479022360
416.9959017465
611.1100620711
-176.0046105564
-394.2245258503
-176.0046105564
611.1100620711
416.9959017465
-1519.5479022360
920.1981573903
272.8367869126
-29.8341105202
-869.2897015055
359.7961185999
813.5238365382
-307.8752517902
-1202.1777368700
894.7105558288
841.2986965009
-698.9678475867
-1367.0348391911
1606.6003032024
527.6763537082
-845.4224584426
-1658.8138162214
2031.4375580871
1472.1756314082
-2722.9268778805
-1558.2462035575
3912.5646433764
1744.2233575021
-6819.4791736642
-81.9260370315
11793.3618384437
-9394.8447246414
-8271.1547462343
-74721.9819099033
51806.5427898990
-8260.4770124218
-13516.2687159251
5576.5579810222
6041.4492392780
-3657.6116234395
-3487.7910926327
2652.2157406763
2259.9111221247
-2011.7669149097
-1635.1653702630
1662.9649805895
1215.1662646303
-1453.5539032211
-839.8556364461
1192.7103013718
630.0560516855
-968.4974813532
-556.8752969947
842.8554878000
546.2115792833
-830.8192661844
-519.3244267861
915.2883932778
359.8097709338
-899.8574485348
-228.0782143864
816.4351183514
255.7368025531
-929.6808094222
-146.9959479799
1059.3969847520
-146.9959479799
-929.6808094222
255.7368025531
816.4351183514
-228.0782143864
-899.8574485348
359.8097709338
915.2883932778
-519.3244267861
-830.8192661844
546.2115792833
842.8554878000
-556.8752969947
-968.4974813532
630.0560516855
1192.7103013718
-839.8556364461
-1453.5539032211
1215.1662646303
1662.9649805895
-1635.1653702630
-2011.7669149097
2259.9111221247
2652.2157406763
-3487.7910926327
-3657.6116234395
6041.4492392780
5576.5579810222
-13516.2687159251
-8260.4770124218
51806.5427898990
