11.5447051003 11.2214583669 9.8515781210 9.4438280637 8.9454072321 8.5820174299 8.3411702623 8.1018642807 8.0202191691 7.6241604646 7.7049894874 7.2131160873 7.2628709836 7.4095308773 7.6591730610 5.5493359734 6.8101424501 6.6090510751 7.0235593795 5.7101506741 6.3375402003 6.6118887928 6.7916606098 6.2951684948 6.7383373851 6.5092442044 7.2665444832 6.0067913022 5.1911665259 6.6623558327 7.0514657329 5.7719090913 7.2619270927 5.7719090913 7.0514657329 6.6623558327 5.1911665259 6.0067913022 7.2665444832 6.5092442044 6.7383373851 6.2951684948 6.7916606098 6.6118887928 6.3375402003 5.7101506741 7.0235593795 6.6090510751 6.8101424501 5.5493359734 7.6591730610 7.4095308773 7.2628709836 7.2131160873 7.7049894874 7.6241604646 8.0202191691 8.1018642807 8.3411702623 8.5820174299 8.9454072321 9.4438280637 9.8515781210 11.2214583669
11.2449111237 10.8860184140 9.2256405468 9.5118941470 8.6533002212 8.7083820285 8.2098856889 8.1578275083 7.8878125838 7.7250598194 7.6092541329 7.4041193194 7.4187718491 7.1186278415 7.3109821380 6.7961780890 7.0910793141 6.4495431327 6.8797063216 6.3520291467 6.7525411786 6.3218072938 6.7241011352 6.2553801990 6.8207249697 5.9742425501 6.8471998679 5.9785432608 6.7791228147 5.9290630107 6.8440102462 5.1831767031 6.9850567286 5.1831767031 6.8440102462 5.9290630107 6.7791228147 5.9785432608 6.8471998679 5.9742425501 6.8207249697 6.2553801990 6.7241011352 6.3218072938 6.7525411786 6.3520291467 6.8797063216 6.4495431327 7.0910793141 6.7961780890 7.3109821380 7.1186278415 7.4187718491 7.4041193194 7.6092541329 7.7250598194 7.8878125838 8.1578275083 8.2098856889 8.7083820285 8.6533002212 9.5118941470 9.2256405468 10.8860184140
10.1234483423 9.5956670843 9.2291068167 9.3854212468 7.6085633747 8.8277058723 7.5742156275 8.2726319063 7.3916853047 7.9110677445 7.3064648293 7.6175725721 7.4190273697 6.7423402426 6.3135510490 7.3846496361 7.2225615270 6.5619368360 6.7361768708 6.7990579917 7.0933016930 5.7358458418 6.7028525140 5.9103438997 6.7718692671 3.5261715892 5.6338397316 6.8260731491 7.3269682699 6.0543834798 6.4219374988 5.2707504590 6.0652214979 5.2707504590 6.4219374988 6.0543834798 7.3269682699 6.8260731491 5.6338397316 3.5261715892 6.7718692671 5.9103438997 6.7028525140 5.7358458418 7.0933016930 6.7990579917 6.7361768708 6.5619368360 7.2225615270 7.3846496361 6.3135510490 6.7423402426 7.4190273697 7.6175725721 7.3064648293 7.9110677445 7.3916853047 8.2726319063 7.5742156275 8.8277058723 7.6085633747 9.3854212468 9.2291068167 9.5956670843
9.4802201760 9.5163455141 9.3937290543 8.4587369668 8.6018386810 8.5594047177 7.4780738768 8.2702194707 6.3415502153 7.9782308379 6.5365066167 7.6169385280 6.6804765838 7.3381518694 6.3520226666 7.2574090580 6.6843447920 7.0847358682 6.8630617101 6.7175530883 6.9349303621 6.1002860658 6.7904742863 5.0481216548 6.3655255509 5.6743478893 6.4483955313 6.1381231108 6.8481394258 5.5547823682 6.3315641140 5.4487398554 5.3304180927 5.4487398554 6.3315641140 5.5547823682 6.8481394258 6.1381231108 6.4483955313 5.6743478893 6.3655255509 5.0481216548 6.7904742863 6.1002860658 6.9349303621 6.7175530883 6.8630617101 7.0847358682 6.6843447920 7.2574090580 6.3520226666 7.3381518694 6.6804765838 7.6169385280 6.5365066167 7.9782308379 6.3415502153 8.2702194707 7.4780738768 8.5594047177 8.6018386810 8.4587369668 9.3937290543 9.5163455141
9.0994681227 8.8904788964 8.2755033504 8.6232137874 8.6509497541 7.4494456427 8.2737785906 7.8325666983 7.5051643939 7.7351311448 6.7566941052 7.4925531816 6.4507730343 7.6800720711 6.5738404970 6.7928913672 4.9526278048 7.2043931521 6.6535917369 6.4408653327 6.1961821359 6.5367207473 6.5840296702 5.6950693011 6.1251788804 6.1405123843 6.9148628247 6.4113024797 5.7552162468 6.1646672907 6.2117677663 5.2247834003 6.3597168114 5.2247834003 6.2117677663 6.1646672907 5.7552162468 6.4113024797 6.9148628247 6.1405123843 6.1251788804 5.6950693011 6.5840296702 6.5367207473 6.1961821359 6.4408653327 6.6535917369 7.2043931521 4.9526278048 6.7928913672 6.5738404970 7.6800720711 6.4507730343 7.4925531816 6.7566941052 7.7351311448 7.5051643939 7.8325666983 8.2737785906 7.4494456427 8.6509497541 8.6232137874 8.2755033504 8.8904788964
8.6593068986 8.7403397764 8.8273376272 8.5799045994 7.5960293250 8.2083937136 8.1093885550 7.0567592629 7.8905735857 6.8021288800 7.5791129254 7.2135611894 6.9574627449 7.3176963373 6.2264050888 6.8785001711 4.4729108140 6.6502208082 5.7400564225 6.5048079049 4.7632204806 6.4988817493 5.5536742234 6.4692397471 6.2942485485 5.2314699423 6.2232482823 5.9297272492 5.5931167789 5.9127627969 5.3291134350 5.9180535440 6.5344512014 5.9180535440 5.3291134350 5.9127627969 5.5931167789 5.9297272492 6.2232482823 5.2314699423 6.2942485485 6.4692397471 5.5536742234 6.4988817493 4.7632204806 6.5048079049 5.7400564225 6.6502208082 4.4729108140 6.8785001711 6.2264050888 7.3176963373 6.9574627449 7.2135611894 7.5791129254 6.8021288800 7.8905735857 7.0567592629 8.1093885550 8.2083937136 7.5960293250 8.5799045994 8.8273376272 8.7403397764
8.4847371389 8.3962967423 8.0226352134 7.7709816228 8.2776510054 8.1148432289 7.1260140402 7.9827307222 7.5557684749 7.1296776924 7.5908851091 6.3002480743 6.9858983461 6.1368195043 7.3041974022 6.8240723188 5.8894520874 5.0279656194 6.7050619401 6.4420901562 5.8713223409 6.0750848629 5.8790624195 6.4015141241 5.6564802836 4.3233894045 6.2938119414 6.7449422972 6.3306687605 5.2625794577 4.0076308302 5.1458435191 5.6241697549 5.1458435191 4.0076308302 5.2625794577 6.3306687605 6.7449422972 6.2938119414 4.3233894045 5.6564802836 6.4015141241 5.8790624195 6.0750848629 5.8713223409 6.4420901562 6.7050619401 5.0279656194 5.8894520874 6.8240723188 7.3041974022 6.1368195043 6.9858983461 6.3002480743 7.5908851091 7.1296776924 7.5557684749 7.9827307222 7.1260140402 8.1148432289 8.2776510054 7.7709816228 8.0226352134 8.3962967423
8.1978945408 8.2196897201 8.2820848442 8.2768103038 7.9051295429 7.2025965934 7.9807899259 7.7765098610 6.9018748357 7.6499331505 6.6663251672 7.4204672452 7.0081915923 6.9608542748 7.2995205305 6.2806221985 7.0762156139 3.9511152826 6.7892478421 5.5102723781 6.5922402254 5.2806234765 6.3799554988 5.2010405243 6.7438941360 6.2496679768 6.2397130818 6.6459368712 6.0070887837 5.0344983322 3.0447911345 5.8440598818 6.4400253409 5.8440598818 3.0447911345 5.0344983322 6.0070887837 6.6459368712 6.2397130818 6.2496679768 6.7438941360 5.2010405243 6.3799554988 5.2806234765 6.5922402254 5.5102723781 6.7892478421 3.9511152826 7.0762156139 6.2806221985 7.2995205305 6.9608542748 7.0081915923 7.4204672452 6.6663251672 7.6499331505 6.9018748357 7.7765098610 7.9807899259 7.2025965934 7.9051295429 8.2768103038 8.2820848442 8.2196897201
8.1115824696 8.0161189764 7.7202531088 7.3478219172 7.6020422341 7.8910669473 7.6079848351 6.9656207989 7.7751265180 7.3557525514 7.0793400803 7.7184607595 6.4753237629 7.1356201840 6.3628980663 7.3180459756 7.3372947605 5.5732296619 6.6177190758 6.1312202502 6.8614425340 5.3005810665 6.7068373740 5.3505800873 7.0636288661 6.4508426747 5.0272264520 5.8763152052 6.7511567410 5.8848689849 5.6256480578 5.2919744306 6.2462693265 5.2919744306 5.6256480578 5.8848689849 6.7511567410 5.8763152052 5.0272264520 6.4508426747 7.0636288661 5.3505800873 6.7068373740 5.3005810665 6.8614425340 6.1312202502 6.6177190758 5.5732296619 7.3372947605 7.3180459756 6.3628980663 7.1356201840 6.4753237629 7.7184607595 7.0793400803 7.3557525514 7.7751265180 6.9656207989 7.6079848351 7.8910669473 7.6020422341 7.3478219172 7.7202531088 8.0161189764
7.7606927087 7.8141935963 7.9337814231 7.9765757848 7.7579387500 7.1061259338 7.2297178949 7.6506166668 7.4162909277 6.4197251988 7.3007162539 7.0119820414 6.7593616204 7.1025293859 5.6101438960 7.2784614295 6.5554597315 6.9819946087 6.6477937463 6.5709458285 6.7313352284 6.2781289027 6.8730759606 4.6157001978 6.4365543704 6.1687499630 6.4868234816 6.3341530311 7.1282755020 5.5759527123 6.7526972327 6.0498513477 5.0817491030 6.0498513477 6.7526972327 5.5759527123 7.1282755020 6.3341530311 6.4868234816 6.1687499630 6.4365543704 4.6157001978 6.8730759606 6.2781289027 6.7313352284 6.5709458285 6.6477937463 6.9819946087 6.5554597315 7.2784614295 5.6101438960 7.1025293859 6.7593616204 7.0119820414 7.3007162539 6.4197251988 7.4162909277 7.6506166668 7.2297178949 7.1061259338 7.7579387500 7.9765757848 7.9337814231 7.8141935963
7.7977984840 7.7300660155 7.5396312564 7.1704709569 7.0605540582 7.5907195956 7.5922661809 6.8704212762 7.2200625249 7.3003009331 6.3978275600 7.0176272484 7.2548489312 6.4965517200 6.2451494219 6.2614259576 6.7596288893 7.2838939318 6.2061575695 6.6817607262 6.1971058984 6.5144296891 6.4910823454 5.9257684681 5.0912205490 7.0250754057 7.1416363532 5.2938857763 6.7009699782 5.9907854968 7.0565873818 5.6542072377 6.5946897447 5.6542072377 7.0565873818 5.9907854968 6.7009699782 5.2938857763 7.1416363532 7.0250754057 5.0912205490 5.9257684681 6.4910823454 6.5144296891 6.1971058984 6.6817607262 6.2061575695 7.2838939318 6.7596288893 6.2614259576 6.2451494219 6.4965517200 7.2548489312 7.0176272484 6.3978275600 7.3003009331 7.2200625249 6.8704212762 7.5922661809 7.5907195956 7.0605540582 7.1704709569 7.5396312564 7.7300660155
7.3776459556 7.5125822149 7.6664629959 7.6234377409 7.5068473515 7.3117790491 6.5361454374 7.4000420881 7.7195187742 6.9239144782 6.9790856725 7.2897634804 6.4544112987 6.8146612779 6.4885774780 5.7890249148 6.8210097105 6.5144808868 6.2717161815 6.5984465811 5.1312577514 6.4181721178 5.1402230967 6.8712816257 6.3811448337 6.6387453109 6.8417025443 5.2410466911 6.0874590917 6.3418635563 6.7649484093 6.3021772382 7.3259743180 6.3021772382 6.7649484093 6.3418635563 6.0874590917 5.2410466911 6.8417025443 6.6387453109 6.3811448337 6.8712816257 5.1402230967 6.4181721178 5.1312577514 6.5984465811 6.2717161815 6.5144808868 6.8210097105 5.7890249148 6.4885774780 6.8146612779 6.4544112987 7.2897634804 6.9790856725 6.9239144782 7.7195187742 7.4000420881 6.5361454374 7.3117790491 7.5068473515 7.6234377409 7.6664629959 7.5125822149
7.3735088769 7.4997197489 7.5096868168 7.0059808965 6.9580520367 7.0914154155 6.9851631335 7.1320448027 6.8513091680 6.7811888940 7.2564532967 6.2964952016 7.2460206730 7.2964303543 5.8935292438 6.3444893902 5.6984286741 6.8393307409 6.8155528740 5.7648659155 6.2313174849 6.1989717172 5.4382630609 6.8208014651 6.6183788844 5.3013734880 5.4960785181 6.3404681349 6.2198595922 5.6939892545 6.1124770491 6.2922666731 7.1180216457 6.2922666731 6.1124770491 5.6939892545 6.2198595922 6.3404681349 5.4960785181 5.3013734880 6.6183788844 6.8208014651 5.4382630609 6.1989717172 6.2313174849 5.7648659155 6.8155528740 6.8393307409 5.6984286741 6.3444893902 5.8935292438 7.2964303543 7.2460206730 6.2964952016 7.2564532967 6.7811888940 6.8513091680 7.1320448027 6.9851631335 7.0914154155 6.9580520367 7.0059808965 7.5096868168 7.4997197489
7.5187841646 7.2519928487 6.8895831821 7.3303817153 7.6799852295 7.2993469193 6.3807503830 7.0747849261 7.1499685958 7.1147685113 6.5217732809 6.7137221951 7.3110536345 6.4942731022 6.9945902649 6.6605101365 6.4704935441 7.0190360595 6.0373498579 6.5795586711 6.2444592786 5.4719172801 4.5855825907 6.0938547806 5.8591467641 5.1603095055 5.6963240043 6.0672100042 5.8892422823 4.5197722081 5.5395724197 5.9344375956 6.2253754542 5.9344375956 5.5395724197 4.5197722081 5.8892422823 6.0672100042 5.6963240043 5.1603095055 5.8591467641 6.0938547806 4.5855825907 5.4719172801 6.2444592786 6.5795586711 6.0373498579 7.0190360595 6.4704935441 6.6605101365 6.9945902649 6.4942731022 7.3110536345 6.7137221951 6.5217732809 7.1147685113 7.1499685958 7.0747849261 6.3807503830 7.2993469193 7.6799852295 7.3303817153 6.8895831821 7.2519928487
7.6967499174 7.3565376552 6.7086812013 6.8045596388 6.9120623593 6.3753602254 7.2960934661 7.3109299590 6.6640317743 6.4346387871 6.3121853489 6.5467581835 6.1472523153 6.9556364582 7.3734745885 6.3241091156 6.6404291225 6.0512445982 6.9682433464 6.9427071285 6.1332593201 6.8337487842 4.8741418396 6.9969777772 6.6795761892 4.6697373637 4.9235853222 6.2107065668 5.6662172481 5.6026302274 5.5068889715 6.3608122665 6.9120752772 6.3608122665 5.5068889715 5.6026302274 5.6662172481 6.2107065668 4.9235853222 4.6697373637 6.6795761892 6.9969777772 4.8741418396 6.8337487842 6.1332593201 6.9427071285 6.9682433464 6.0512445982 6.6404291225 6.3241091156 7.3734745885 6.9556364582 6.1472523153 6.5467581835 6.3121853489 6.4346387871 6.6640317743 7.3109299590 7.2960934661 6.3753602254 6.9120623593 6.8045596388 6.7086812013 7.3565376552
6.6181197058 6.9460972519 7.4201295182 7.2715215999 6.7987863119 6.8802773843 6.9016830586 6.4416110948 7.3477915359 7.2665547172 6.2024272436 6.0599137232 6.3343980438 6.7579149898 6.5760048382 6.3226914163 6.7600129200 5.4533564497 7.1880440255 6.3962720877 7.0768685018 7.2527228894 3.5209688896 6.8285792344 6.0111107135 6.4012219315 4.8942202187 6.7675860930 6.3715737252 6.1044389097 6.6381993378 5.4591394065 6.2570156126 5.4591394065 6.6381993378 6.1044389097 6.3715737252 6.7675860930 4.8942202187 6.4012219315 6.0111107135 6.8285792344 3.5209688896 7.2527228894 7.0768685018 6.3962720877 7.1880440255 5.4533564497 6.7600129200 6.3226914163 6.5760048382 6.7579149898 6.3343980438 6.0599137232 6.2024272436 7.2665547172 7.3477915359 6.4416110948 6.9016830586 6.8802773843 6.7987863119 7.2715215999 7.4201295182 6.9460972519
6.8427425696 7.1271481608 7.2988123902 6.8848861490 6.2978792413 6.0155193661 5.9202985808 7.0475181238 7.3669970137 6.6257844510 6.8180017082 6.7985424987 5.7448063928 6.6229767854 6.6651509477 6.7681806542 6.5117497519 5.1621856019 6.5381579089 5.1279113701 6.9156306036 6.6272917543 6.1037192657 5.8968254801 6.7160955060 7.1570923850 5.9808263849 6.4024105339 6.1085575839 5.9496573942 6.5984379413 5.9766190069 4.9436681036 5.9766190069 6.5984379413 5.9496573942 6.1085575839 6.4024105339 5.9808263849 7.1570923850 6.7160955060 5.8968254801 6.1037192657 6.6272917543 6.9156306036 5.1279113701 6.5381579089 5.1621856019 6.5117497519 6.7681806542 6.6651509477 6.6229767854 5.7448063928 6.7985424987 6.8180017082 6.6257844510 7.3669970137 7.0475181238 5.9202985808 6.0155193661 6.2978792413 6.8848861490 7.2988123902 7.1271481608
6.8003453111 6.7036537490 6.7583052640 7.1239485896 7.2105405252 6.5972414466 5.7275102927 6.1689521501 6.2801839063 6.9795396338 7.2839525971 6.3203440970 6.8023373234 7.0169506007 6.2559788160 6.2692156028 5.7696968817 4.2049805053 5.6262878896 5.6700803257 5.7072593345 6.6918272962 6.8462435814 4.8556264627 6.6890314878 6.7221001460 5.5655206419 5.2154755251 5.2030883983 4.7626106810 5.8811979592 5.5285309496 4.6532219662 5.5285309496 5.8811979592 4.7626106810 5.2030883983 5.2154755251 5.5655206419 6.7221001460 6.6890314878 4.8556264627 6.8462435814 6.6918272962 5.7072593345 5.6700803257 5.6262878896 4.2049805053 5.7696968817 6.2692156028 6.2559788160 7.0169506007 6.8023373234 6.3203440970 7.2839525971 6.9795396338 6.2801839063 6.1689521501 5.7275102927 6.5972414466 7.2105405252 7.1239485896 6.7583052640 6.7036537490
7.0714625027 6.9401934584 6.8397186899 6.9723034131 6.7871774967 5.8396844213 6.7141139083 6.7891200225 6.6439678489 6.7693906539 6.4893392571 6.2377934701 6.8279032487 6.0178812229 6.9741453357 7.1880009900 6.4421335156 5.3009518419 6.2496411034 5.3984032308 6.2164829081 6.8727827565 6.4143345991 5.5980353033 5.2973850467 6.7871709541 6.7226521155 5.4450755568 6.5038166363 5.2299792805 6.7923866843 6.1398581795 5.1933454974 6.1398581795 6.7923866843 5.2299792805 6.5038166363 5.4450755568 6.7226521155 6.7871709541 5.2973850467 5.5980353033 6.4143345991 6.8727827565 6.2164829081 5.3984032308 6.2496411034 5.3009518419 6.4421335156 7.1880009900 6.9741453357 6.0178812229 6.8279032487 6.2377934701 6.4893392571 6.7693906539 6.6439678489 6.7891200225 6.7141139083 5.8396844213 6.7871774967 6.9723034131 6.8397186899 6.9401934584
6.2428893679 6.5611624002 6.9228143432 6.8408985510 6.5178439070 6.5008754311 6.5173838845 6.0265274456 6.3979605115 6.6858359794 6.7086631468 6.6000959910 5.7933140628 6.5299519410 6.9823637499 6.6406304320 5.8935206379 5.6740302495 5.6587449447 4.6858003982 5.3160751883 5.7270376656 6.4971855227 6.7857760461 5.0504498646 7.2439164587 6.9544017776 6.4169474654 7.0171495652 4.7850632879 6.7691053048 5.5764248956 6.9107495443 5.5764248956 6.7691053048 4.7850632879 7.0171495652 6.4169474654 6.9544017776 7.2439164587 5.0504498646 6.7857760461 6.4971855227 5.7270376656 5.3160751883 4.6858003982 5.6587449447 5.6740302495 5.8935206379 6.6406304320 6.9823637499 6.5299519410 5.7933140628 6.6000959910 6.7086631468 6.6858359794 6.3979605115 6.0265274456 6.5173838845 6.5008754311 6.5178439070 6.8408985510 6.9228143432 6.5611624002
6.4120769216 6.7788106821 7.1242151776 6.9744336134 6.3290478263 5.7418465559 6.0051354216 6.5797106968 6.8726014787 6.7853246521 6.3722126988 5.7076503561 6.2395588989 6.2576915541 6.2598668934 7.1276407360 6.8909197016 5.2794920548 6.3157769373 4.5590984957 5.8234200457 6.0330594483 6.5841193928 6.8558906588 5.9270795451 6.5657287373 6.1472672110 6.6746950050 6.8774126864 5.6938656384 6.5894659160 6.3809109254 7.3650489662 6.3809109254 6.5894659160 5.6938656384 6.8774126864 6.6746950050 6.1472672110 6.5657287373 5.9270795451 6.8558906588 6.5841193928 6.0330594483 5.8234200457 4.5590984957 6.3157769373 5.2794920548 6.8909197016 7.1276407360 6.2598668934 6.2576915541 6.2395588989 5.7076503561 6.3722126988 6.7853246521 6.8726014787 6.5797106968 6.0051354216 5.7418465559 6.3290478263 6.9744336134 7.1242151776 6.7788106821
6.7351247423 6.5336467132 6.3264749506 6.4173270764 6.6034408511 6.4990527001 6.1280176248 5.9039618433 6.1060420566 6.4997828266 6.5789487077 6.4189042524 6.2270738051 4.5223931170 6.7847951018 7.2704797072 6.5379403412 6.6426768188 6.8549015575 4.8003766341 6.0139392603 6.0072709598 6.7725385878 5.9382434816 6.3547873807 5.9983509009 4.5315854306 6.0225165319 5.7832795322 6.3852721392 6.7012133200 5.6648455305 6.8957606900 5.6648455305 6.7012133200 6.3852721392 5.7832795322 6.0225165319 4.5315854306 5.9983509009 6.3547873807 5.9382434816 6.7725385878 6.0072709598 6.0139392603 4.8003766341 6.8549015575 6.6426768188 6.5379403412 7.2704797072 6.7847951018 4.5223931170 6.2270738051 6.4189042524 6.5789487077 6.4997828266 6.1060420566 5.9039618433 6.1280176248 6.4990527001 6.6034408511 6.4173270764 6.3264749506 6.5336467132
6.8667813810 6.7845291826 6.7280870986 6.8049843753 6.6220004739 5.8274839079 6.0058783833 6.3804109684 6.7058884451 6.8859529195 6.5244700027 5.8588850657 5.8768300488 4.2552342253 6.0930974056 6.2060808419 6.1208732722 6.8499096348 6.3579793703 6.4560233391 6.5317469018 6.5788060106 7.4117256946 6.7166724389 6.1610711177 6.2993600423 5.5513500269 6.1535171755 5.2208183331 5.8742660942 6.2559738175 5.9027740911 5.7969580834 5.9027740911 6.2559738175 5.8742660942 5.2208183331 6.1535171755 5.5513500269 6.2993600423 6.1610711177 6.7166724389 7.4117256946 6.5788060106 6.5317469018 6.4560233391 6.3579793703 6.8499096348 6.1208732722 6.2060808419 6.0930974056 4.2552342253 5.8768300488 5.8588850657 6.5244700027 6.8859529195 6.7058884451 6.3804109684 6.0058783833 5.8274839079 6.6220004739 6.8049843753 6.7280870986 6.7845291826
6.5194193245 6.4983465193 6.2909902728 5.9405421083 5.9573935745 6.4826325545 6.3897190501 5.8118275271 6.2086451731 5.9450524459 5.9770911499 6.8691156894 6.7998252141 5.2658039888 6.9969708506 6.8091531987 6.0562956858 5.9143029484 5.4766025600 6.7715486335 6.8402801514 5.6840184259 6.8495034357 6.0735327792 6.2930585061 5.6251907746 6.4921084165 6.5710420749 5.4664143142 6.6789755538 6.1976041374 5.5860155622 6.2875653526 5.5860155622 6.1976041374 6.6789755538 5.4664143142 6.5710420749 6.4921084165 5.6251907746 6.2930585061 6.0735327792 6.8495034357 5.6840184259 6.8402801514 6.7715486335 5.4766025600 5.9143029484 6.0562956858 6.8091531987 6.9969708506 5.2658039888 6.7998252141 6.8691156894 5.9770911499 5.9450524459 6.2086451731 5.8118275271 6.3897190501 6.4826325545 5.9573935745 5.9405421083 6.2909902728 6.4983465193
6.7693997430 6.8361540394 6.7798964092 6.3806949917 6.1909097490 6.3433819805 5.2781019712 6.7001289762 7.0637614983 6.3811322056 5.8932133736 6.5058015572 6.6339688035 4.7224873472 6.7228522821 5.9946789012 6.7738857282 6.6801856287 5.4160681660 6.1891768737 6.1582670348 6.3595728516 6.2898709618 6.3139592633 6.3366376745 4.0728099070 6.4072894663 6.0261863310 6.2191815584 6.9242698422 6.5348728090 4.0485279799 5.5803054516 4.0485279799 6.5348728090 6.9242698422 6.2191815584 6.0261863310 6.4072894663 4.0728099070 6.3366376745 6.3139592633 6.2898709618 6.3595728516 6.1582670348 6.1891768737 5.4160681660 6.6801856287 6.7738857282 5.9946789012 6.7228522821 4.7224873472 6.6339688035 6.5058015572 5.8932133736 6.3811322056 7.0637614983 6.7001289762 5.2781019712 6.3433819805 6.1909097490 6.3806949917 6.7798964092 6.8361540394
6.7522594077 6.3407433669 5.7300278886 5.9754038195 6.3291204016 5.4269832830 4.4988103440 6.3398918837 6.5481144441 6.0690007227 7.0673810972 6.6577148447 5.2619830632 5.0074540916 5.1178199647 6.2511395162 7.1579645800 6.6061436404 6.6905151114 7.2550124110 6.4587655047 5.9373924164 6.3476627632 5.9254426159 5.4819464867 4.4718637776 5.3240403116 5.1611414110 5.4906413287 6.0702901630 6.0176680604 4.2928564942 5.0408982386 4.2928564942 6.0176680604 6.0702901630 5.4906413287 5.1611414110 5.3240403116 4.4718637776 5.4819464867 5.9254426159 6.3476627632 5.9373924164 6.4587655047 7.2550124110 6.6905151114 6.6061436404 7.1579645800 6.2511395162 5.1178199647 5.0074540916 5.2619830632 6.6577148447 7.0673810972 6.0690007227 6.5481144441 6.3398918837 4.4988103440 5.4269832830 6.3291204016 5.9754038195 5.7300278886 6.3407433669
7.2808446905 6.8291502485 5.8357015082 6.4123648287 6.9156246434 5.9536686680 6.3013619085 6.3137212601 5.1220729075 6.4442482955 7.1640629203 6.8212445271 4.8914158804 5.6696376319 5.0048817172 5.7643290414 6.3180119934 5.2694884448 6.7123370643 7.0259783438 6.2211187668 4.5047989767 5.6317402143 6.5345410154 6.4000890237 4.2873987344 6.1176667456 6.0676826028 5.5793954438 6.9481066748 6.8709650520 4.5076840053 6.3056855254 4.5076840053 6.8709650520 6.9481066748 5.5793954438 6.0676826028 6.1176667456 4.2873987344 6.4000890237 6.5345410154 5.6317402143 4.5047989767 6.2211187668 7.0259783438 6.7123370643 5.2694884448 6.3180119934 5.7643290414 5.0048817172 5.6696376319 4.8914158804 6.8212445271 7.1640629203 6.4442482955 5.1220729075 6.3137212601 6.3013619085 5.9536686680 6.9156246434 6.4123648287 5.8357015082 6.8291502485
6.3735246385 6.1602983149 6.9197553307 6.1164618015 6.4417139155 5.2839549793 6.7164531194 6.6002858321 5.8341796306 6.5604691588 6.2039009555 5.8700225855 6.3556228301 5.9507092842 6.0689180067 6.7787107185 6.4027749873 4.9462708065 5.9374087223 6.6315767258 6.7485443250 5.8539342364 6.0594550897 6.6013807874 6.0913272633 4.7883758844 6.0954637972 6.0727671726 5.1093021917 6.5562893559 6.3886816883 5.8453977102 6.7572555245 5.8453977102 6.3886816883 6.5562893559 5.1093021917 6.0727671726 6.0954637972 4.7883758844 6.0913272633 6.6013807874 6.0594550897 5.8539342364 6.7485443250 6.6315767258 5.9374087223 4.9462708065 6.4027749873 6.7787107185 6.0689180067 5.9507092842 6.3556228301 5.8700225855 6.2039009555 6.5604691588 5.8341796306 6.6002858321 6.7164531194 5.2839549793 6.4417139155 6.1164618015 6.9197553307 6.1602983149
5.2609503456 6.7044578093 7.3301108615 6.7611550652 5.4738901326 5.1448473982 6.3373369459 5.7733772876 6.6798833482 7.1301870190 6.6881853909 6.1557707124 6.2775345854 5.8271496777 5.6180716669 6.4773459101 6.1859799882 4.0011753886 6.4660451340 7.0268914520 6.8916424941 5.6691377663 5.2668630736 5.8371789010 6.3503645507 5.1230122594 5.9586840812 5.3442919466 6.1385225302 6.3457492248 5.7453842792 5.7950111192 6.2016692866 5.7950111192 5.7453842792 6.3457492248 6.1385225302 5.3442919466 5.9586840812 5.1230122594 6.3503645507 5.8371789010 5.2668630736 5.6691377663 6.8916424941 7.0268914520 6.4660451340 4.0011753886 6.1859799882 6.4773459101 5.6180716669 5.8271496777 6.2775345854 6.1557707124 6.6881853909 7.1301870190 6.6798833482 5.7733772876 6.3373369459 5.1448473982 5.4738901326 6.7611550652 7.3301108615 6.7044578093
6.7746658459 6.2161550077 6.4481863228 5.8813545735 6.1623324031 5.8173353057 5.2365849337 4.3571254887 6.0682050986 6.2413793270 6.3776069105 6.4871332991 5.8705256977 4.8068515689 5.6317355594 6.2649898544 6.0838810625 4.0051661989 5.9647951225 6.1573878984 6.1838720676 6.4651500861 5.5367062571 6.6146401879 6.9134138607 4.5903966469 6.9531133142 6.4500297984 6.2096361191 6.7188597141 5.6288396714 6.1183868098 6.4763815042 6.1183868098 5.6288396714 6.7188597141 6.2096361191 6.4500297984 6.9531133142 4.5903966469 6.9134138607 6.6146401879 5.5367062571 6.4651500861 6.1838720676 6.1573878984 5.9647951225 4.0051661989 6.0838810625 6.2649898544 5.6317355594 4.8068515689 5.8705256977 6.4871332991 6.3776069105 6.2413793270 6.0682050986 4.3571254887 5.2365849337 5.8173353057 6.1623324031 5.8813545735 6.4481863228 6.2161550077
7.0824240686 6.8517357053 6.4280751642 6.3318214486 6.2277901719 5.3899347032 3.9474303793 4.1862647070 5.4670853250 6.7324950716 7.0574292384 6.7802833821 6.1493998188 5.5224617038 5.4332529210 6.6312228904 6.5707209732 5.1088248074 6.7860859338 6.7682383270 6.6177977516 6.7178748453 6.1450482906 6.1474476000 6.5583851763 5.3333969438 6.8900382430 6.3222154050 5.6300736063 5.8113459626 5.9828905695 6.4478451462 6.4868203186 6.4478451462 5.9828905695 5.8113459626 5.6300736063 6.3222154050 6.8900382430 5.3333969438 6.5583851763 6.1474476000 6.1450482906 6.7178748453 6.6177977516 6.7682383270 6.7860859338 5.1088248074 6.5707209732 6.6312228904 5.4332529210 5.5224617038 6.1493998188 6.7802833821 7.0574292384 6.7324950716 5.4670853250 4.1862647070 3.9474303793 5.3899347032 6.2277901719 6.3318214486 6.4280751642 6.8517357053
6.4868182082 6.1942915725 5.7914707275 5.7104681829 5.5824975090 6.0123835999 4.0089089544 5.9134926912 5.3774172171 6.2114341777 6.1782617747 6.6047010903 6.4354843873 5.6670296116 6.4307898900 5.6090330658 6.0267442594 4.9589655243 6.2481066102 6.0944935180 6.6685306036 6.0622400767 5.9039237265 5.7026397144 5.1771898686 4.5140156845 5.7510411994 6.0848047680 5.6959585707 6.0426690086 6.4315058889 5.9006647479 6.8272876555 5.9006647479 6.4315058889 6.0426690086 5.6959585707 6.0848047680 5.7510411994 4.5140156845 5.1771898686 5.7026397144 5.9039237265 6.0622400767 6.6685306036 6.0944935180 6.2481066102 4.9589655243 6.0267442594 5.6090330658 6.4307898900 5.6670296116 6.4354843873 6.6047010903 6.1782617747 6.2114341777 5.3774172171 5.9134926912 4.0089089544 6.0123835999 5.5824975090 5.7104681829 5.7914707275 6.1942915725
7.2506355119 6.9572302095 5.9819810350 5.3191454937 6.3352886622 6.5237272744 3.9608906533 6.4232300589 6.2091558874 5.0851996869 6.5042620831 7.3206265911 7.0760899803 5.4899191269 6.9130692228 6.1060040532 4.8751973232 3.9231545299 2.5467432893 6.8491109260 7.3650488790 6.8220584910 5.2751508148 6.2871875707 5.4692464105 4.6798698180 6.2635252895 6.7564526476 5.9789034167 6.4046084189 6.3941559779 6.6626659289 7.4295208428 6.6626659289 6.3941559779 6.4046084189 5.9789034167 6.7564526476 6.2635252895 4.6798698180 5.4692464105 6.2871875707 5.2751508148 6.8220584910 7.3650488790 6.8491109260 2.5467432893 3.9231545299 4.8751973232 6.1060040532 6.9130692228 5.4899191269 7.0760899803 7.3206265911 6.5042620831 5.0851996869 6.2091558874 6.4232300589 3.9608906533 6.5237272744 6.3352886622 5.3191454937 5.9819810350 6.9572302095
6.4868182082 6.1942915725 5.7914707275 5.7104681829 5.5824975090 6.0123835999 4.0089089544 5.9134926912 5.3774172171 6.2114341777 6.1782617747 6.6047010903 6.4354843873 5.6670296116 6.4307898900 5.6090330658 6.0267442594 4.9589655243 6.2481066102 6.0944935180 6.6685306036 6.0622400767 5.9039237265 5.7026397144 5.1771898686 4.5140156845 5.7510411994 6.0848047680 5.6959585707 6.0426690086 6.4315058889 5.9006647479 6.8272876555 5.9006647479 6.4315058889 6.0426690086 5.6959585707 6.0848047680 5.7510411994 4.5140156845 5.1771898686 5.7026397144 5.9039237265 6.0622400767 6.6685306036 6.0944935180 6.2481066102 4.9589655243 6.0267442594 5.6090330658 6.4307898900 5.6670296116 6.4354843873 6.6047010903 6.1782617747 6.2114341777 5.3774172171 5.9134926912 4.0089089544 6.0123835999 5.5824975090 5.7104681829 5.7914707275 6.1942915725
7.0824240686 6.8517357053 6.4280751642 6.3318214486 6.2277901719 5.3899347032 3.9474303793 4.1862647070 5.4670853250 6.7324950716 7.0574292384 6.7802833821 6.1493998188 5.5224617038 5.4332529210 6.6312228904 6.5707209732 5.1088248074 6.7860859338 6.7682383270 6.6177977516 6.7178748453 6.1450482906 6.1474476000 6.5583851763 5.3333969438 6.8900382430 6.3222154050 5.6300736063 5.8113459626 5.9828905695 6.4478451462 6.4868203186 6.4478451462 5.9828905695 5.8113459626 5.6300736063 6.3222154050 6.8900382430 5.3333969438 6.5583851763 6.1474476000 6.1450482906 6.7178748453 6.6177977516 6.7682383270 6.7860859338 5.1088248074 6.5707209732 6.6312228904 5.4332529210 5.5224617038 6.1493998188 6.7802833821 7.0574292384 6.7324950716 5.4670853250 4.1862647070 3.9474303793 5.3899347032 6.2277901719 6.3318214486 6.4280751642 6.8517357053
6.7746658459 6.2161550077 6.4481863228 5.8813545735 6.1623324031 5.8173353057 5.2365849337 4.3571254887 6.0682050986 6.2413793270 6.3776069105 6.4871332991 5.8705256977 4.8068515689 5.6317355594 6.2649898544 6.0838810625 4.0051661989 5.9647951225 6.1573878984 6.1838720676 6.4651500861 5.5367062571 6.6146401879 6.9134138607 4.5903966469 6.9531133142 6.4500297984 6.2096361191 6.7188597141 5.6288396714 6.1183868098 6.4763815042 6.1183868098 5.6288396714 6.7188597141 6.2096361191 6.4500297984 6.9531133142 4.5903966469 6.9134138607 6.6146401879 5.5367062571 6.4651500861 6.1838720676 6.1573878984 5.9647951225 4.0051661989 6.0838810625 6.2649898544 5.6317355594 4.8068515689 5.8705256977 6.4871332991 6.3776069105 6.2413793270 6.0682050986 4.3571254887 5.2365849337 5.8173353057 6.1623324031 5.8813545735 6.4481863228 6.2161550077
5.2609503456 6.7044578093 7.3301108615 6.7611550652 5.4738901326 5.1448473982 6.3373369459 5.7733772876 6.6798833482 7.1301870190 6.6881853909 6.1557707124 6.2775345854 5.8271496777 5.6180716669 6.4773459101 6.1859799882 4.0011753886 6.4660451340 7.0268914520 6.8916424941 5.6691377663 5.2668630736 5.8371789010 6.3503645507 5.1230122594 5.9586840812 5.3442919466 6.1385225302 6.3457492248 5.7453842792 5.7950111192 6.2016692866 5.7950111192 5.7453842792 6.3457492248 6.1385225302 5.3442919466 5.9586840812 5.1230122594 6.3503645507 5.8371789010 5.2668630736 5.6691377663 6.8916424941 7.0268914520 6.4660451340 4.0011753886 6.1859799882 6.4773459101 5.6180716669 5.8271496777 6.2775345854 6.1557707124 6.6881853909 7.1301870190 6.6798833482 5.7733772876 6.3373369459 5.1448473982 5.4738901326 6.7611550652 7.3301108615 6.7044578093
6.3735246385 6.1602983149 6.9197553307 6.1164618015 6.4417139155 5.2839549793 6.7164531194 6.6002858321 5.8341796306 6.5604691588 6.2039009555 5.8700225855 6.3556228301 5.9507092842 6.0689180067 6.7787107185 6.4027749873 4.9462708065 5.9374087223 6.6315767258 6.7485443250 5.8539342364 6.0594550897 6.6013807874 6.0913272633 4.7883758844 6.0954637972 6.0727671726 5.1093021917 6.5562893559 6.3886816883 5.8453977102 6.7572555245 5.8453977102 6.3886816883 6.5562893559 5.1093021917 6.0727671726 6.0954637972 4.7883758844 6.0913272633 6.6013807874 6.0594550897 5.8539342364 6.7485443250 6.6315767258 5.9374087223 4.9462708065 6.4027749873 6.7787107185 6.0689180067 5.9507092842 6.3556228301 5.8700225855 6.2039009555 6.5604691588 5.8341796306 6.6002858321 6.7164531194 5.2839549793 6.4417139155 6.1164618015 6.9197553307 6.1602983149
7.2808446905 6.8291502485 5.8357015082 6.4123648287 6.9156246434 5.9536686680 6.3013619085 6.3137212601 5.1220729075 6.4442482955 7.1640629203 6.8212445271 4.8914158804 5.6696376319 5.0048817172 5.7643290414 6.3180119934 5.2694884448 6.7123370643 7.0259783438 6.2211187668 4.5047989767 5.6317402143 6.5345410154 6.4000890237 4.2873987344 6.1176667456 6.0676826028 5.5793954438 6.9481066748 6.8709650520 4.5076840053 6.3056855254 4.5076840053 6.8709650520 6.9481066748 5.5793954438 6.0676826028 6.1176667456 4.2873987344 6.4000890237 6.5345410154 5.6317402143 4.5047989767 6.2211187668 7.0259783438 6.7123370643 5.2694884448 6.3180119934 5.7643290414 5.0048817172 5.6696376319 4.8914158804 6.8212445271 7.1640629203 6.4442482955 5.1220729075 6.3137212601 6.3013619085 5.9536686680 6.9156246434 6.4123648287 5.8357015082 6.8291502485
6.7522594077 6.3407433669 5.7300278886 5.9754038195 6.3291204016 5.4269832830 4.4988103440 6.3398918837 6.5481144441 6.0690007227 7.0673810972 6.6577148447 5.2619830632 5.0074540916 5.1178199647 6.2511395162 7.1579645800 6.6061436404 6.6905151114 7.2550124110 6.4587655047 5.9373924164 6.3476627632 5.9254426159 5.4819464867 4.4718637776 5.3240403116 5.1611414110 5.4906413287 6.0702901630 6.0176680604 4.2928564942 5.0408982386 4.2928564942 6.0176680604 6.0702901630 5.4906413287 5.1611414110 5.3240403116 4.4718637776 5.4819464867 5.9254426159 6.3476627632 5.9373924164 6.4587655047 7.2550124110 6.6905151114 6.6061436404 7.1579645800 6.2511395162 5.1178199647 5.0074540916 5.2619830632 6.6577148447 7.0673810972 6.0690007227 6.5481144441 6.3398918837 4.4988103440 5.4269832830 6.3291204016 5.9754038195 5.7300278886 6.3407433669
6.7693997430 6.8361540394 6.7798964092 6.3806949917 6.1909097490 6.3433819805 5.2781019712 6.7001289762 7.0637614983 6.3811322056 5.8932133736 6.5058015572 6.6339688035 4.7224873472 6.7228522821 5.9946789012 6.7738857282 6.6801856287 5.4160681660 6.1891768737 6.1582670348 6.3595728516 6.2898709618 6.3139592633 6.3366376745 4.0728099070 6.4072894663 6.0261863310 6.2191815584 6.9242698422 6.5348728090 4.0485279799 5.5803054516 4.0485279799 6.5348728090 6.9242698422 6.2191815584 6.0261863310 6.4072894663 4.0728099070 6.3366376745 6.3139592633 6.2898709618 6.3595728516 6.1582670348 6.1891768737 5.4160681660 6.6801856287 6.7738857282 5.9946789012 6.7228522821 4.7224873472 6.6339688035 6.5058015572 5.8932133736 6.3811322056 7.0637614983 6.7001289762 5.2781019712 6.3433819805 6.1909097490 6.3806949917 6.7798964092 6.8361540394
6.5194193245 6.4983465193 6.2909902728 5.9405421083 5.9573935745 6.4826325545 6.3897190501 5.8118275271 6.2086451731 5.9450524459 5.9770911499 6.8691156894 6.7998252141 5.2658039888 6.9969708506 6.8091531987 6.0562956858 5.9143029484 5.4766025600 6.7715486335 6.8402801514 5.6840184259 6.8495034357 6.0735327792 6.2930585061 5.6251907746 6.4921084165 6.5710420749 5.4664143142 6.6789755538 6.1976041374 5.5860155622 6.2875653526 5.5860155622 6.1976041374 6.6789755538 5.4664143142 6.5710420749 6.4921084165 5.6251907746 6.2930585061 6.0735327792 6.8495034357 5.6840184259 6.8402801514 6.7715486335 5.4766025600 5.9143029484 6.0562956858 6.8091531987 6.9969708506 5.2658039888 6.7998252141 6.8691156894 5.9770911499 5.9450524459 6.2086451731 5.8118275271 6.3897190501 6.4826325545 5.9573935745 5.9405421083 6.2909902728 6.4983465193
6.8667813810 6.7845291826 6.7280870986 6.8049843753 6.6220004739 5.8274839079 6.0058783833 6.3804109684 6.7058884451 6.8859529195 6.5244700027 5.8588850657 5.8768300488 4.2552342253 6.0930974056 6.2060808419 6.1208732722 6.8499096348 6.3579793703 6.4560233391 6.5317469018 6.5788060106 7.4117256946 6.7166724389 6.1610711177 6.2993600423 5.5513500269 6.1535171755 5.2208183331 5.8742660942 6.2559738175 5.9027740911 5.7969580834 5.9027740911 6.2559738175 5.8742660942 5.2208183331 6.1535171755 5.5513500269 6.2993600423 6.1610711177 6.7166724389 7.4117256946 6.5788060106 6.5317469018 6.4560233391 6.3579793703 6.8499096348 6.1208732722 6.2060808419 6.0930974056 4.2552342253 5.8768300488 5.8588850657 6.5244700027 6.8859529195 6.7058884451 6.3804109684 6.0058783833 5.8274839079 6.6220004739 6.8049843753 6.7280870986 6.7845291826
6.7351247423 6.5336467132 6.3264749506 6.4173270764 6.6034408511 6.4990527001 6.1280176248 5.9039618433 6.1060420566 6.4997828266 6.5789487077 6.4189042524 6.2270738051 4.5223931170 6.7847951018 7.2704797072 6.5379403412 6.6426768188 6.8549015575 4.8003766341 6.0139392603 6.0072709598 6.7725385878 5.9382434816 6.3547873807 5.9983509009 4.5315854306 6.0225165319 5.7832795322 6.3852721392 6.7012133200 5.6648455305 6.8957606900 5.6648455305 6.7012133200 6.3852721392 5.7832795322 6.0225165319 4.5315854306 5.9983509009 6.3547873807 5.9382434816 6.7725385878 6.0072709598 6.0139392603 4.8003766341 6.8549015575 6.6426768188 6.5379403412 7.2704797072 6.7847951018 4.5223931170 6.2270738051 6.4189042524 6.5789487077 6.4997828266 6.1060420566 5.9039618433 6.1280176248 6.4990527001 6.6034408511 6.4173270764 6.3264749506 6.5336467132
6.4120769216 6.7788106821 7.1242151776 6.9744336134 6.3290478263 5.7418465559 6.0051354216 6.5797106968 6.8726014787 6.7853246521 6.3722126988 5.7076503561 6.2395588989 6.2576915541 6.2598668934 7.1276407360 6.8909197016 5.2794920548 6.3157769373 4.5590984957 5.8234200457 6.0330594483 6.5841193928 6.8558906588 5.9270795451 6.5657287373 6.1472672110 6.6746950050 6.8774126864 5.6938656384 6.5894659160 6.3809109254 7.3650489662 6.3809109254 6.5894659160 5.6938656384 6.8774126864 6.6746950050 6.1472672110 6.5657287373 5.9270795451 6.8558906588 6.5841193928 6.0330594483 5.8234200457 4.5590984957 6.3157769373 5.2794920548 6.8909197016 7.1276407360 6.2598668934 6.2576915541 6.2395588989 5.7076503561 6.3722126988 6.7853246521 6.8726014787 6.5797106968 6.0051354216 5.7418465559 6.3290478263 6.9744336134 7.1242151776 6.7788106821
6.2428893679 6.5611624002 6.9228143432 6.8408985510 6.5178439070 6.5008754311 6.5173838845 6.0265274456 6.3979605115 6.6858359794 6.7086631468 6.6000959910 5.7933140628 6.5299519410 6.9823637499 6.6406304320 5.8935206379 5.6740302495 5.6587449447 4.6858003982 5.3160751883 5.7270376656 6.4971855227 6.7857760461 5.0504498646 7.2439164587 6.9544017776 6.4169474654 7.0171495652 4.7850632879 6.7691053048 5.5764248956 6.9107495443 5.5764248956 6.7691053048 4.7850632879 7.0171495652 6.4169474654 6.9544017776 7.2439164587 5.0504498646 6.7857760461 6.4971855227 5.7270376656 5.3160751883 4.6858003982 5.6587449447 5.6740302495 5.8935206379 6.6406304320 6.9823637499 6.5299519410 5.7933140628 6.6000959910 6.7086631468 6.6858359794 6.3979605115 6.0265274456 6.5173838845 6.5008754311 6.5178439070 6.8408985510 6.9228143432 6.5611624002
7.0714625027 6.9401934584 6.8397186899 6.9723034131 6.7871774967 5.8396844213 6.7141139083 6.7891200225 6.6439678489 6.7693906539 6.4893392571 6.2377934701 6.8279032487 6.0178812229 6.9741453357 7.1880009900 6.4421335156 5.3009518419 6.2496411034 5.3984032308 6.2164829081 6.8727827565 6.4143345991 5.5980353033 5.2973850467 6.7871709541 6.7226521155 5.4450755568 6.5038166363 5.2299792805 6.7923866843 6.1398581795 5.1933454974 6.1398581795 6.7923866843 5.2299792805 6.5038166363 5.4450755568 6.7226521155 6.7871709541 5.2973850467 5.5980353033 6.4143345991 6.8727827565 6.2164829081 5.3984032308 6.2496411034 5.3009518419 6.4421335156 7.1880009900 6.9741453357 6.0178812229 6.8279032487 6.2377934701 6.4893392571 6.7693906539 6.6439678489 6.7891200225 6.7141139083 5.8396844213 6.7871774967 6.9723034131 6.8397186899 6.9401934584
6.8003453111 6.7036537490 6.7583052640 7.1239485896 7.2105405252 6.5972414466 5.7275102927 6.1689521501 6.2801839063 6.9795396338 7.2839525971 6.3203440970 6.8023373234 7.0169506007 6.2559788160 6.2692156028 5.7696968817 4.2049805053 5.6262878896 5.6700803257 5.7072593345 6.6918272962 6.8462435814 4.8556264627 6.6890314878 6.7221001460 5.5655206419 5.2154755251 5.2030883983 4.7626106810 5.8811979592 5.5285309496 4.6532219662 5.5285309496 5.8811979592 4.7626106810 5.2030883983 5.2154755251 5.5655206419 6.7221001460 6.6890314878 4.8556264627 6.8462435814 6.6918272962 5.7072593345 5.6700803257 5.6262878896 4.2049805053 5.7696968817 6.2692156028 6.2559788160 7.0169506007 6.8023373234 6.3203440970 7.2839525971 6.9795396338 6.2801839063 6.1689521501 5.7275102927 6.5972414466 7.2105405252 7.1239485896 6.7583052640 6.7036537490
6.8427425696 7.1271481608 7.2988123902 6.8848861490 6.2978792413 6.0155193661 5.9202985808 7.0475181238 7.3669970137 6.6257844510 6.8180017082 6.7985424987 5.7448063928 6.6229767854 6.6651509477 6.7681806542 6.5117497519 5.1621856019 6.5381579089 5.1279113701 6.9156306036 6.6272917543 6.1037192657 5.8968254801 6.7160955060 7.1570923850 5.9808263849 6.4024105339 6.1085575839 5.9496573942 6.5984379413 5.9766190069 4.9436681036 5.9766190069 6.5984379413 5.9496573942 6.1085575839 6.4024105339 5.9808263849 7.1570923850 6.7160955060 5.8968254801 6.1037192657 6.6272917543 6.9156306036 5.1279113701 6.5381579089 5.1621856019 6.5117497519 6.7681806542 6.6651509477 6.6229767854 5.7448063928 6.7985424987 6.8180017082 6.6257844510 7.3669970137 7.0475181238 5.9202985808 6.0155193661 6.2978792413 6.8848861490 7.2988123902 7.1271481608
6.6181197058 6.9460972519 7.4201295182 7.2715215999 6.7987863119 6.8802773843 6.9016830586 6.4416110948 7.3477915359 7.2665547172 6.2024272436 6.0599137232 6.3343980438 6.7579149898 6.5760048382 6.3226914163 6.7600129200 5.4533564497 7.1880440255 6.3962720877 7.0768685018 7.2527228894 3.5209688896 6.8285792344 6.0111107135 6.4012219315 4.8942202187 6.7675860930 6.3715737252 6.1044389097 6.6381993378 5.4591394065 6.2570156126 5.4591394065 6.6381993378 6.1044389097 6.3715737252 6.7675860930 4.8942202187 6.4012219315 6.0111107135 6.8285792344 3.5209688896 7.2527228894 7.0768685018 6.3962720877 7.1880440255 5.4533564497 6.7600129200 6.3226914163 6.5760048382 6.7579149898 6.3343980438 6.0599137232 6.2024272436 7.2665547172 7.3477915359 6.4416110948 6.9016830586 6.8802773843 6.7987863119 7.2715215999 7.4201295182 6.9460972519
7.6967499174 7.3565376552 6.7086812013 6.8045596388 6.9120623593 6.3753602254 7.2960934661 7.3109299590 6.6640317743 6.4346387871 6.3121853489 6.5467581835 6.1472523153 6.9556364582 7.3734745885 6.3241091156 6.6404291225 6.0512445982 6.9682433464 6.9427071285 6.1332593201 6.8337487842 4.8741418396 6.9969777772 6.6795761892 4.6697373637 4.9235853222 6.2107065668 5.6662172481 5.6026302274 5.5068889715 6.3608122665 6.9120752772 6.3608122665 5.5068889715 5.6026302274 5.6662172481 6.2107065668 4.9235853222 4.6697373637 6.6795761892 6.9969777772 4.8741418396 6.8337487842 6.1332593201 6.9427071285 6.9682433464 6.0512445982 6.6404291225 6.3241091156 7.3734745885 6.9556364582 6.1472523153 6.5467581835 6.3121853489 6.4346387871 6.6640317743 7.3109299590 7.2960934661 6.3753602254 6.9120623593 6.8045596388 6.7086812013 7.3565376552
7.5187841646 7.2519928487 6.8895831821 7.3303817153 7.6799852295 7.2993469193 6.3807503830 7.0747849261 7.1499685958 7.1147685113 6.5217732809 6.7137221951 7.3110536345 6.4942731022 6.9945902649 6.6605101365 6.4704935441 7.0190360595 6.0373498579 6.5795586711 6.2444592786 5.4719172801 4.5855825907 6.0938547806 5.8591467641 5.1603095055 5.6963240043 6.0672100042 5.8892422823 4.5197722081 5.5395724197 5.9344375956 6.2253754542 5.9344375956 5.5395724197 4.5197722081 5.8892422823 6.0672100042 5.6963240043 5.1603095055 5.8591467641 6.0938547806 4.5855825907 5.4719172801 6.2444592786 6.5795586711 6.0373498579 7.0190360595 6.4704935441 6.6605101365 6.9945902649 6.4942731022 7.3110536345 6.7137221951 6.5217732809 7.1147685113 7.1499685958 7.0747849261 6.3807503830 7.2993469193 7.6799852295 7.3303817153 6.8895831821 7.2519928487
7.3735088769 7.4997197489 7.5096868168 7.0059808965 6.9580520367 7.0914154155 6.9851631335 7.1320448027 6.8513091680 6.7811888940 7.2564532967 6.2964952016 7.2460206730 7.2964303543 5.8935292438 6.3444893902 5.6984286741 6.8393307409 6.8155528740 5.7648659155 6.2313174849 6.1989717172 5.4382630609 6.8208014651 6.6183788844 5.3013734880 5.4960785181 6.3404681349 6.2198595922 5.6939892545 6.1124770491 6.2922666731 7.1180216457 6.2922666731 6.1124770491 5.6939892545 6.2198595922 6.3404681349 5.4960785181 5.3013734880 6.6183788844 6.8208014651 5.4382630609 6.1989717172 6.2313174849 5.7648659155 6.8155528740 6.8393307409 5.6984286741 6.3444893902 5.8935292438 7.2964303543 7.2460206730 6.2964952016 7.2564532967 6.7811888940 6.8513091680 7.1320448027 6.9851631335 7.0914154155 6.9580520367 7.0059808965 7.5096868168 7.4997197489
7.3776459556 7.5125822149 7.6664629959 7.6234377409 7.5068473515 7.3117790491 6.5361454374 7.4000420881 7.7195187742 6.9239144782 6.9790856725 7.2897634804 6.4544112987 6.8146612779 6.4885774780 5.7890249148 6.8210097105 6.5144808868 6.2717161815 6.5984465811 5.1312577514 6.4181721178 5.1402230967 6.8712816257 6.3811448337 6.6387453109 6.8417025443 5.2410466911 6.0874590917 6.3418635563 6.7649484093 6.3021772382 7.3259743180 6.3021772382 6.7649484093 6.3418635563 6.0874590917 5.2410466911 6.8417025443 6.6387453109 6.3811448337 6.8712816257 5.1402230967 6.4181721178 5.1312577514 6.5984465811 6.2717161815 6.5144808868 6.8210097105 5.7890249148 6.4885774780 6.8146612779 6.4544112987 7.2897634804 6.9790856725 6.9239144782 7.7195187742 7.4000420881 6.5361454374 7.3117790491 7.5068473515 7.6234377409 7.6664629959 7.5125822149
7.7977984840 7.7300660155 7.5396312564 7.1704709569 7.0605540582 7.5907195956 7.5922661809 6.8704212762 7.2200625249 7.3003009331 6.3978275600 7.0176272484 7.2548489312 6.4965517200 6.2451494219 6.2614259576 6.7596288893 7.2838939318 6.2061575695 6.6817607262 6.1971058984 6.5144296891 6.4910823454 5.9257684681 5.0912205490 7.0250754057 7.1416363532 5.2938857763 6.7009699782 5.9907854968 7.0565873818 5.6542072377 6.5946897447 5.6542072377 7.0565873818 5.9907854968 6.7009699782 5.2938857763 7.1416363532 7.0250754057 5.0912205490 5.9257684681 6.4910823454 6.5144296891 6.1971058984 6.6817607262 6.2061575695 7.2838939318 6.7596288893 6.2614259576 6.2451494219 6.4965517200 7.2548489312 7.0176272484 6.3978275600 7.3003009331 7.2200625249 6.8704212762 7.5922661809 7.5907195956 7.0605540582 7.1704709569 7.5396312564 7.7300660155
7.7606927087 7.8141935963 7.9337814231 7.9765757848 7.7579387500 7.1061259338 7.2297178949 7.6506166668 7.4162909277 6.4197251988 7.3007162539 7.0119820414 6.7593616204 7.1025293859 5.6101438960 7.2784614295 6.5554597315 6.9819946087 6.6477937463 6.5709458285 6.7313352284 6.2781289027 6.8730759606 4.6157001978 6.4365543704 6.1687499630 6.4868234816 6.3341530311 7.1282755020 5.5759527123 6.7526972327 6.0498513477 5.0817491030 6.0498513477 6.7526972327 5.5759527123 7.1282755020 6.3341530311 6.4868234816 6.1687499630 6.4365543704 4.6157001978 6.8730759606 6.2781289027 6.7313352284 6.5709458285 6.6477937463 6.9819946087 6.5554597315 7.2784614295 5.6101438960 7.1025293859 6.7593616204 7.0119820414 7.3007162539 6.4197251988 7.4162909277 7.6506166668 7.2297178949 7.1061259338 7.7579387500 7.9765757848 7.9337814231 7.8141935963
8.1115824696 8.0161189764 7.7202531088 7.3478219172 7.6020422341 7.8910669473 7.6079848351 6.9656207989 7.7751265180 7.3557525514 7.0793400803 7.7184607595 6.4753237629 7.1356201840 6.3628980663 7.3180459756 7.3372947605 5.5732296619 6.6177190758 6.1312202502 6.8614425340 5.3005810665 6.7068373740 5.3505800873 7.0636288661 6.4508426747 5.0272264520 5.8763152052 6.7511567410 5.8848689849 5.6256480578 5.2919744306 6.2462693265 5.2919744306 5.6256480578 5.8848689849 6.7511567410 5.8763152052 5.0272264520 6.4508426747 7.0636288661 5.3505800873 6.7068373740 5.3005810665 6.8614425340 6.1312202502 6.6177190758 5.5732296619 7.3372947605 7.3180459756 6.3628980663 7.1356201840 6.4753237629 7.7184607595 7.0793400803 7.3557525514 7.7751265180 6.9656207989 7.6079848351 7.8910669473 7.6020422341 7.3478219172 7.7202531088 8.0161189764
8.1978945408 8.2196897201 8.2820848442 8.2768103038 7.9051295429 7.2025965934 7.9807899259 7.7765098610 6.9018748357 7.6499331505 6.6663251672 7.4204672452 7.0081915923 6.9608542748 7.2995205305 6.2806221985 7.0762156139 3.9511152826 6.7892478421 5.5102723781 6.5922402254 5.2806234765 6.3799554988 5.2010405243 6.7438941360 6.2496679768 6.2397130818 6.6459368712 6.0070887837 5.0344983322 3.0447911345 5.8440598818 6.4400253409 5.8440598818 3.0447911345 5.0344983322 6.0070887837 6.6459368712 6.2397130818 6.2496679768 6.7438941360 5.2010405243 6.3799554988 5.2806234765 6.5922402254 5.5102723781 6.7892478421 3.9511152826 7.0762156139 6.2806221985 7.2995205305 6.9608542748 7.0081915923 7.4204672452 6.6663251672 7.6499331505 6.9018748357 7.7765098610 7.9807899259 7.2025965934 7.9051295429 8.2768103038 8.2820848442 8.2196897201
8.4847371389 8.3962967423 8.0226352134 7.7709816228 8.2776510054 8.1148432289 7.1260140402 7.9827307222 7.5557684749 7.1296776924 7.5908851091 6.3002480743 6.9858983461 6.1368195043 7.3041974022 6.8240723188 5.8894520874 5.0279656194 6.7050619401 6.4420901562 5.8713223409 6.0750848629 5.8790624195 6.4015141241 5.6564802836 4.3233894045 6.2938119414 6.7449422972 6.3306687605 5.2625794577 4.0076308302 5.1458435191 5.6241697549 5.1458435191 4.0076308302 5.2625794577 6.3306687605 6.7449422972 6.2938119414 4.3233894045 5.6564802836 6.4015141241 5.8790624195 6.0750848629 5.8713223409 6.4420901562 6.7050619401 5.0279656194 5.8894520874 6.8240723188 7.3041974022 6.1368195043 6.9858983461 6.3002480743 7.5908851091 7.1296776924 7.5557684749 7.9827307222 7.1260140402 8.1148432289 8.2776510054 7.7709816228 8.0226352134 8.3962967423
8.6593068986 8.7403397764 8.8273376272 8.5799045994 7.5960293250 8.2083937136 8.1093885550 7.0567592629 7.8905735857 6.8021288800 7.5791129254 7.2135611894 6.9574627449 7.3176963373 6.2264050888 6.8785001711 4.4729108140 6.6502208082 5.7400564225 6.5048079049 4.7632204806 6.4988817493 5.5536742234 6.4692397471 6.2942485485 5.2314699423 6.2232482823 5.9297272492 5.5931167789 5.9127627969 5.3291134350 5.9180535440 6.5344512014 5.9180535440 5.3291134350 5.9127627969 5.5931167789 5.9297272492 6.2232482823 5.2314699423 6.2942485485 6.4692397471 5.5536742234 6.4988817493 4.7632204806 6.5048079049 5.7400564225 6.6502208082 4.4729108140 6.8785001711 6.2264050888 7.3176963373 6.9574627449 7.2135611894 7.5791129254 6.8021288800 7.8905735857 7.0567592629 8.1093885550 8.2083937136 7.5960293250 8.5799045994 8.8273376272 8.7403397764
9.0994681227 8.8904788964 8.2755033504 8.6232137874 8.6509497541 7.4494456427 8.2737785906 7.8325666983 7.5051643939 7.7351311448 6.7566941052 7.4925531816 6.4507730343 7.6800720711 6.5738404970 6.7928913672 4.9526278048 7.2043931521 6.6535917369 6.4408653327 6.1961821359 6.5367207473 6.5840296702 5.6950693011 6.1251788804 6.1405123843 6.9148628247 6.4113024797 5.7552162468 6.1646672907 6.2117677663 5.2247834003 6.3597168114 5.2247834003 6.2117677663 6.1646672907 5.7552162468 6.4113024797 6.9148628247 6.1405123843 6.1251788804 5.6950693011 6.5840296702 6.5367207473 6.1961821359 6.4408653327 6.6535917369 7.2043931521 4.9526278048 6.7928913672 6.5738404970 7.6800720711 6.4507730343 7.4925531816 6.7566941052 7.7351311448 7.5051643939 7.8325666983 8.2737785906 7.4494456427 8.6509497541 8.6232137874 8.2755033504 8.8904788964
9.4802201760 9.5163455141 9.3937290543 8.4587369668 8.6018386810 8.5594047177 7.4780738768 8.2702194707 6.3415502153 7.9782308379 6.5365066167 7.6169385280 6.6804765838 7.3381518694 6.3520226666 7.2574090580 6.6843447920 7.0847358682 6.8630617101 6.7175530883 6.9349303621 6.1002860658 6.7904742863 5.0481216548 6.3655255509 5.6743478893 6.4483955313 6.1381231108 6.8481394258 5.5547823682 6.3315641140 5.4487398554 5.3304180927 5.4487398554 6.3315641140 5.5547823682 6.8481394258 6.1381231108 6.4483955313 5.6743478893 6.3655255509 5.0481216548 6.7904742863 6.1002860658 6.9349303621 6.7175530883 6.8630617101 7.0847358682 6.6843447920 7.2574090580 6.3520226666 7.3381518694 6.6804765838 7.6169385280 6.5365066167 7.9782308379 6.3415502153 8.2702194707 7.4780738768 8.5594047177 8.6018386810 8.4587369668 9.3937290543 9.5163455141
10.1234483423 9.5956670843 9.2291068167 9.3854212468 7.6085633747 8.8277058723 7.5742156275 8.2726319063 7.3916853047 7.9110677445 7.3064648293 7.6175725721 7.4190273697 6.7423402426 6.3135510490 7.3846496361 7.2225615270 6.5619368360 6.7361768708 6.7990579917 7.0933016930 5.7358458418 6.7028525140 5.9103438997 6.7718692671 3.5261715892 5.6338397316 6.8260731491 7.3269682699 6.0543834798 6.4219374988 5.2707504590 6.0652214979 5.2707504590 6.4219374988 6.0543834798 7.3269682699 6.8260731491 5.6338397316 3.5261715892 6.7718692671 5.9103438997 6.7028525140 5.7358458418 7.0933016930 6.7990579917 6.7361768708 6.5619368360 7.2225615270 7.3846496361 6.3135510490 6.7423402426 7.4190273697 7.6175725721 7.3064648293 7.9110677445 7.3916853047 8.2726319063 7.5742156275 8.8277058723 7.6085633747 9.3854212468 9.2291068167 9.5956670843
11.2449111237 10.8860184140 9.2256405468 9.5118941470 8.6533002212 8.7083820285 8.2098856889 8.1578275083 7.8878125838 7.7250598194 7.6092541329 7.4041193194 7.4187718491 7.1186278415 7.3109821380 6.7961780890 7.0910793141 6.4495431327 6.8797063216 6.3520291467 6.7525411786 6.3218072938 6.7241011352 6.2553801990 6.8207249697 5.9742425501 6.8471998679 5.9785432608 6.7791228147 5.9290630107 6.8440102462 5.1831767031 6.9850567286 5.1831767031 6.8440102462 5.9290630107 6.7791228147 5.9785432608 6.8471998679 5.9742425501 6.8207249697 6.2553801990 6.7241011352 6.3218072938 6.7525411786 6.3520291467 6.8797063216 6.4495431327 7.0910793141 6.7961780890 7.3109821380 7.1186278415 7.4187718491 7.4041193194 7.6092541329 7.7250598194 7.8878125838 8.1578275083 8.2098856889 8.7083820285 8.6533002212 9.5118941470 9.2256405468 10.8860184140
