0.0000000000 16344.5331069748 -16118.9651998914 3541.7211736396 4635.3330654953 -2145.1998620718 -2388.1870790844 1556.8796961589 1396.9717882378 -1118.7984196888 -963.5936947560 874.0081355543 740.8720448023 -783.1571813205 -527.5328868620 708.2953422771 290.0000000000 -481.7741697271 -297.0034762255 427.5962297387 262.8856122772 -360.7498171879 -312.8207689977 428.6979969405 268.9717882378 -509.4453194221 -102.4271516028 405.5213489902 101.3466329701 -357.8254593562 -213.4487875315 580.8629549011 0.0000000000 -580.8629549011 213.4487875315 357.8254593562 -101.3466329701 -405.5213489902 102.4271516028 509.4453194221 -268.9717882378 -428.6979969405 312.8207689977 360.7498171879 -262.8856122772 -427.5962297387 297.0034762255 481.7741697271 -290.0000000000 -708.2953422771 527.5328868620 783.1571813205 -740.8720448023 -874.0081355543 963.5936947560 1118.7984196888 -1396.9717882378 -1556.8796961589 2388.1870790844 2145.1998620718 -4635.3330654953 -3541.7211736396 16118.9651998914 -16344.5331069748
-0.0000000000 -13042.8706065213 12152.2176660340 -1436.2722387353 -4662.5286406058 1565.9515986920 2482.9946552085 -1302.8681310395 -1479.2509073041 987.2160104172 1041.2570597226 -843.0829501554 -728.1571277981 698.5990984003 553.6375723734 -624.6385254358 -385.7036586506 503.8798183813 325.8497285899 -447.3193725581 -277.0173823376 403.2356584788 267.7394194021 -425.0130310098 -211.1566160166 428.7705696140 153.6307570378 -419.3992304544 -115.8676947705 423.2056270780 88.5721602464 -469.4187460715 -0.0000000000 469.4187460715 -88.5721602464 -423.2056270780 115.8676947705 419.3992304544 -153.6307570378 -428.7705696140 211.1566160166 425.0130310098 -267.7394194021 -403.2356584788 277.0173823376 447.3193725581 -325.8497285899 -503.8798183813 385.7036586506 624.6385254358 -553.6375723734 -698.5990984003 728.1571277981 843.0829501554 -1041.2570597226 -987.2160104172 1479.2509073041 1302.8681310395 -2482.9946552085 -1565.9515986920 4662.5286406058 1436.2722387353 -12152.2176660340 13042.8706065213
0.0000000000 5903.5199195633 -3942.2238797734 -2295.2026163878 3924.6225350635 -41.6471504051 -2499.8441220607 559.1303833586 1625.6205620644 -610.2683010852 -1169.4490977455 656.3325015344 757.8491955187 -499.5900060541 -625.6853938779 449.5091855712 558.2238392852 -502.6805136887 -403.8908422458 477.2931779966 302.7103398305 -466.1241376781 -186.1406933348 400.6760332755 123.2776932761 -305.5902137732 -205.0586261986 418.1061939357 110.4060023829 -472.4784363042 91.8991687412 275.2963012908 0.0000000000 -275.2963012908 -91.8991687412 472.4784363042 -110.4060023829 -418.1061939357 205.0586261986 305.5902137732 -123.2776932761 -400.6760332755 186.1406933348 466.1241376781 -302.7103398305 -477.2931779966 403.8908422458 502.6805136887 -558.2238392852 -449.5091855712 625.6853938779 499.5900060541 -757.8491955187 -656.3325015344 1169.4490977455 610.2683010852 -1625.6205620644 -559.1303833586 2499.8441220607 41.6471504051 -3924.6225350635 2295.2026163878 3942.2238797734 -5903.5199195633
-0.0000000000 -249.8702071451 -1680.0299968943 3341.5936574674 -1615.4858178037 -1557.9440569586 1894.4438780098 477.1741981918 -1551.1554059359 29.2715258373 1160.1493469272 -217.4494711931 -871.0586615586 263.0014731398 707.3457690157 -292.3558683030 -621.1868060372 385.4336464137 478.6247092802 -437.7912796455 -318.4382713609 431.8926934106 168.4098595034 -346.0747849422 -120.9780820667 293.5458371544 127.2586427348 -336.0053997064 -43.2438560837 324.6296403276 -58.3306603504 -205.1304996892 0.0000000000 205.1304996892 58.3306603504 -324.6296403276 43.2438560837 336.0053997064 -127.2586427348 -293.5458371544 120.9780820667 346.0747849422 -168.4098595034 -431.8926934106 318.4382713609 437.7912796455 -478.6247092802 -385.4336464137 621.1868060372 292.3558683030 -707.3457690157 -263.0014731398 871.0586615586 217.4494711931 -1160.1493469272 -29.2715258373 1551.1554059359 -477.1741981918 -1894.4438780098 1557.9440569586 1615.4858178037 -3341.5936574674 1680.0299968943 249.8702071451
0.0000000000 -1308.5274621062 2012.7139907958 -1129.3767497313 -962.5641462790 1934.4997644952 -521.3795794434 -1268.1953746769 967.5450493944 626.2741862562 -910.6665489812 -327.4312280253 890.7405557510 14.1271176473 -711.6676724582 133.3424745396 541.0819100366 -172.3789420656 -463.0859740118 259.1920190638 324.6187348995 -263.8418612354 -237.5492168111 268.7723446969 172.1964400422 -314.9680170537 -2.7913207394 187.6644058855 -7.0405877010 -95.6283057617 -109.4591504697 231.5885884239 0.0000000000 -231.5885884239 109.4591504697 95.6283057617 7.0405877010 -187.6644058855 2.7913207394 314.9680170537 -172.1964400422 -268.7723446969 237.5492168111 263.8418612354 -324.6187348995 -259.1920190638 463.0859740118 172.3789420656 -541.0819100366 -133.3424745396 711.6676724582 -14.1271176473 -890.7405557510 327.4312280253 910.6665489812 -626.2741862562 -967.5450493944 1268.1953746769 521.3795794434 -1934.4997644952 962.5641462790 1129.3767497313 -2012.7139907958 1308.5274621062
-0.0000000000 364.5878047326 44.0554455360 -1110.9834532656 1653.7502460075 -712.7422554496 -875.2930111017 1210.3762764328 37.8757558520 -1018.4513143485 403.9383701218 683.5184857816 -581.2683436926 -337.0513570871 535.2463301335 117.4946371122 -399.1310100401 -59.7869751917 336.7721682495 20.8763555858 -310.6099652289 34.7836375861 292.9436710856 -143.4257127011 -179.3630974188 182.5198845455 22.2993804074 -61.1074058760 -46.0894274448 25.1205264593 133.1930097305 -173.7692318232 0.0000000000 173.7692318232 -133.1930097305 -25.1205264593 46.0894274448 61.1074058760 -22.2993804074 -182.5198845455 179.3630974188 143.4257127011 -292.9436710856 -34.7836375861 310.6099652289 -20.8763555858 -336.7721682495 59.7869751917 399.1310100401 -117.4946371122 -535.2463301335 337.0513570871 581.2683436926 -683.5184857816 -403.9383701218 1018.4513143485 -37.8757558520 -1210.3762764328 875.2930111017 712.7422554496 -1653.7502460075 1110.9834532656 -44.0554455360 -364.5878047325
-0.0000000000 368.4439605407 -863.6515660310 1051.8406609950 -380.2784983332 -792.9394398478 1211.5620290105 -284.6448835650 -863.1463816965 769.9660544613 274.8640722677 -677.5702916093 -25.2450836192 580.5311894826 -152.2466698534 -421.9802856994 209.6615118431 285.7585307703 -174.5576592345 -266.6067042883 230.6120401928 168.7796506583 -224.9202874263 -73.5843218395 147.0840516513 88.6158381261 -178.8829862450 -4.3911462414 138.5901924949 -81.6716929881 6.0959554807 0.4210634511 0.0000000000 -0.4210634511 -6.0959554807 81.6716929881 -138.5901924949 4.3911462414 178.8829862450 -88.6158381261 -147.0840516513 73.5843218395 224.9202874263 -168.7796506583 -230.6120401928 266.6067042883 174.5576592345 -285.7585307703 -209.6615118431 421.9802856994 152.2466698534 -580.5311894826 25.2450836192 677.5702916093 -274.8640722677 -769.9660544613 863.1463816965 284.6448835650 -1211.5620290105 792.9394398478 380.2784983332 -1051.8406609950 863.6515660310 -368.4439605407
0.0000000000 -112.1920561925 114.5102526833 201.7901981903 -778.8923534301 1006.5052103514 -345.6717791406 -695.7778061308 890.7729057483 37.3205710118 -808.3324683249 342.9436342167 590.7002820228 -551.7511303142 -311.0242433566 580.7095211732 74.7316023393 -474.2148984412 19.6487834360 387.9050805726 -60.2202763271 -322.1560160208 58.8573861545 326.0312383241 -126.4890563362 -289.6714864691 241.5034024222 82.4919297343 -135.8340803336 10.6804901041 -61.3144588953 142.4268879492 0.0000000000 -142.4268879492 61.3144588953 -10.6804901041 135.8340803336 -82.4919297343 -241.5034024222 289.6714864691 126.4890563362 -326.0312383241 -58.8573861545 322.1560160208 60.2202763271 -387.9050805726 -19.6487834360 474.2148984412 -74.7316023393 -580.7095211732 311.0242433566 551.7511303142 -590.7002820228 -342.9436342167 808.3324683249 -37.3205710118 -890.7729057483 695.7778061308 345.6717791406 -1006.5052103514 778.8923534301 -201.7901981903 -114.5102526833 112.1920561925
0.0000000000 -246.0979696093 448.2525207081 -564.5563730336 479.9394922605 -48.8070634295 -582.4698307427 813.2577228308 -201.1787155502 -703.0785481943 770.2531049103 138.7891298020 -762.2673728219 214.3604962883 616.6281057754 -435.3370922309 -392.9848480983 502.6203744425 178.2166594663 -411.1433136889 -144.8906057377 419.6029476861 84.2219055863 -449.1670952184 65.4142135624 324.4239367839 -71.7861678660 -247.4236517481 28.6013971439 250.2049370036 -48.8351158343 -195.1902157417 0.0000000000 195.1902157417 48.8351158343 -250.2049370036 -28.6013971439 247.4236517481 71.7861678660 -324.4239367839 -65.4142135624 449.1670952184 -84.2219055863 -419.6029476861 144.8906057377 411.1433136889 -178.2166594663 -502.6203744425 392.9848480983 435.3370922309 -616.6281057754 -214.3604962883 762.2673728219 -138.7891298020 -770.2531049103 703.0785481943 201.1787155502 -813.2577228308 582.4698307427 48.8070634295 -479.9394922605 564.5563730336 -448.2525207081 246.0979696093
-0.0000000000 125.4078523504 -135.5957699029 -56.2536619186 381.6251457934 -601.4446023177 501.4172101782 -75.2742376868 -425.2983022624 573.3959266906 -138.1747115527 -460.9996977475 453.2814407785 207.4197320421 -574.5480830417 60.2140544733 549.1325566937 -279.6659864338 -407.3976733227 362.7165220537 294.3552211786 -409.7781286926 -165.7444299347 367.6157972961 115.0259646823 -311.0817449585 -179.9046400919 428.8159200979 76.7641365901 -466.2167371036 102.3024451191 275.2016150090 0.0000000000 -275.2016150090 -102.3024451191 466.2167371036 -76.7641365901 -428.8159200979 179.9046400919 311.0817449585 -115.0259646823 -367.6157972961 165.7444299347 409.7781286926 -294.3552211786 -362.7165220537 407.3976733227 279.6659864338 -549.1325566937 -60.2140544733 574.5480830417 -207.4197320421 -453.2814407785 460.9996977475 138.1747115527 -573.3959266906 425.2983022624 75.2742376868 -501.4172101782 601.4446023177 -381.6251457934 56.2536619186 135.5957699029 -125.4078523504
0.0000000000 127.0269400853 -222.5411106240 358.5168612632 -458.5680195240 252.1939572273 254.3842355123 -586.2235916641 371.1936868556 159.6837255832 -477.2001652375 332.4918370622 95.1129535725 -386.2411719455 206.3968863238 271.5825197437 -403.8293826506 -68.6839374102 483.5207119076 -188.5993360755 -347.1137457292 248.1221431031 257.0764120817 -214.0908538795 -324.2734473192 340.7271232950 282.1982588824 -466.1942305168 -132.5407262245 459.3052708460 47.9224336914 -439.3491551491 0.0000000000 439.3491551491 -47.9224336914 -459.3052708460 132.5407262245 466.1942305168 -282.1982588824 -340.7271232950 324.2734473192 214.0908538795 -257.0764120817 -248.1221431031 347.1137457292 188.5993360755 -483.5207119076 68.6839374102 403.8293826506 -271.5825197437 -206.3968863238 386.2411719455 -95.1129535725 -332.4918370622 477.2001652375 -159.6837255832 -371.1936868556 586.2235916641 -254.3842355123 -252.1939572273 458.5680195240 -358.5168612632 222.5411106240 -127.0269400853
-0.0000000000 -146.7519609742 69.3120745347 59.8252328264 -95.3013874823 244.5580031662 -529.5607557163 476.8108779476 120.5872663488 -643.9543680314 449.6706096064 179.0755337059 -459.2653257089 169.2673985970 232.0245463153 -304.4678670231 34.5727818745 269.0941238216 -252.4359688191 -96.1287210633 299.9133629162 -8.1893754663 -349.1375988719 140.0848890276 359.9924228790 -319.2070756966 -212.9974003104 318.4867375045 173.5104948605 -329.8278471493 -214.1358015289 525.3022153413 -0.0000000000 -525.3022153413 214.1358015289 329.8278471493 -173.5104948605 -318.4867375045 212.9974003104 319.2070756966 -359.9924228790 -140.0848890276 349.1375988719 8.1893754663 -299.9133629162 96.1287210633 252.4359688191 -269.0941238216 -34.5727818745 304.4678670231 -232.0245463153 -169.2673985970 459.2653257089 -179.0755337059 -449.6706096064 643.9543680314 -120.5872663488 -476.8108779476 529.5607557163 -244.5580031662 95.3013874823 -59.8252328264 -69.3120745347 146.7519609742
0.0000000000 100.2661316533 158.9407400427 -426.8752389808 298.9315173239 -44.4921313539 13.9373612209 37.6330392287 -330.9172458487 414.1236617606 73.7672495254 -566.4592337977 351.4309236060 264.5808408988 -422.6729784076 11.0548283595 311.0592630416 -171.9171459113 -144.5499662495 268.5787816287 -128.3123960645 -136.8316780632 273.7668595285 -100.9023572110 -175.4611595534 150.4387435255 115.5572167631 -125.6108802749 -176.5643210320 227.4938953865 156.0842805143 -357.7566210561 0.0000000000 357.7566210561 -156.0842805143 -227.4938953865 176.5643210320 125.6108802749 -115.5572167631 -150.4387435255 175.4611595534 100.9023572110 -273.7668595285 136.8316780632 128.3123960645 -268.5787816287 144.5499662495 171.9171459113 -311.0592630416 -11.0548283595 422.6729784076 -264.5808408988 -351.4309236060 566.4592337977 -73.7672495254 -414.1236617606 330.9172458487 -37.6330392287 -13.9373612209 44.4921313539 -298.9315173239 426.8752389808 -158.9407400427 -100.2661316533
-0.0000000000 -213.3596193070 -43.5201678593 305.6911724771 -16.1048187486 -446.2704385177 450.5023218640 -156.2717472376 22.4478796576 74.4401848354 -357.4824130959 421.6582991426 70.4433250127 -527.1599090327 246.6008344064 365.9371111943 -396.3726686075 -126.3145700150 378.1978794213 -100.4006268641 -161.1837524923 80.8445427632 56.6187515926 -13.4833315204 -68.4076230721 62.0399478460 -38.4395803967 16.9165827640 56.8943490916 -112.0554818741 56.9059666951 16.1171967421 -0.0000000000 -16.1171967421 -56.9059666951 112.0554818741 -56.8943490916 -16.9165827640 38.4395803967 -62.0399478460 68.4076230721 13.4833315204 -56.6187515926 -80.8445427632 161.1837524923 100.4006268641 -378.1978794213 126.3145700150 396.3726686075 -365.9371111943 -246.6008344064 527.1599090327 -70.4433250127 -421.6582991426 357.4824130959 -74.4401848354 -22.4478796576 156.2717472376 -450.5023218640 446.2704385177 16.1048187486 -305.6911724771 43.5201678593 213.3596193070
0.0000000000 352.3338574336 -158.6205924045 -115.5177367108 -112.3823056045 443.4185621396 -242.2434456451 -221.0559540894 319.0497324809 -134.0671361098 67.4029501060 10.6747393295 -303.8131350891 384.0580024870 89.3239491804 -505.3250257856 178.3910107436 405.3014173021 -306.0782956378 -298.9174836147 417.6223972805 108.6220856295 -423.5676485296 113.0078461204 238.0613664499 -133.3411021249 -107.0555099320 43.2630739857 155.7808735849 -96.3465189748 -165.8050817889 239.8497085471 0.0000000000 -239.8497085471 165.8050817889 96.3465189748 -155.7808735849 -43.2630739857 107.0555099320 133.3411021249 -238.0613664499 -113.0078461204 423.5676485296 -108.6220856295 -417.6223972805 298.9174836147 306.0782956378 -405.3014173021 -178.3910107436 505.3250257856 -89.3239491804 -384.0580024870 303.8131350891 -10.6747393295 -67.4029501060 134.0671361098 -319.0497324809 221.0559540894 242.2434456451 -443.4185621396 112.3823056045 115.5177367108 158.6205924045 -352.3338574336
0.0000000000 -304.7064198259 105.5419126683 189.2959183325 -80.6294059214 -74.3474149997 -189.9577628715 478.1687718017 -231.2721983869 -239.9572702802 322.9493472435 -127.7836274499 73.5068353891 -31.4235271342 -227.5606925422 310.1494379727 119.7552696910 -476.6859958380 94.5803569513 527.0821433654 -415.0545031879 -274.0542917909 494.0464654674 -2.3305712685 -339.8151302296 38.9457114317 316.9326399494 -127.7082794585 -283.1669234132 278.3395134368 99.3217835043 -266.7634882958 -0.0000000000 266.7634882958 -99.3217835043 -278.3395134368 283.1669234132 127.7082794585 -316.9326399494 -38.9457114317 339.8151302296 2.3305712685 -494.0464654674 274.0542917909 415.0545031879 -527.0821433654 -94.5803569513 476.6859958380 -119.7552696910 -310.1494379727 227.5606925422 31.4235271342 -73.5068353891 127.7836274499 -322.9493472435 239.9572702802 231.2721983869 -478.1687718017 189.9577628715 74.3474149997 80.6294059214 -189.2959183325 -105.5419126683 304.7064198258
0.0000000000 133.9058010204 73.2113331269 -276.4260787579 135.2974446412 1.1123460737 187.2526577449 -281.5826707932 -100.1349929488 477.0450594100 -269.6967050120 -201.2012022454 296.8702675593 -93.9732918679 25.2760126367 -16.9817415268 -178.0000000000 276.4907541467 38.7543734110 -351.2952927254 120.7870064387 309.9743593971 -220.5493600278 -259.5986709843 351.8650070512 90.6008336076 -391.2955234879 153.6065973585 215.2141835205 -228.1249161900 -21.0058323158 136.5100052720 0.0000000000 -136.5100052720 21.0058323158 228.1249161900 -215.2141835205 -153.6065973585 391.2955234879 -90.6008336076 -351.8650070512 259.5986709843 220.5493600278 -309.9743593971 -120.7870064387 351.2952927254 -38.7543734110 -276.4907541467 178.0000000000 16.9817415268 -25.2760126367 93.9732918679 -296.8702675593 201.2012022454 269.6967050120 -477.0450594100 100.1349929488 281.5826707932 -187.2526577449 -1.1123460737 -135.2974446412 276.4260787579 -73.2113331269 -133.9058010204
0.0000000000 -41.3778253114 -103.8527031181 152.9470368548 86.4119416674 -256.5372731809 103.3249108556 8.2705156615 193.4804103502 -287.4672944858 -85.0871356116 468.9998882047 -302.9276996951 -147.1047417160 269.4342402411 -62.9302627149 -67.1409948594 51.2541961414 -48.5762707590 -13.8528439862 193.3733971490 -202.5060628603 -111.8407959265 349.7868037740 -156.1821970313 -166.4228310223 170.7563232552 20.4360977340 -44.8828883542 -52.4442104743 33.1195115485 37.7367215625 -0.0000000000 -37.7367215625 -33.1195115485 52.4442104743 44.8828883542 -20.4360977340 -170.7563232552 166.4228310223 156.1821970313 -349.7868037740 111.8407959265 202.5060628603 -193.3733971490 13.8528439862 48.5762707590 -51.2541961414 67.1409948594 62.9302627149 -269.4342402411 147.1047417160 302.9276996951 -468.9998882047 85.0871356116 287.4672944858 -193.4804103502 -8.2705156615 -103.3249108556 256.5372731809 -86.4119416674 -152.9470368548 103.8527031181 41.3778253114
0.0000000000 74.2664483466 7.7312476397 -22.7870629584 -178.7742155650 303.0193349336 -135.2962179317 -46.6749967184 11.4611364738 -9.1157212718 216.4411685118 -285.9627095026 -44.0585221866 387.4062892402 -283.3648133213 -96.0853222594 289.0642987867 -198.5959522028 2.6364744552 185.1848801653 -233.2348835415 11.5694568101 248.1118135086 -131.4285733876 -220.3160445069 203.5181239964 208.5487982179 -320.7514213734 -90.2469136838 340.8734980927 -37.8217421394 -232.5533160205 0.0000000000 232.5533160205 37.8217421394 -340.8734980927 90.2469136838 320.7514213734 -208.5487982179 -203.5181239964 220.3160445069 131.4285733876 -248.1118135086 -11.5694568101 233.2348835415 -185.1848801653 -2.6364744552 198.5959522028 -289.0642987867 96.0853222594 283.3648133213 -387.4062892402 44.0585221866 285.9627095026 -216.4411685118 9.1157212718 -11.4611364738 46.6749967184 135.2962179317 -303.0193349336 178.7742155650 22.7870629584 -7.7312476397 -74.2664483466
0.0000000000 -133.5076557421 48.0878839270 74.6044306689 -27.7554582094 -27.9142289557 -85.4476145096 201.4700632138 -144.6853854520 45.4161450212 -15.1743708974 -82.3919816493 257.9216061182 -239.9748995211 -34.3901726854 227.5209743477 -144.4178290151 1.9892653951 31.3930904848 -51.2222125519 41.8323090233 120.4815668393 -207.7856678619 -105.3360832897 469.3826227265 -214.2657306617 -422.3406213354 465.1377034366 178.4585341685 -456.0021040895 -62.1771855238 430.4394641094 -0.0000000000 -430.4394641094 62.1771855238 456.0021040895 -178.4585341685 -465.1377034366 422.3406213354 214.2657306617 -469.3826227265 105.3360832897 207.7856678619 -120.4815668393 -41.8323090233 51.2222125519 -31.3930904848 -1.9892653951 144.4178290151 -227.5209743477 34.3901726854 239.9748995211 -257.9216061182 82.3919816493 15.1743708974 -45.4161450212 144.6853854520 -201.4700632138 85.4476145096 27.9142289557 27.7554582094 -74.6044306689 -48.0878839270 133.5076557421
0.0000000000 144.9693894362 -40.9822052181 -150.1963962219 179.3708872793 -115.9791701303 118.3531241672 -118.5386754818 21.0349948548 86.8484956969 -136.0096675988 167.8766293805 -110.3468839499 -136.7639704226 335.6812617388 -141.5284116220 -252.0441111399 298.8181782546 19.4177313229 -184.4098666409 60.9254396962 -30.0718061754 129.7993636989 25.0350060508 -324.2158972317 180.1866680157 307.7598050578 -315.9668004666 -239.0339947907 398.3920669206 179.7337360526 -519.8716334026 0.0000000000 519.8716334026 -179.7337360526 -398.3920669206 239.0339947907 315.9668004666 -307.7598050578 -180.1866680157 324.2158972317 -25.0350060508 -129.7993636989 30.0718061754 -60.9254396962 184.4098666409 -19.4177313229 -298.8181782546 252.0441111399 141.5284116220 -335.6812617388 136.7639704226 110.3468839499 -167.8766293805 136.0096675988 -86.8484956969 -21.0349948548 118.5386754818 -118.3531241672 115.9791701303 -179.3708872793 150.1963962219 40.9822052181 -144.9693894362
0.0000000000 -101.5864505366 23.5532623510 87.1048788274 -44.8843087993 -57.4839076019 82.0542139652 -88.5017732964 124.4026560299 -95.0538467351 3.6839499107 30.0793104826 -67.4363398609 233.1144343793 -301.2354352807 -26.1413345224 435.4205498191 -318.5825577304 -185.3956704769 306.0188964926 87.0357453771 -269.5858161298 -57.8569335365 288.1219706456 -58.5820466493 -141.8978528363 -13.5875271949 81.9840657462 182.8646849503 -249.5710355615 -153.9141179450 384.6869528722 -0.0000000000 -384.6869528722 153.9141179450 249.5710355615 -182.8646849503 -81.9840657462 13.5875271949 141.8978528363 58.5820466493 -288.1219706456 57.8569335365 269.5858161298 -87.0357453771 -306.0188964926 185.3956704769 318.5825577304 -435.4205498191 26.1413345224 301.2354352807 -233.1144343793 67.4363398609 -30.0793104826 -3.6839499107 95.0538467351 -124.4026560299 88.5017732964 -82.0542139652 57.4839076019 44.8843087993 -87.1048788274 -23.5532623510 101.5864505366
0.0000000000 25.9228309374 18.1614165757 -2.6380942562 -128.8954476948 195.4886380759 -117.4472429906 64.7992901447 -82.0714248105 -12.3929667854 190.0582376347 -169.3273011273 -36.8211067813 87.7719747600 33.0837923171 19.4831868768 -202.1683484452 64.9812821298 318.1579497607 -279.3614350975 -264.9085715738 496.9944592903 -15.1722490272 -457.1194454738 259.4001008523 182.2698507472 -198.8015273231 -44.0927181609 54.1175063435 78.6132034522 -28.6720356514 -76.0942102986 0.0000000000 76.0942102986 28.6720356514 -78.6132034522 -54.1175063435 44.0927181609 198.8015273231 -182.2698507472 -259.4001008523 457.1194454738 15.1722490272 -496.9944592903 264.9085715738 279.3614350975 -318.1579497607 -64.9812821298 202.1683484452 -19.4831868768 -33.0837923171 -87.7719747600 36.8211067813 169.3273011273 -190.0582376347 12.3929667854 82.0714248105 -64.7992901447 117.4472429906 -195.4886380759 128.8954476948 2.6380942562 -18.1614165757 -25.9228309374
0.0000000000 22.4013010985 -76.4712407436 30.3653120376 104.8519271333 -80.2892669776 -119.0875208033 167.2701507030 -2.0559315400 -18.8451147615 -174.7404308431 150.0033405541 214.4332127940 -397.7577121583 115.5848096632 181.8420620733 -131.4443479331 45.3177406184 -181.1459216248 181.1598589482 172.2836451525 -374.3238177015 44.5233453298 313.1460623691 -124.9976376289 -269.5238725145 213.5195734282 179.5291781653 -299.4293781557 34.7257056625 202.1688496125 -177.6110015846 0.0000000000 177.6110015846 -202.1688496125 -34.7257056625 299.4293781557 -179.5291781653 -213.5195734282 269.5238725145 124.9976376289 -313.1460623691 -44.5233453298 374.3238177015 -172.2836451525 -181.1598589482 181.1459216248 -45.3177406184 131.4443479331 -181.8420620733 -115.5848096632 397.7577121583 -214.4332127940 -150.0033405541 174.7404308431 18.8451147615 2.0559315400 -167.2701507030 119.0875208033 80.2892669776 -104.8519271333 -30.3653120376 76.4712407436 -22.4013010985
0.0000000000 25.7064227867 67.9595187328 -93.2168102976 -18.5084300239 -18.4422575294 255.2829943972 -270.6859742682 -62.5857864376 233.8692549669 14.5388442994 -171.7085575731 -114.2605083146 338.1215786027 -32.4309821365 -348.2598220810 200.9848480983 188.7550023765 -194.4516135468 -89.2579542009 150.4013965687 5.0130688281 -21.8712644363 -48.6941043551 -73.1787155502 237.8982881312 -95.8033045718 -221.1192110442 274.8683370603 -20.2993968003 -193.3462504768 169.5643951825 0.0000000000 -169.5643951825 193.3462504768 20.2993968003 -274.8683370603 221.1192110442 95.8033045718 -237.8982881312 73.1787155502 48.6941043551 21.8712644363 -5.0130688281 -150.4013965687 89.2579542009 194.4516135468 -188.7550023765 -200.9848480983 348.2598220810 32.4309821365 -338.1215786027 114.2605083146 171.7085575731 -14.5388442994 -233.8692549669 62.5857864376 270.6859742682 -255.2829943972 18.4422575294 18.5084300239 93.2168102976 -67.9595187328 -25.7064227867
-0.0000000000 -155.9948077376 14.0890723543 120.0941795391 30.2960320863 -130.8950960857 -74.1552957339 171.5908479124 140.2201078818 -370.6858311333 77.9144319137 284.2184733697 -160.4417894478 -109.2141413395 -39.1574034775 307.8121886576 -78.4729640488 -413.1509744889 424.7582572834 59.3515985190 -359.3136629046 196.9546918874 50.0197606569 -96.5571667097 51.6989623428 -18.5597618885 -35.8749393671 54.3861388738 29.6749642984 -84.4979265090 -2.1268904340 77.0598925429 0.0000000000 -77.0598925429 2.1268904340 84.4979265090 -29.6749642984 -54.3861388738 35.8749393671 18.5597618885 -51.6989623428 96.5571667097 -50.0197606569 -196.9546918874 359.3136629046 -59.3515985190 -424.7582572834 413.1509744889 78.4729640488 -307.8121886576 39.1574034775 109.2141413395 160.4417894478 -284.2184733697 -77.9144319137 370.6858311333 -140.2201078818 -171.5908479124 74.1552957339 130.8950960857 -30.2960320863 -120.0941795391 -14.0890723543 155.9948077376
0.0000000000 272.6001870050 -57.0335068761 -201.1700972496 -21.8057598794 328.8978109989 -165.9844218126 -131.7358091229 4.8382614263 256.1397789795 -80.3661256709 -284.7006715555 234.3908729843 82.1058136995 -90.2573508687 -130.6132142151 58.3665230560 244.3239428391 -239.9511880097 -96.4460908848 243.3408449300 -27.7618397875 -167.3078851644 82.0501609652 115.0524969758 -194.2999716657 99.1029307431 121.1309007393 -284.3623175788 149.9100711034 198.5641408972 -310.5993855044 0.0000000000 310.5993855044 -198.5641408972 -149.9100711034 284.3623175788 -121.1309007393 -99.1029307431 194.2999716657 -115.0524969758 -82.0501609652 167.3078851644 27.7618397875 -243.3408449300 96.4460908848 239.9511880097 -244.3239428391 -58.3665230560 130.6132142151 90.2573508687 -82.1058136995 -234.3908729843 284.7006715555 80.3661256709 -256.1397789795 -4.8382614263 131.7358091229 165.9844218126 -328.8978109989 21.8057598794 201.1700972496 57.0335068761 -272.6001870050
-0.0000000000 -321.1070800250 25.9806524712 352.0370805317 -112.9971192256 -326.6654129549 201.4501071104 245.5187872125 -267.8668442976 -61.0592279893 112.9159178672 108.2606743013 -81.2457029488 -198.7399903027 251.6155442272 -8.4329488373 -150.3366098399 119.5026408069 -114.3118258863 124.3627589229 32.8788097376 -235.8129881627 200.2978580999 23.0716166506 -156.8661166583 137.4438021701 -61.0794279562 -72.2830247065 205.2081994619 -115.3014250180 -185.1291831465 289.7253744493 0.0000000000 -289.7253744493 185.1291831465 115.3014250180 -205.2081994619 72.2830247065 61.0794279562 -137.4438021701 156.8661166583 -23.0716166506 -200.2978580999 235.8129881627 -32.8788097376 -124.3627589229 114.3118258863 -119.5026408069 150.3366098399 8.4329488373 -251.6155442272 198.7399903027 81.2457029488 -108.2606743013 -112.9159178672 61.0592279893 267.8668442976 -245.5187872125 -201.4501071103 326.6654129549 112.9971192256 -352.0370805317 -25.9806524712 321.1070800250
0.0000000000 323.7892168148 -25.6414794117 -387.4238501113 206.9249244136 212.4195580428 -126.7848545739 -284.6365571065 312.7778938206 36.4931872860 -180.7149279792 24.8689307071 18.5842470141 136.1621116381 -179.8756685085 30.4124466997 111.9029380617 -178.4169914656 198.1403659815 -73.7997737780 -173.1946525602 234.1250380403 3.2804016123 -167.6070074816 1.9213089639 176.6903268436 -44.2604515163 -160.6214560871 102.9303698112 60.5999274907 -43.6527100779 -43.3303581516 0.0000000000 43.3303581516 43.6527100779 -60.5999274907 -102.9303698112 160.6214560871 44.2604515163 -176.6903268436 -1.9213089639 167.6070074816 -3.2804016123 -234.1250380403 173.1946525602 73.7997737780 -198.1403659815 178.4169914656 -111.9029380617 -30.4124466997 179.8756685085 -136.1621116381 -18.5842470141 -24.8689307071 180.7149279792 -36.4931872860 -312.7778938206 284.6365571065 126.7848545739 -212.4195580428 -206.9249244136 387.4238501113 25.6414794117 -323.7892168148
-0.0000000000 -273.9988987905 81.9706642828 212.2093386590 -102.9143541304 -159.9852230228 93.4873583121 133.0265310307 -76.0549825881 -155.6310070678 158.7107767695 35.7268742057 -119.4473322974 78.3227315297 -67.7663280991 33.6097336302 84.5702074041 -115.4310372036 3.8020450194 10.5957488269 109.5243628316 -34.5561245113 -261.5041932276 277.5780640166 153.1162927748 -429.0379187671 112.9681720873 328.9311434414 -285.2959973961 -78.6871758181 240.2031296579 -136.6820874619 0.0000000000 136.6820874619 -240.2031296579 78.6871758181 285.2959973961 -328.9311434414 -112.9681720873 429.0379187671 -153.1162927748 -277.5780640166 261.5041932276 34.5561245113 -109.5243628316 -10.5957488269 -3.8020450194 115.4310372036 -84.5702074041 -33.6097336302 67.7663280991 -78.3227315297 119.4473322974 -35.7268742057 -158.7107767695 155.6310070678 76.0549825881 -133.0265310307 -93.4873583121 159.9852230228 102.9143541304 -212.2093386590 -81.9706642828 273.9988987905
-0.0000000000 118.8287222986 -61.4706100630 -5.2309936254 -69.9204684942 114.5427938478 -19.3410827300 0.6091578140 -150.8682288590 192.0376001645 5.3973860031 -151.8014018561 88.8469760853 -69.5602150712 189.1277667943 -133.6351168950 -175.7094526187 318.3640619892 -106.5901222265 -70.3811345406 -6.9209587746 -0.0562669529 233.9747471976 -253.1981175450 -126.2088734442 353.5799732317 -57.7916136205 -279.0726040030 150.0985147792 154.7400057660 -163.3983689764 11.1868859248 0.0000000000 -11.1868859248 163.3983689764 -154.7400057660 -150.0985147792 279.0726040030 57.7916136205 -353.5799732317 126.2088734442 253.1981175450 -233.9747471976 0.0562669529 6.9209587746 70.3811345406 106.5901222265 -318.3640619892 175.7094526187 133.6351168950 -189.1277667943 69.5602150712 -88.8469760853 151.8014018561 -5.3973860031 -192.0376001645 150.8682288590 -0.6091578140 19.3410827300 -114.5427938478 69.9204684942 5.2309936254 61.4706100630 -118.8287222986
-0.0000000000 99.0408975070 -80.5518052111 -59.6709246326 132.5627317318 9.5553508728 -162.0803783309 40.6094829682 175.6982880282 -79.9211568531 -206.4951314959 166.9498096798 178.4373199235 -242.5112126795 -88.5636212813 227.8052315274 52.0239212100 -210.1760996930 -50.8577453651 242.3143460609 -13.5739647559 -217.5212717751 76.3046834556 114.1587828660 -30.5333501679 -54.5567216123 -79.1642037179 103.3917459735 146.7486183338 -217.9883614577 -116.2274987992 314.3629498660 -0.0000000000 -314.3629498660 116.2274987992 217.9883614577 -146.7486183338 -103.3917459735 79.1642037179 54.5567216123 30.5333501679 -114.1587828660 -76.3046834556 217.5212717751 13.5739647559 -242.3143460609 50.8577453651 210.1760996930 -52.0239212100 -227.8052315274 88.5636212813 242.5112126795 -178.4373199235 -166.9498096798 206.4951314959 79.9211568531 -175.6982880282 -40.6094829682 162.0803783309 -9.5553508728 -132.5627317318 59.6709246326 80.5518052111 -99.0408975070
0.0000000000 -206.6704345455 170.7591592255 50.0436627693 -126.1208047897 -89.4732163249 271.3827962482 -102.9755233096 -137.8994949366 -0.3861068033 294.9478481672 -143.2036674999 -349.8502015209 442.8911689483 -1.5869370297 -267.8288518788 50.0000000000 91.3693736288 178.6143810164 -338.9936817344 0.6594664709 365.1007823783 -265.2681906925 -31.7487714634 118.1005050634 -110.1369966204 152.1860933722 -10.5832595061 -295.6111367979 238.4398452442 271.9798132554 -487.5754914716 0.0000000000 487.5754914716 -271.9798132554 -238.4398452442 295.6111367979 10.5832595061 -152.1860933722 110.1369966204 -118.1005050634 31.7487714634 265.2681906925 -365.1007823783 -0.6594664709 338.9936817344 -178.6143810164 -91.3693736288 -50.0000000000 267.8288518788 1.5869370297 -442.8911689483 349.8502015209 143.2036674999 -294.9478481672 0.3861068033 137.8994949366 102.9755233096 -271.3827962482 89.4732163249 126.1208047897 -50.0436627693 -170.7591592255 206.6704345455
0.0000000000 99.0408975070 -80.5518052111 -59.6709246326 132.5627317318 9.5553508728 -162.0803783309 40.6094829682 175.6982880282 -79.9211568531 -206.4951314959 166.9498096798 178.4373199235 -242.5112126795 -88.5636212813 227.8052315274 52.0239212100 -210.1760996930 -50.8577453651 242.3143460609 -13.5739647559 -217.5212717751 76.3046834556 114.1587828660 -30.5333501679 -54.5567216123 -79.1642037179 103.3917459735 146.7486183338 -217.9883614577 -116.2274987992 314.3629498660 -0.0000000000 -314.3629498660 116.2274987992 217.9883614577 -146.7486183338 -103.3917459735 79.1642037179 54.5567216123 30.5333501679 -114.1587828660 -76.3046834556 217.5212717751 13.5739647559 -242.3143460609 50.8577453651 210.1760996930 -52.0239212100 -227.8052315274 88.5636212813 242.5112126795 -178.4373199235 -166.9498096798 206.4951314959 79.9211568531 -175.6982880282 -40.6094829682 162.0803783309 -9.5553508728 -132.5627317318 59.6709246326 80.5518052111 -99.0408975070
-0.0000000000 118.8287222986 -61.4706100630 -5.2309936254 -69.9204684942 114.5427938478 -19.3410827300 0.6091578140 -150.8682288590 192.0376001645 5.3973860031 -151.8014018561 88.8469760853 -69.5602150712 189.1277667943 -133.6351168950 -175.7094526187 318.3640619892 -106.5901222265 -70.3811345406 -6.9209587746 -0.0562669529 233.9747471976 -253.1981175450 -126.2088734442 353.5799732317 -57.7916136205 -279.0726040030 150.0985147792 154.7400057660 -163.3983689764 11.1868859248 0.0000000000 -11.1868859248 163.3983689764 -154.7400057660 -150.0985147792 279.0726040030 57.7916136205 -353.5799732317 126.2088734442 253.1981175450 -233.9747471976 0.0562669529 6.9209587746 70.3811345406 106.5901222265 -318.3640619892 175.7094526187 133.6351168950 -189.1277667943 69.5602150712 -88.8469760853 151.8014018561 -5.3973860031 -192.0376001645 150.8682288590 -0.6091578140 19.3410827300 -114.5427938478 69.9204684942 5.2309936254 61.4706100630 -118.8287222986
-0.0000000000 -273.9988987905 81.9706642828 212.2093386590 -102.9143541304 -159.9852230228 93.4873583121 133.0265310307 -76.0549825881 -155.6310070678 158.7107767695 35.7268742057 -119.4473322974 78.3227315297 -67.7663280991 33.6097336302 84.5702074041 -115.4310372036 3.8020450194 10.5957488269 109.5243628316 -34.5561245113 -261.5041932276 277.5780640166 153.1162927748 -429.0379187671 112.9681720873 328.9311434414 -285.2959973961 -78.6871758181 240.2031296579 -136.6820874619 0.0000000000 136.6820874619 -240.2031296579 78.6871758181 285.2959973961 -328.9311434414 -112.9681720873 429.0379187671 -153.1162927748 -277.5780640166 261.5041932276 34.5561245113 -109.5243628316 -10.5957488269 -3.8020450194 115.4310372036 -84.5702074041 -33.6097336302 67.7663280991 -78.3227315297 119.4473322974 -35.7268742057 -158.7107767695 155.6310070678 76.0549825881 -133.0265310307 -93.4873583121 159.9852230228 102.9143541304 -212.2093386590 -81.9706642828 273.9988987905
0.0000000000 323.7892168148 -25.6414794117 -387.4238501113 206.9249244136 212.4195580428 -126.7848545739 -284.6365571065 312.7778938206 36.4931872860 -180.7149279792 24.8689307071 18.5842470141 136.1621116381 -179.8756685085 30.4124466997 111.9029380617 -178.4169914656 198.1403659815 -73.7997737780 -173.1946525602 234.1250380403 3.2804016123 -167.6070074816 1.9213089639 176.6903268436 -44.2604515163 -160.6214560871 102.9303698112 60.5999274907 -43.6527100779 -43.3303581516 0.0000000000 43.3303581516 43.6527100779 -60.5999274907 -102.9303698112 160.6214560871 44.2604515163 -176.6903268436 -1.9213089639 167.6070074816 -3.2804016123 -234.1250380403 173.1946525602 73.7997737780 -198.1403659815 178.4169914656 -111.9029380617 -30.4124466997 179.8756685085 -136.1621116381 -18.5842470141 -24.8689307071 180.7149279792 -36.4931872860 -312.7778938206 284.6365571065 126.7848545739 -212.4195580428 -206.9249244136 387.4238501113 25.6414794117 -323.7892168148
-0.0000000000 -321.1070800250 25.9806524712 352.0370805317 -112.9971192256 -326.6654129549 201.4501071104 245.5187872125 -267.8668442976 -61.0592279893 112.9159178672 108.2606743013 -81.2457029488 -198.7399903027 251.6155442272 -8.4329488373 -150.3366098399 119.5026408069 -114.3118258863 124.3627589229 32.8788097376 -235.8129881627 200.2978580999 23.0716166506 -156.8661166583 137.4438021701 -61.0794279562 -72.2830247065 205.2081994619 -115.3014250180 -185.1291831465 289.7253744493 0.0000000000 -289.7253744493 185.1291831465 115.3014250180 -205.2081994619 72.2830247065 61.0794279562 -137.4438021701 156.8661166583 -23.0716166506 -200.2978580999 235.8129881627 -32.8788097376 -124.3627589229 114.3118258863 -119.5026408069 150.3366098399 8.4329488373 -251.6155442272 198.7399903027 81.2457029488 -108.2606743013 -112.9159178672 61.0592279893 267.8668442976 -245.5187872125 -201.4501071103 326.6654129549 112.9971192256 -352.0370805317 -25.9806524712 321.1070800250
0.0000000000 272.6001870050 -57.0335068761 -201.1700972496 -21.8057598794 328.8978109989 -165.9844218126 -131.7358091229 4.8382614263 256.1397789795 -80.3661256709 -284.7006715555 234.3908729843 82.1058136995 -90.2573508687 -130.6132142151 58.3665230560 244.3239428391 -239.9511880097 -96.4460908848 243.3408449300 -27.7618397875 -167.3078851644 82.0501609652 115.0524969758 -194.2999716657 99.1029307431 121.1309007393 -284.3623175788 149.9100711034 198.5641408972 -310.5993855044 0.0000000000 310.5993855044 -198.5641408972 -149.9100711034 284.3623175788 -121.1309007393 -99.1029307431 194.2999716657 -115.0524969758 -82.0501609652 167.3078851644 27.7618397875 -243.3408449300 96.4460908848 239.9511880097 -244.3239428391 -58.3665230560 130.6132142151 90.2573508687 -82.1058136995 -234.3908729843 284.7006715555 80.3661256709 -256.1397789795 -4.8382614263 131.7358091229 165.9844218126 -328.8978109989 21.8057598794 201.1700972496 57.0335068761 -272.6001870050
-0.0000000000 -155.9948077376 14.0890723543 120.0941795391 30.2960320863 -130.8950960857 -74.1552957339 171.5908479124 140.2201078818 -370.6858311333 77.9144319137 284.2184733697 -160.4417894478 -109.2141413395 -39.1574034775 307.8121886576 -78.4729640488 -413.1509744889 424.7582572834 59.3515985190 -359.3136629046 196.9546918874 50.0197606569 -96.5571667097 51.6989623428 -18.5597618885 -35.8749393671 54.3861388738 29.6749642984 -84.4979265090 -2.1268904340 77.0598925429 -0.0000000000 -77.0598925429 2.1268904340 84.4979265090 -29.6749642984 -54.3861388738 35.8749393671 18.5597618885 -51.6989623428 96.5571667097 -50.0197606569 -196.9546918874 359.3136629046 -59.3515985190 -424.7582572834 413.1509744889 78.4729640488 -307.8121886576 39.1574034775 109.2141413395 160.4417894478 -284.2184733697 -77.9144319137 370.6858311333 -140.2201078818 -171.5908479124 74.1552957339 130.8950960857 -30.2960320863 -120.0941795391 -14.0890723543 155.9948077376
0.0000000000 25.7064227867 67.9595187328 -93.2168102976 -18.5084300239 -18.4422575294 255.2829943972 -270.6859742682 -62.5857864376 233.8692549669 14.5388442994 -171.7085575731 -114.2605083146 338.1215786027 -32.4309821365 -348.2598220810 200.9848480983 188.7550023765 -194.4516135468 -89.2579542009 150.4013965687 5.0130688281 -21.8712644363 -48.6941043551 -73.1787155502 237.8982881312 -95.8033045718 -221.1192110442 274.8683370603 -20.2993968003 -193.3462504768 169.5643951825 0.0000000000 -169.5643951825 193.3462504768 20.2993968003 -274.8683370603 221.1192110442 95.8033045718 -237.8982881312 73.1787155502 48.6941043551 21.8712644363 -5.0130688281 -150.4013965687 89.2579542009 194.4516135468 -188.7550023765 -200.9848480983 348.2598220810 32.4309821365 -338.1215786027 114.2605083146 171.7085575731 -14.5388442994 -233.8692549669 62.5857864376 270.6859742682 -255.2829943972 18.4422575294 18.5084300239 93.2168102976 -67.9595187328 -25.7064227867
-0.0000000000 22.4013010985 -76.4712407436 30.3653120376 104.8519271333 -80.2892669776 -119.0875208033 167.2701507030 -2.0559315400 -18.8451147615 -174.7404308431 150.0033405541 214.4332127940 -397.7577121583 115.5848096632 181.8420620733 -131.4443479331 45.3177406184 -181.1459216248 181.1598589482 172.2836451525 -374.3238177015 44.5233453298 313.1460623691 -124.9976376289 -269.5238725145 213.5195734282 179.5291781653 -299.4293781557 34.7257056625 202.1688496125 -177.6110015846 0.0000000000 177.6110015846 -202.1688496125 -34.7257056625 299.4293781557 -179.5291781653 -213.5195734282 269.5238725145 124.9976376289 -313.1460623691 -44.5233453298 374.3238177015 -172.2836451525 -181.1598589482 181.1459216248 -45.3177406184 131.4443479331 -181.8420620733 -115.5848096632 397.7577121583 -214.4332127940 -150.0033405541 174.7404308431 18.8451147615 2.0559315400 -167.2701507030 119.0875208033 80.2892669776 -104.8519271333 -30.3653120376 76.4712407436 -22.4013010985
-0.0000000000 25.9228309374 18.1614165757 -2.6380942562 -128.8954476948 195.4886380759 -117.4472429906 64.7992901447 -82.0714248105 -12.3929667854 190.0582376347 -169.3273011273 -36.8211067813 87.7719747600 33.0837923171 19.4831868768 -202.1683484452 64.9812821298 318.1579497607 -279.3614350975 -264.9085715738 496.9944592903 -15.1722490272 -457.1194454738 259.4001008523 182.2698507472 -198.8015273231 -44.0927181609 54.1175063435 78.6132034522 -28.6720356514 -76.0942102986 -0.0000000000 76.0942102986 28.6720356514 -78.6132034522 -54.1175063435 44.0927181609 198.8015273231 -182.2698507472 -259.4001008523 457.1194454738 15.1722490272 -496.9944592903 264.9085715738 279.3614350975 -318.1579497607 -64.9812821298 202.1683484452 -19.4831868768 -33.0837923171 -87.7719747600 36.8211067813 169.3273011273 -190.0582376347 12.3929667854 82.0714248105 -64.7992901447 117.4472429906 -195.4886380759 128.8954476948 2.6380942562 -18.1614165757 -25.9228309374
0.0000000000 -101.5864505366 23.5532623510 87.1048788274 -44.8843087993 -57.4839076019 82.0542139652 -88.5017732964 124.4026560299 -95.0538467351 3.6839499107 30.0793104826 -67.4363398609 233.1144343793 -301.2354352807 -26.1413345224 435.4205498191 -318.5825577304 -185.3956704769 306.0188964926 87.0357453771 -269.5858161298 -57.8569335365 288.1219706456 -58.5820466493 -141.8978528363 -13.5875271949 81.9840657462 182.8646849503 -249.5710355615 -153.9141179450 384.6869528722 -0.0000000000 -384.6869528722 153.9141179450 249.5710355615 -182.8646849503 -81.9840657462 13.5875271949 141.8978528363 58.5820466493 -288.1219706456 57.8569335365 269.5858161298 -87.0357453771 -306.0188964926 185.3956704769 318.5825577304 -435.4205498191 26.1413345224 301.2354352807 -233.1144343793 67.4363398609 -30.0793104826 -3.6839499107 95.0538467351 -124.4026560299 88.5017732964 -82.0542139652 57.4839076019 44.8843087993 -87.1048788274 -23.5532623510 101.5864505366
0.0000000000 144.9693894362 -40.9822052181 -150.1963962219 179.3708872793 -115.9791701303 118.3531241672 -118.5386754818 21.0349948548 86.8484956969 -136.0096675988 167.8766293805 -110.3468839499 -136.7639704226 335.6812617388 -141.5284116220 -252.0441111399 298.8181782546 19.4177313229 -184.4098666409 60.9254396962 -30.0718061754 129.7993636989 25.0350060508 -324.2158972317 180.1866680157 307.7598050578 -315.9668004666 -239.0339947907 398.3920669206 179.7337360526 -519.8716334026 0.0000000000 519.8716334026 -179.7337360526 -398.3920669206 239.0339947907 315.9668004666 -307.7598050578 -180.1866680157 324.2158972317 -25.0350060508 -129.7993636989 30.0718061754 -60.9254396962 184.4098666409 -19.4177313229 -298.8181782546 252.0441111399 141.5284116220 -335.6812617388 136.7639704226 110.3468839499 -167.8766293805 136.0096675988 -86.8484956969 -21.0349948548 118.5386754818 -118.3531241672 115.9791701303 -179.3708872793 150.1963962219 40.9822052181 -144.9693894362
-0.0000000000 -133.5076557421 48.0878839270 74.6044306689 -27.7554582094 -27.9142289557 -85.4476145096 201.4700632138 -144.6853854520 45.4161450212 -15.1743708974 -82.3919816493 257.9216061182 -239.9748995211 -34.3901726854 227.5209743477 -144.4178290151 1.9892653951 31.3930904848 -51.2222125519 41.8323090233 120.4815668393 -207.7856678619 -105.3360832897 469.3826227265 -214.2657306617 -422.3406213354 465.1377034366 178.4585341685 -456.0021040895 -62.1771855238 430.4394641094 0.0000000000 -430.4394641094 62.1771855238 456.0021040895 -178.4585341685 -465.1377034366 422.3406213354 214.2657306617 -469.3826227265 105.3360832897 207.7856678619 -120.4815668393 -41.8323090233 51.2222125519 -31.3930904848 -1.9892653951 144.4178290151 -227.5209743477 34.3901726854 239.9748995211 -257.9216061182 82.3919816493 15.1743708974 -45.4161450212 144.6853854520 -201.4700632138 85.4476145096 27.9142289557 27.7554582094 -74.6044306689 -48.0878839270 133.5076557421
-0.0000000000 74.2664483466 7.7312476397 -22.7870629584 -178.7742155650 303.0193349336 -135.2962179317 -46.6749967184 11.4611364738 -9.1157212718 216.4411685118 -285.9627095026 -44.0585221866 387.4062892402 -283.3648133213 -96.0853222594 289.0642987867 -198.5959522028 2.6364744552 185.1848801653 -233.2348835415 11.5694568101 248.1118135086 -131.4285733876 -220.3160445069 203.5181239964 208.5487982179 -320.7514213734 -90.2469136838 340.8734980927 -37.8217421394 -232.5533160205 0.0000000000 232.5533160205 37.8217421394 -340.8734980927 90.2469136838 320.7514213734 -208.5487982179 -203.5181239964 220.3160445069 131.4285733876 -248.1118135086 -11.5694568101 233.2348835415 -185.1848801653 -2.6364744552 198.5959522028 -289.0642987867 96.0853222594 283.3648133213 -387.4062892402 44.0585221866 285.9627095026 -216.4411685118 9.1157212718 -11.4611364738 46.6749967184 135.2962179317 -303.0193349336 178.7742155650 22.7870629584 -7.7312476397 -74.2664483466
0.0000000000 -41.3778253114 -103.8527031181 152.9470368548 86.4119416674 -256.5372731809 103.3249108556 8.2705156615 193.4804103502 -287.4672944858 -85.0871356116 468.9998882047 -302.9276996951 -147.1047417160 269.4342402411 -62.9302627149 -67.1409948594 51.2541961414 -48.5762707590 -13.8528439862 193.3733971490 -202.5060628603 -111.8407959265 349.7868037740 -156.1821970313 -166.4228310223 170.7563232552 20.4360977340 -44.8828883542 -52.4442104743 33.1195115485 37.7367215625 0.0000000000 -37.7367215625 -33.1195115485 52.4442104743 44.8828883542 -20.4360977340 -170.7563232552 166.4228310223 156.1821970313 -349.7868037740 111.8407959265 202.5060628603 -193.3733971490 13.8528439862 48.5762707590 -51.2541961414 67.1409948594 62.9302627149 -269.4342402411 147.1047417160 302.9276996951 -468.9998882047 85.0871356116 287.4672944858 -193.4804103502 -8.2705156615 -103.3249108556 256.5372731809 -86.4119416674 -152.9470368548 103.8527031181 41.3778253114
0.0000000000 133.9058010204 73.2113331269 -276.4260787579 135.2974446412 1.1123460737 187.2526577449 -281.5826707932 -100.1349929488 477.0450594100 -269.6967050120 -201.2012022454 296.8702675593 -93.9732918679 25.2760126367 -16.9817415268 -178.0000000000 276.4907541467 38.7543734110 -351.2952927254 120.7870064387 309.9743593971 -220.5493600278 -259.5986709843 351.8650070512 90.6008336076 -391.2955234879 153.6065973585 215.2141835205 -228.1249161900 -21.0058323158 136.5100052720 0.0000000000 -136.5100052720 21.0058323158 228.1249161900 -215.2141835205 -153.6065973585 391.2955234879 -90.6008336076 -351.8650070512 259.5986709843 220.5493600278 -309.9743593971 -120.7870064387 351.2952927254 -38.7543734110 -276.4907541467 178.0000000000 16.9817415268 -25.2760126367 93.9732918679 -296.8702675593 201.2012022454 269.6967050120 -477.0450594100 100.1349929488 281.5826707932 -187.2526577449 -1.1123460737 -135.2974446412 276.4260787579 -73.2113331269 -133.9058010204
-0.0000000000 -304.7064198258 105.5419126683 189.2959183325 -80.6294059214 -74.3474149997 -189.9577628715 478.1687718017 -231.2721983869 -239.9572702802 322.9493472435 -127.7836274499 73.5068353891 -31.4235271342 -227.5606925422 310.1494379727 119.7552696910 -476.6859958380 94.5803569513 527.0821433654 -415.0545031879 -274.0542917909 494.0464654674 -2.3305712685 -339.8151302296 38.9457114317 316.9326399494 -127.7082794585 -283.1669234132 278.3395134368 99.3217835043 -266.7634882958 0.0000000000 266.7634882958 -99.3217835043 -278.3395134368 283.1669234132 127.7082794585 -316.9326399494 -38.9457114317 339.8151302296 2.3305712685 -494.0464654674 274.0542917909 415.0545031879 -527.0821433654 -94.5803569513 476.6859958380 -119.7552696910 -310.1494379727 227.5606925422 31.4235271342 -73.5068353891 127.7836274499 -322.9493472435 239.9572702802 231.2721983869 -478.1687718017 189.9577628715 74.3474149997 80.6294059214 -189.2959183325 -105.5419126683 304.7064198259
0.0000000000 352.3338574336 -158.6205924045 -115.5177367108 -112.3823056045 443.4185621396 -242.2434456451 -221.0559540894 319.0497324809 -134.0671361098 67.4029501060 10.6747393295 -303.8131350891 384.0580024870 89.3239491804 -505.3250257856 178.3910107436 405.3014173021 -306.0782956378 -298.9174836147 417.6223972805 108.6220856295 -423.5676485296 113.0078461204 238.0613664499 -133.3411021249 -107.0555099320 43.2630739857 155.7808735849 -96.3465189748 -165.8050817889 239.8497085471 -0.0000000000 -239.8497085471 165.8050817889 96.3465189748 -155.7808735849 -43.2630739857 107.0555099320 133.3411021249 -238.0613664499 -113.0078461204 423.5676485296 -108.6220856295 -417.6223972805 298.9174836147 306.0782956378 -405.3014173021 -178.3910107436 505.3250257856 -89.3239491804 -384.0580024870 303.8131350891 -10.6747393295 -67.4029501060 134.0671361098 -319.0497324809 221.0559540894 242.2434456451 -443.4185621396 112.3823056045 115.5177367108 158.6205924045 -352.3338574336
0.0000000000 -213.3596193070 -43.5201678593 305.6911724771 -16.1048187486 -446.2704385177 450.5023218640 -156.2717472376 22.4478796576 74.4401848354 -357.4824130959 421.6582991426 70.4433250127 -527.1599090327 246.6008344064 365.9371111943 -396.3726686075 -126.3145700150 378.1978794213 -100.4006268641 -161.1837524923 80.8445427632 56.6187515926 -13.4833315204 -68.4076230721 62.0399478460 -38.4395803967 16.9165827640 56.8943490916 -112.0554818741 56.9059666951 16.1171967421 -0.0000000000 -16.1171967421 -56.9059666951 112.0554818741 -56.8943490916 -16.9165827640 38.4395803967 -62.0399478460 68.4076230721 13.4833315204 -56.6187515926 -80.8445427632 161.1837524923 100.4006268641 -378.1978794213 126.3145700150 396.3726686075 -365.9371111943 -246.6008344064 527.1599090327 -70.4433250127 -421.6582991426 357.4824130959 -74.4401848354 -22.4478796576 156.2717472376 -450.5023218640 446.2704385177 16.1048187486 -305.6911724771 43.5201678593 213.3596193070
0.0000000000 100.2661316533 158.9407400427 -426.8752389808 298.9315173239 -44.4921313539 13.9373612209 37.6330392287 -330.9172458487 414.1236617606 73.7672495254 -566.4592337977 351.4309236060 264.5808408988 -422.6729784076 11.0548283595 311.0592630416 -171.9171459113 -144.5499662495 268.5787816287 -128.3123960645 -136.8316780632 273.7668595285 -100.9023572110 -175.4611595534 150.4387435255 115.5572167631 -125.6108802749 -176.5643210320 227.4938953865 156.0842805143 -357.7566210561 0.0000000000 357.7566210561 -156.0842805143 -227.4938953865 176.5643210320 125.6108802749 -115.5572167631 -150.4387435255 175.4611595534 100.9023572110 -273.7668595285 136.8316780632 128.3123960645 -268.5787816287 144.5499662495 171.9171459113 -311.0592630416 -11.0548283595 422.6729784076 -264.5808408988 -351.4309236060 566.4592337977 -73.7672495254 -414.1236617606 330.9172458487 -37.6330392287 -13.9373612209 44.4921313539 -298.9315173239 426.8752389808 -158.9407400427 -100.2661316533
0.0000000000 -146.7519609742 69.3120745347 59.8252328264 -95.3013874823 244.5580031662 -529.5607557163 476.8108779476 120.5872663488 -643.9543680314 449.6706096064 179.0755337059 -459.2653257089 169.2673985970 232.0245463153 -304.4678670231 34.5727818745 269.0941238216 -252.4359688191 -96.1287210633 299.9133629162 -8.1893754663 -349.1375988719 140.0848890276 359.9924228790 -319.2070756966 -212.9974003104 318.4867375045 173.5104948605 -329.8278471493 -214.1358015289 525.3022153413 0.0000000000 -525.3022153413 214.1358015289 329.8278471493 -173.5104948605 -318.4867375045 212.9974003104 319.2070756966 -359.9924228790 -140.0848890276 349.1375988719 8.1893754663 -299.9133629162 96.1287210633 252.4359688191 -269.0941238216 -34.5727818745 304.4678670231 -232.0245463153 -169.2673985970 459.2653257089 -179.0755337059 -449.6706096064 643.9543680314 -120.5872663488 -476.8108779476 529.5607557163 -244.5580031662 95.3013874823 -59.8252328264 -69.3120745347 146.7519609742
-0.0000000000 127.0269400853 -222.5411106240 358.5168612632 -458.5680195240 252.1939572273 254.3842355123 -586.2235916641 371.1936868556 159.6837255832 -477.2001652375 332.4918370622 95.1129535725 -386.2411719455 206.3968863238 271.5825197437 -403.8293826506 -68.6839374102 483.5207119076 -188.5993360755 -347.1137457292 248.1221431031 257.0764120817 -214.0908538795 -324.2734473192 340.7271232950 282.1982588824 -466.1942305168 -132.5407262245 459.3052708460 47.9224336914 -439.3491551491 0.0000000000 439.3491551491 -47.9224336914 -459.3052708460 132.5407262245 466.1942305168 -282.1982588824 -340.7271232950 324.2734473192 214.0908538795 -257.0764120817 -248.1221431031 347.1137457292 188.5993360755 -483.5207119076 68.6839374102 403.8293826506 -271.5825197437 -206.3968863238 386.2411719455 -95.1129535725 -332.4918370622 477.2001652375 -159.6837255832 -371.1936868556 586.2235916641 -254.3842355123 -252.1939572273 458.5680195240 -358.5168612632 222.5411106240 -127.0269400853
0.0000000000 125.4078523504 -135.5957699029 -56.2536619186 381.6251457934 -601.4446023177 501.4172101782 -75.2742376868 -425.2983022624 573.3959266906 -138.1747115527 -460.9996977475 453.2814407785 207.4197320421 -574.5480830417 60.2140544733 549.1325566937 -279.6659864338 -407.3976733227 362.7165220537 294.3552211786 -409.7781286926 -165.7444299347 367.6157972961 115.0259646823 -311.0817449585 -179.9046400919 428.8159200979 76.7641365901 -466.2167371036 102.3024451191 275.2016150090 -0.0000000000 -275.2016150090 -102.3024451191 466.2167371036 -76.7641365901 -428.8159200979 179.9046400919 311.0817449585 -115.0259646823 -367.6157972961 165.7444299347 409.7781286926 -294.3552211786 -362.7165220537 407.3976733227 279.6659864338 -549.1325566937 -60.2140544733 574.5480830417 -207.4197320421 -453.2814407785 460.9996977475 138.1747115527 -573.3959266906 425.2983022624 75.2742376868 -501.4172101782 601.4446023177 -381.6251457934 56.2536619186 135.5957699029 -125.4078523504
0.0000000000 -246.0979696093 448.2525207081 -564.5563730336 479.9394922605 -48.8070634295 -582.4698307427 813.2577228308 -201.1787155502 -703.0785481943 770.2531049103 138.7891298020 -762.2673728219 214.3604962883 616.6281057754 -435.3370922309 -392.9848480983 502.6203744425 178.2166594663 -411.1433136889 -144.8906057377 419.6029476861 84.2219055863 -449.1670952184 65.4142135624 324.4239367839 -71.7861678660 -247.4236517481 28.6013971439 250.2049370036 -48.8351158343 -195.1902157417 0.0000000000 195.1902157417 48.8351158343 -250.2049370036 -28.6013971439 247.4236517481 71.7861678660 -324.4239367839 -65.4142135624 449.1670952184 -84.2219055863 -419.6029476861 144.8906057377 411.1433136889 -178.2166594663 -502.6203744425 392.9848480983 435.3370922309 -616.6281057754 -214.3604962883 762.2673728219 -138.7891298020 -770.2531049103 703.0785481943 201.1787155502 -813.2577228308 582.4698307427 48.8070634295 -479.9394922605 564.5563730336 -448.2525207081 246.0979696093
-0.0000000000 -112.1920561925 114.5102526833 201.7901981903 -778.8923534301 1006.5052103514 -345.6717791406 -695.7778061308 890.7729057483 37.3205710118 -808.3324683249 342.9436342167 590.7002820228 -551.7511303142 -311.0242433566 580.7095211732 74.7316023393 -474.2148984412 19.6487834360 387.9050805726 -60.2202763271 -322.1560160208 58.8573861545 326.0312383241 -126.4890563362 -289.6714864691 241.5034024222 82.4919297343 -135.8340803336 10.6804901041 -61.3144588953 142.4268879492 -0.0000000000 -142.4268879492 61.3144588953 -10.6804901041 135.8340803336 -82.4919297343 -241.5034024222 289.6714864691 126.4890563362 -326.0312383241 -58.8573861545 322.1560160208 60.2202763271 -387.9050805726 -19.6487834360 474.2148984412 -74.7316023393 -580.7095211732 311.0242433566 551.7511303142 -590.7002820228 -342.9436342167 808.3324683249 -37.3205710118 -890.7729057483 695.7778061308 345.6717791406 -1006.5052103514 778.8923534301 -201.7901981903 -114.5102526833 112.1920561925
-0.0000000000 368.4439605407 -863.6515660310 1051.8406609950 -380.2784983332 -792.9394398478 1211.5620290105 -284.6448835650 -863.1463816965 769.9660544613 274.8640722677 -677.5702916093 -25.2450836192 580.5311894826 -152.2466698534 -421.9802856994 209.6615118431 285.7585307703 -174.5576592345 -266.6067042883 230.6120401928 168.7796506583 -224.9202874263 -73.5843218395 147.0840516513 88.6158381261 -178.8829862450 -4.3911462414 138.5901924949 -81.6716929881 6.0959554807 0.4210634511 -0.0000000000 -0.4210634511 -6.0959554807 81.6716929881 -138.5901924949 4.3911462414 178.8829862450 -88.6158381261 -147.0840516513 73.5843218395 224.9202874263 -168.7796506583 -230.6120401928 266.6067042883 174.5576592345 -285.7585307703 -209.6615118431 421.9802856994 152.2466698534 -580.5311894826 25.2450836192 677.5702916093 -274.8640722677 -769.9660544613 863.1463816965 284.6448835650 -1211.5620290105 792.9394398478 380.2784983332 -1051.8406609950 863.6515660310 -368.4439605407
0.0000000000 364.5878047325 44.0554455360 -1110.9834532656 1653.7502460075 -712.7422554496 -875.2930111017 1210.3762764328 37.8757558520 -1018.4513143485 403.9383701218 683.5184857816 -581.2683436926 -337.0513570871 535.2463301335 117.4946371122 -399.1310100401 -59.7869751917 336.7721682495 20.8763555858 -310.6099652289 34.7836375861 292.9436710856 -143.4257127011 -179.3630974188 182.5198845455 22.2993804074 -61.1074058760 -46.0894274448 25.1205264593 133.1930097305 -173.7692318232 0.0000000000 173.7692318232 -133.1930097305 -25.1205264593 46.0894274448 61.1074058760 -22.2993804074 -182.5198845455 179.3630974188 143.4257127011 -292.9436710856 -34.7836375861 310.6099652289 -20.8763555858 -336.7721682495 59.7869751917 399.1310100401 -117.4946371122 -535.2463301335 337.0513570871 581.2683436926 -683.5184857816 -403.9383701218 1018.4513143485 -37.8757558520 -1210.3762764328 875.2930111017 712.7422554496 -1653.7502460075 1110.9834532656 -44.0554455360 -364.5878047326
0.0000000000 -1308.5274621062 2012.7139907958 -1129.3767497313 -962.5641462790 1934.4997644952 -521.3795794434 -1268.1953746769 967.5450493944 626.2741862562 -910.6665489812 -327.4312280253 890.7405557510 14.1271176473 -711.6676724582 133.3424745396 541.0819100366 -172.3789420656 -463.0859740118 259.1920190638 324.6187348995 -263.8418612354 -237.5492168111 268.7723446969 172.1964400422 -314.9680170537 -2.7913207394 187.6644058855 -7.0405877010 -95.6283057617 -109.4591504697 231.5885884239 0.0000000000 -231.5885884239 109.4591504697 95.6283057617 7.0405877010 -187.6644058855 2.7913207394 314.9680170537 -172.1964400422 -268.7723446969 237.5492168111 263.8418612354 -324.6187348995 -259.1920190638 463.0859740118 172.3789420656 -541.0819100366 -133.3424745396 711.6676724582 -14.1271176473 -890.7405557510 327.4312280253 910.6665489812 -626.2741862562 -967.5450493944 1268.1953746769 521.3795794434 -1934.4997644952 962.5641462790 1129.3767497313 -2012.7139907958 1308.5274621062
0.0000000000 -249.8702071451 -1680.0299968943 3341.5936574674 -1615.4858178037 -1557.9440569586 1894.4438780098 477.1741981918 -1551.1554059359 29.2715258373 1160.1493469272 -217.4494711931 -871.0586615586 263.0014731398 707.3457690157 -292.3558683030 -621.1868060372 385.4336464137 478.6247092802 -437.7912796455 -318.4382713609 431.8926934106 168.4098595034 -346.0747849422 -120.9780820667 293.5458371544 127.2586427348 -336.0053997064 -43.2438560837 324.6296403276 -58.3306603504 -205.1304996892 -0.0000000000 205.1304996892 58.3306603504 -324.6296403276 43.2438560837 336.0053997064 -127.2586427348 -293.5458371544 120.9780820667 346.0747849422 -168.4098595034 -431.8926934106 318.4382713609 437.7912796455 -478.6247092802 -385.4336464137 621.1868060372 292.3558683030 -707.3457690157 -263.0014731398 871.0586615586 217.4494711931 -1160.1493469272 -29.2715258373 1551.1554059359 -477.1741981918 -1894.4438780098 1557.9440569586 1615.4858178037 -3341.5936574674 1680.0299968943 249.8702071451
0.0000000000 5903.5199195633 -3942.2238797734 -2295.2026163878 3924.6225350635 -41.6471504051 -2499.8441220607 559.1303833586 1625.6205620644 -610.2683010852 -1169.4490977455 656.3325015344 757.8491955187 -499.5900060541 -625.6853938779 449.5091855712 558.2238392852 -502.6805136887 -403.8908422458 477.2931779966 302.7103398305 -466.1241376781 -186.1406933348 400.6760332755 123.2776932761 -305.5902137732 -205.0586261986 418.1061939357 110.4060023829 -472.4784363042 91.8991687412 275.2963012908 0.0000000000 -275.2963012908 -91.8991687412 472.4784363042 -110.4060023829 -418.1061939357 205.0586261986 305.5902137732 -123.2776932761 -400.6760332755 186.1406933348 466.1241376781 -302.7103398305 -477.2931779966 403.8908422458 502.6805136887 -558.2238392852 -449.5091855712 625.6853938779 499.5900060541 -757.8491955187 -656.3325015344 1169.4490977455 610.2683010852 -1625.6205620644 -559.1303833586 2499.8441220607 41.6471504051 -3924.6225350635 2295.2026163878 3942.2238797734 -5903.5199195633
-0.0000000000 -13042.8706065213 12152.2176660340 -1436.2722387353 -4662.5286406058 1565.9515986920 2482.9946552085 -1302.8681310395 -1479.2509073041 987.2160104172 1041.2570597226 -843.0829501554 -728.1571277981 698.5990984003 553.6375723734 -624.6385254358 -385.7036586506 503.8798183813 325.8497285899 -447.3193725581 -277.0173823376 403.2356584788 267.7394194021 -425.0130310098 -211.1566160166 428.7705696140 153.6307570378 -419.3992304544 -115.8676947705 423.2056270780 88.5721602464 -469.4187460715 0.0000000000 469.4187460715 -88.5721602464 -423.2056270780 115.8676947705 419.3992304544 -153.6307570378 -428.7705696140 211.1566160166 425.0130310098 -267.7394194021 -403.2356584788 277.0173823376 447.3193725581 -325.8497285899 -503.8798183813 385.7036586506 624.6385254358 -553.6375723734 -698.5990984003 728.1571277981 843.0829501554 -1041.2570597226 -987.2160104172 1479.2509073041 1302.8681310395 -2482.9946552085 -1565.9515986920 4662.5286406058 1436.2722387353 -12152.2176660340 13042.8706065213
