103228.0000000000
-74721.9819099033
19004.2969990762
12609.1020984057
-7655.5724714347
-5348.3612650061
4208.9937739675
3281.7182107017
-3024.8439379639
-2061.5040018465
2235.3940506260
1338.7803733506
-1409.3456794556
-1666.4771659274
2136.0035898768
239.0151350478
-890.0000000000
-756.8256186635
1138.7758993555
284.0457305854
-548.4038193074
-759.0870521037
906.3909267492
524.2106716046
-827.1560620361
-686.6399431424
1447.5949955647
-421.8031683691
-162.6780298024
-797.8177842353
1170.5497647841
303.6256895015
-1408.0000000000
303.6256895015
1170.5497647841
-797.8177842353
-162.6780298024
-421.8031683691
1447.5949955647
-686.6399431424
-827.1560620361
524.2106716046
906.3909267492
-759.0870521037
-548.4038193074
284.0457305854
1138.7758993555
-756.8256186635
-890.0000000000
239.0151350478
2136.0035898768
-1666.4771659274
-1409.3456794556
1338.7803733507
2235.3940506260
-2061.5040018465
-3024.8439379639
3281.7182107017
4208.9937739675
-5348.3612650061
-7655.5724714347
12609.1020984057
19004.2969990762
-74721.9819099033
-74715.6596437158
51806.5427898990
-8271.1547462343
-13502.7202559099
5566.8802472098
6049.6308611986
-3668.2893572520
-3476.2159524340
2642.5380068638
2269.0316947584
-2022.4446487222
-1624.1534368477
1653.2872467770
1224.6698264860
-1464.2316370336
-829.1262376458
1183.0325675593
639.7806119135
-979.1752151657
-546.3267379090
833.1777539875
556.0896246289
-841.4969999968
-508.9102105857
905.6106594653
369.8086018856
-910.5351823473
-217.7752370938
806.7573845389
265.8403683718
-940.3585432347
-136.7936507425
1049.7192509395
-136.7936507425
-940.3585432347
265.8403683718
806.7573845389
-217.7752370938
-910.5351823473
369.8086018856
905.6106594653
-508.9102105857
-841.4969999968
556.0896246289
833.1777539875
-546.3267379090
-979.1752151657
639.7806119135
1183.0325675593
-829.1262376458
-1464.2316370336
1224.6698264860
1653.2872467770
-1624.1534368477
-2022.4446487222
2269.0316947584
2642.5380068638
-3476.2159524340
-3668.2893572520
6049.6308611986
5566.8802472098
-13502.7202559099
-8271.1547462343
51806.5427898990
18987.2969990762
-8260.4770124218
-9394.8447246414
11790.4911122410
-82.9260370315
-6816.9830617723
1744.2233575021
3911.6672369902
-1559.2462035575
-2721.3697167018
1472.1756314082
2031.1033584843
-1659.8138162214
-844.2482864858
527.6763537082
1606.5486382146
-1368.0348391911
-698.0146740022
841.2986965009
894.8397305556
-1203.1777368700
-307.0755633233
813.5238365382
360.0596362120
-870.2897015055
-29.1552076595
272.8367869126
920.5729139102
-1520.5479022360
417.5700697402
611.1100620711
-175.5291739813
-395.2245258503
-175.5291739813
611.1100620711
417.5700697402
-1520.5479022360
920.5729139102
272.8367869126
-29.1552076595
-870.2897015055
360.0596362120
813.5238365382
-307.0755633233
-1203.1777368700
894.8397305556
841.2986965009
-698.0146740022
-1368.0348391911
1606.5486382146
527.6763537082
-844.2482864858
-1659.8138162214
2031.1033584843
1472.1756314082
-2721.3697167018
-1559.2462035575
3911.6672369902
1744.2233575021
-6816.9830617723
-82.9260370315
11790.4911122410
-9394.8447246414
-8260.4770124218
12628.9728246084
-13516.2687159251
11793.3618384437
-3326.5444000349
-5318.2758732979
5089.4848279010
1423.7352258637
-3901.5619466280
-45.0924535150
2910.7956775891
-585.3561086485
-2032.9860440257
675.3720111913
1502.1137997888
-558.0087488618
-1407.6997272510
753.3028201971
1178.9359508730
-952.1479331421
-825.4149538963
1019.3711984476
432.7063567900
-885.4606179514
-154.8551069330
576.7871351158
260.7428252043
-594.8732737532
-302.7173494183
861.5545965527
-149.2473685240
-558.1398803186
220.2951712271
203.2093092714
220.2951712271
-558.1398803186
-149.2473685240
861.5545965527
-302.7173494183
-594.8732737532
260.7428252043
576.7871351158
-154.8551069330
-885.4606179514
432.7063567900
1019.3711984476
-825.4149538963
-952.1479331421
1178.9359508730
753.3028201971
-1407.6997272510
-558.0087488618
1502.1137997888
675.3720111913
-2032.9860440257
-585.3561086485
2910.7956775891
-45.0924535150
-3901.5619466280
1423.7352258637
5089.4848279010
-5318.2758732979
-3326.5444000349
11793.3618384437
-13516.2687159251
-7671.5724714347
5576.5579810222
-81.9260370315
-5322.1465995006
5632.9219451332
-463.6112530585
-3899.2371203499
2395.1228717138
1751.8509104955
-2253.6765236366
-725.1159655844
1789.7604316202
557.0512946895
-2163.5416776596
707.2290014051
885.7779743661
-38.0512946895
-1341.5947508099
754.6515428615
624.4625987458
-455.8509104955
-687.7569388543
711.8573141693
276.4953588415
-455.8509104955
-462.6208666702
1006.8965401531
-597.7130799559
237.2813126546
-463.7771951795
493.6447243768
128.2616690154
-563.1322231501
128.2616690154
493.6447243768
-463.7771951795
237.2813126546
-597.7130799559
1006.8965401531
-462.6208666702
-455.8509104955
276.4953588415
711.8573141693
-687.7569388543
-455.8509104955
624.4625987458
754.6515428615
-1341.5947508099
-38.0512946895
885.7779743661
707.2290014051
-2163.5416776596
557.0512946895
1789.7604316202
-725.1159655844
-2253.6765236366
1751.8509104955
2395.1228717138
-3899.2371203499
-463.6112530585
5632.9219451332
-5322.1465995006
-81.9260370315
5576.5579810222
-5333.8573768980
6041.4492392780
-6819.4791736642
5094.8516659956
-465.1073649504
-3600.7772279336
3226.1011053734
579.4138548033
-2672.0262345949
668.7976575988
1937.0690047831
-1331.6647922772
-1050.5166216970
1439.3978894986
239.0359606532
-964.7679573159
-88.1003413176
729.6247475371
63.3074300339
-664.3962709377
4.2718525606
662.5994748358
-169.6129270476
-636.7359908622
538.6379559000
134.0579673968
-383.5160412397
186.3865425236
-164.1994688821
334.1323542733
-172.8180940130
-368.5436841724
680.1123526193
-368.5436841724
-172.8180940130
334.1323542733
-164.1994688821
186.3865425236
-383.5160412397
134.0579673968
538.6379559000
-636.7359908622
-169.6129270476
662.5994748358
4.2718525606
-664.3962709377
63.3074300339
729.6247475371
-88.1003413176
-964.7679573159
239.0359606532
1439.3978894986
-1050.5166216970
-1331.6647922772
1937.0690047831
668.7976575988
-2672.0262345949
579.4138548033
3226.1011053734
-3600.7772279336
-465.1073649504
5094.8516659956
-6819.4791736642
6041.4492392780
4191.9937739675
-3657.6116234395
1744.2233575021
1420.8644996609
-3900.2371203499
3228.5972172653
277.3805815844
-2909.3487045717
1818.7944028717
1143.8239568322
-1962.6482544296
122.8840250132
1079.1874315762
101.6915826514
-1465.6421112814
898.8185308873
306.7105061766
-110.0119373488
-804.2274751843
620.9942778521
332.3298203287
-425.2572559409
-336.5706516877
590.1191311908
-128.0246534560
7.2277315000
-514.0804283001
824.8713141175
-547.0052401064
168.2521577149
-50.4350182035
54.0850966152
-51.5040680495
54.0850966152
-50.4350182035
168.2521577149
-547.0052401064
824.8713141175
-514.0804283001
7.2277315000
-128.0246534560
590.1191311908
-336.5706516877
-425.2572559409
332.3298203287
620.9942778521
-804.2274751843
-110.0119373488
306.7105061766
898.8185308873
-1465.6421112814
101.6915826514
1079.1874315762
122.8840250132
-1962.6482544296
1143.8239568322
1818.7944028717
-2909.3487045717
277.3805815844
3228.5972172653
-3900.2371203499
1420.8644996609
1744.2233575021
-3657.6116234395
3299.6156170879
-3487.7910926327
3912.5646433764
-3899.5886268116
2397.0202781000
576.0203365252
-2908.4512981854
2279.0998876944
571.9260064868
-2100.6098848301
522.2302701810
1598.6834943112
-1102.1145952938
-1043.9511792105
1462.8699286855
234.8924792528
-1146.5681717656
48.4675821039
886.9140581183
-142.5657668689
-716.8057403157
172.6149623427
586.2229368260
-68.8872418200
-801.5921616298
485.9491326157
495.3609709762
-729.6570452913
290.4266526869
-76.2884930695
20.8937734121
340.4008889082
-614.9895868454
340.4008889082
20.8937734121
-76.2884930695
290.4266526869
-729.6570452913
495.3609709762
485.9491326157
-801.5921616298
-68.8872418200
586.2229368261
172.6149623427
-716.8057403157
-142.5657668689
886.9140581183
48.4675821039
-1146.5681717656
234.8924792528
1462.8699286855
-1043.9511792105
-1102.1145952938
1598.6834943112
522.2302701810
-2100.6098848301
571.9260064868
2279.0998876944
-2908.4512981854
576.0203365252
2397.0202781000
-3899.5886268116
3912.5646433764
-3487.7910926327
-3040.8439379639
2652.2157406763
-1558.2462035575
-48.9631797177
1751.8509104955
-2670.5301227030
1819.7944028717
570.0286001005
-2371.1252506185
1505.8023208657
1127.6098073569
-2246.5927113230
557.0512946895
1254.8890286298
-482.0744677288
-1489.4467513967
1532.2813126546
177.0343000680
-746.1485777047
-436.4675476193
953.5113306197
155.7021555010
-811.8467978536
-210.4569097906
1166.0000000000
-616.8113858664
-150.4321617565
-234.3404100080
794.7117148138
-350.8224633782
-230.6560016274
-91.2406640383
496.2813126546
-91.2406640383
-230.6560016274
-350.8224633782
794.7117148138
-234.3404100080
-150.4321617565
-616.8113858664
1166.0000000000
-210.4569097906
-811.8467978536
155.7021555010
953.5113306197
-436.4675476193
-746.1485777047
177.0343000680
1532.2813126546
-1489.4467513967
-482.0744677288
1254.8890286298
557.0512946895
-2246.5927113230
1127.6098073569
1505.8023208657
-2371.1252506185
570.0286001005
1819.7944028717
-2670.5301227030
1751.8509104955
-48.9631797177
-1558.2462035575
2652.2157406763
-2046.0611630253
2259.9111221247
-2722.9268778805
2915.2235649705
-2254.2336848154
667.8587068857
1142.2667956534
-2098.1553172650
1505.2451596869
216.2940672782
-1473.2801474830
904.5960465559
754.4133490037
-1211.3691516776
-238.4324137686
1429.3418864706
-515.6625151852
-1036.3518777059
768.4701305642
713.0250534945
-833.3064336483
-522.4692945886
963.2783682977
99.5615326723
-578.2667870423
-298.6694530701
601.7564247891
560.3504956648
-1245.7476544079
212.9935844887
831.9724679772
-414.3504625974
-160.6122078587
-414.3504625974
831.9724679772
212.9935844887
-1245.7476544079
560.3504956648
601.7564247891
-298.6694530701
-578.2667870423
99.5615326723
963.2783682977
-522.4692945886
-833.3064336483
713.0250534945
768.4701305642
-1036.3518777059
-515.6625151852
1429.3418864706
-238.4324137686
-1211.3691516776
754.4133490037
904.5960465559
-1473.2801474830
216.2940672782
1505.2451596869
-2098.1553172650
1142.2667956534
667.8587068857
-2254.2336848154
2915.2235649705
-2722.9268778805
2259.9111221247
2218.3940506260
-2011.7669149097
1472.1756314082
-588.2268348512
-726.1159655844
1939.5651166750
-1962.6482544296
521.3328637948
1126.6098073569
-1471.7229863043
362.9421395055
1020.1180393675
-1413.0236628843
558.1790003259
510.0720739547
-411.3869253280
-819.0094624688
1454.1133324736
-444.9414303667
-796.4487537034
470.0838695230
674.5986184745
-630.2008843546
-329.9144085315
159.9327948414
1121.4532719886
-1259.9337064004
-162.4128458109
790.8343079896
366.3545444164
-1159.4655693171
196.1648819229
666.9825718274
196.1648819229
-1159.4655693171
366.3545444164
790.8343079896
-162.4128458109
-1259.9337064004
1121.4532719886
159.9327948414
-329.9144085315
-630.2008843546
674.5986184745
470.0838695230
-796.4487537034
-444.9414303667
1454.1133324736
-819.0094624688
-411.3869253280
510.0720739547
558.1790003259
-1413.0236628843
1020.1180393675
362.9421395055
-1471.7229863043
1126.6098073569
521.3328637948
-1962.6482544296
1939.5651166750
-726.1159655844
-588.2268348512
1472.1756314082
-2011.7669149097
1356.1145729534
-1635.1653702630
2031.4375580871
-2030.4495174258
1791.0946312230
-1334.4951037718
123.2182246160
1599.2467010947
-2245.2585117203
902.7046857744
1020.4522389703
-1453.2323193618
287.1900160310
805.0277897068
-656.1662853830
-299.8624586226
894.8720320897
-485.1305660118
-443.9811877665
727.8451930257
12.2298005757
-612.2759249241
-11.6923392587
950.8335446248
-562.7122660672
-709.2474297899
891.0209781312
152.8289659195
-437.2625414901
-566.6349278844
852.8459864105
517.7363902956
-1510.1505466234
517.7363902956
852.8459864105
-566.6349278844
-437.2625414901
152.8289659195
891.0209781312
-709.2474297899
-562.7122660672
950.8335446248
-11.6923392587
-612.2759249241
12.2298005757
727.8451930257
-443.9811877665
-485.1305660118
894.8720320897
-299.8624586226
-656.1662853830
805.0277897068
287.1900160310
-1453.2323193618
1020.4522389703
902.7046857744
-2245.2585117203
1599.2467010947
123.2182246160
-1334.4951037718
1791.0946312230
-2030.4495174258
2031.4375580871
-1635.1653702630
-1425.3456794556
1662.9649805895
-1658.8138162214
671.5012849886
557.0512946895
-1049.0205098052
1080.1874315762
-1104.0120016800
557.0512946895
754.9705101824
-1412.0236628843
285.8558164282
1356.7365540208
-1472.1668320671
197.2452282829
562.5214044428
17.7117148138
-882.3562494498
910.8544398049
-186.7054057251
-495.2813126546
486.3915584796
227.0631904782
-890.9951412669
738.9487053105
-119.0790287261
64.0938810784
-560.8260967146
501.2882851862
270.4866142941
-440.6066921149
-509.5309039706
1182.3326073441
-509.5309039706
-440.6066921149
270.4866142941
501.2882851862
-560.8260967146
64.0938810784
-119.0790287261
738.9487053105
-890.9951412669
227.0631904782
486.3915584796
-495.2813126546
-186.7054057251
910.8544398049
-882.3562494498
17.7117148138
562.5214044428
197.2452282829
-1472.1668320671
1356.7365540208
285.8558164282
-1412.0236628843
754.9705101824
557.0512946895
-1104.0120016800
1080.1874315762
-1049.0205098052
557.0512946895
671.5012849886
-1658.8138162214
1662.9649805895
-1650.6513378841
1215.1662646303
-845.4224584426
1506.1586979483
-2163.7158496163
1438.0759495634
100.5174106946
-1041.8796008675
1254.7148566730
-1211.7521408997
557.0048283691
806.5361612663
-1472.3410040238
397.6879839555
1018.6208545716
-778.0901178951
-638.0919801428
1107.1981894237
-157.5645250968
-676.9605163417
495.4531602773
-41.8961630467
40.2598984372
-192.1293617579
87.9827537003
134.9455373139
-286.3610101810
382.6518773452
-333.5727457318
46.5658173800
242.6673316216
-287.7232379656
241.2376155599
-287.7232379656
242.6673316216
46.5658173800
-333.5727457318
382.6518773452
-286.3610101810
134.9455373139
87.9827537003
-192.1293617579
40.2598984372
-41.8961630467
495.4531602773
-676.9605163417
-157.5645250968
1107.1981894237
-638.0919801428
-778.0901178951
1018.6208545716
397.6879839555
-1472.3410040238
806.5361612663
557.0048283691
-1211.7521408997
1254.7148566730
-1041.8796008675
100.5174106946
1438.0759495634
-2163.7158496163
1506.1586979483
-845.4224584426
1215.1662646303
2119.0035898768
-1453.5539032211
527.6763537082
-560.8794750646
706.2290014051
241.5320725450
-1465.6421112814
1461.9725222993
-483.0744677288
-236.8752525898
510.0720739547
-656.5004849858
196.2452282829
1019.7950265283
-1589.6521341033
508.1902678614
763.0053871138
-325.9674041217
-1022.8287494165
1034.1272787290
313.4189299580
-876.5946320093
-125.5768727846
1086.4548619861
-795.3199145176
98.8256715237
-102.3934173460
429.0370212789
-225.8419155000
-260.9265057526
156.3448572690
571.3629349932
-1004.3280879035
571.3629349932
156.3448572690
-260.9265057526
-225.8419155000
429.0370212789
-102.3934173460
98.8256715237
-795.3199145176
1086.4548619861
-125.5768727846
-876.5946320093
313.4189299580
1034.1272787290
-1022.8287494165
-325.9674041217
763.0053871138
508.1902678614
-1589.6521341033
1019.7950265283
196.2452282829
-656.5004849858
510.0720739547
-236.8752525898
-483.0744677288
1461.9725222993
-1465.6421112814
241.5320725450
706.2290014051
-560.8794750646
527.6763537082
-1453.5539032211
256.0668000357
-839.8556364462
1606.6003032024
-1404.8806660361
886.8296393540
-967.3157341957
898.8701958751
235.7382206512
-1488.3950864088
1427.7330603039
-411.3352603401
-299.5799240077
563.5730694307
-779.3159548398
508.2419328493
461.5425090064
-860.4343191551
-224.8685656191
1319.0684883753
-553.8620274525
-1173.7079905785
1409.8506450668
26.4594778797
-905.1001921333
211.5561587857
516.1361815964
22.4266404661
-868.5966304928
584.2369151976
444.9496663776
-750.8686035450
52.4986986953
447.5427762389
52.4986986953
-750.8686035450
444.9496663776
584.2369151976
-868.5966304928
22.4266404661
516.1361815964
211.5561587857
-905.1001921333
26.4594778797
1409.8506450668
-1173.7079905785
-553.8620274525
1319.0684883753
-224.8685656191
-860.4343191551
461.5425090064
508.2419328493
-779.3159548398
563.5730694307
-299.5799240077
-411.3352603401
1427.7330603039
-1488.3950864088
235.7382206512
898.8701958751
-967.3157341957
886.8296393540
-1404.8806660361
1606.6003032024
-839.8556364461
-906.0000000000
1192.7103013718
-1367.0348391911
749.4320939944
-38.0512946895
-86.6042294258
307.7105061766
-1148.4655781518
1532.2813126546
-515.1053540064
-818.0094624688
893.5378324869
17.7117148138
-637.9178081861
764.0053871138
-861.4859841429
648.0000000000
159.9848467725
-625.5453511836
-86.0463259481
974.8509104955
-616.3000177802
-397.1297332128
337.5010538672
799.7186873454
-1280.0919786301
391.4286895051
582.6081997798
-434.5113306197
-373.5844943024
712.5748032608
-390.1725576986
130.0000000000
-390.1725576986
712.5748032608
-373.5844943024
-434.5113306197
582.6081997798
391.4286895051
-1280.0919786301
799.7186873454
337.5010538672
-397.1297332128
-616.3000177802
974.8509104955
-86.0463259481
-625.5453511836
159.9848467725
648.0000000000
-861.4859841429
764.0053871138
-637.9178081861
17.7117148138
893.5378324869
-818.0094624688
-515.1053540064
1532.2813126546
-1148.4655781518
307.7105061766
-86.6042294257
-38.0512946895
749.4320939944
-1367.0348391911
1192.7103013718
-740.7787922480
630.0560516855
-698.9678475867
1182.7598506602
-1341.5479243944
728.0818092298
-110.9651109333
50.3181620746
177.0811264835
-1036.9558653002
1453.1601588891
-483.8431928245
-882.3094230343
1106.9771910515
-326.9205777062
-223.8637270467
160.0316731880
41.6119475629
-193.5241715718
289.8749863841
27.1507444048
-738.8982445450
936.1384571314
-118.4432325934
-779.9838348531
719.6323386422
-90.6286938479
-138.1460891425
-29.4138642096
12.3596520901
161.1067298456
-136.3195263689
49.5596855185
-136.3195263689
161.1067298456
12.3596520901
-29.4138642096
-138.1460891425
-90.6286938479
719.6323386422
-779.9838348531
-118.4432325934
936.1384571314
-738.8982445450
27.1507444048
289.8749863841
-193.5241715718
41.6119475629
160.0316731880
-223.8637270467
-326.9205777062
1106.9771910515
-882.3094230343
-483.8431928245
1453.1601588891
-1036.9558653002
177.0811264835
50.3181620746
-110.9651109333
728.0818092298
-1341.5479243944
1182.7598506602
-698.9678475867
630.0560516855
1121.7758993555
-968.4974813532
841.2986965009
-955.0186593448
753.6515428615
65.8035419258
-804.2274751843
886.0166517320
-747.1485777047
770.0272917429
-444.9414303667
-444.3153873693
909.8544398049
-156.3903531400
-1022.8287494165
1319.0168233874
-626.5453511836
-192.5709979873
516.8202202324
-217.6731865374
-500.5610469310
947.4481145363
-519.9112173545
-198.4599365340
40.4177093326
777.5429345534
-794.5780128609
-199.9149906352
635.5606028454
186.3241940851
-883.6320315503
460.6614409384
11.7654625942
460.6614409384
-883.6320315503
186.3241940851
635.5606028454
-199.9149906352
-794.5780128609
777.5429345534
40.4177093326
-198.4599365340
-519.9112173545
947.4481145363
-500.5610469310
-217.6731865374
516.8202202324
-192.5709979873
-626.5453511836
1319.0168233874
-1022.8287494165
-156.3903531400
909.8544398049
-444.3153873693
-444.9414303667
770.0272917429
-747.1485777047
886.0166517320
-804.2274751843
65.8035419258
753.6515428615
-955.0186593448
841.2986965009
-968.4974813532
300.9165558586
-556.8752969947
894.7105558288
-822.4150529668
625.3334240189
-666.7632081027
620.8651031252
-141.5391857558
-435.5967223461
711.5970670426
-796.5779284302
728.3085673554
-185.8345804520
-678.0055135715
1033.9981040021
-553.6811877378
-85.1755006750
289.0509875265
-217.8023612643
94.3949161692
84.7337419814
4.2411396001
-600.5970814832
865.2742013942
127.7043920775
-1397.8543815772
1042.1697190709
598.0986889712
-1111.2854146042
-118.6801077548
866.5504572737
102.2152301562
-942.0420996139
102.2152301562
866.5504572737
-118.6801077548
-1111.2854146042
598.0986889712
1042.1697190709
-1397.8543815772
127.7043920775
865.2742013942
-600.5970814832
4.2411396001
84.7337419814
94.3949161692
-217.8023612643
289.0509875265
-85.1755006750
-553.6811877378
1033.9981040021
-678.0055135715
-185.8345804520
728.3085673554
-796.5779284302
711.5970670426
-435.5967223461
-141.5391857558
620.8651031252
-666.7632081027
625.3334240189
-822.4150529668
894.7105558288
-556.8752969947
-564.4038193074
842.8554878000
-1202.1777368700
1015.5004722449
-455.8509104955
5.7679644525
333.3298203287
-718.7031467020
953.5113306197
-832.7492724696
471.0838695230
10.8956009729
-495.2813126546
495.6273322341
314.4189299580
-1174.7596555664
974.8509104955
27.1039179893
-499.5610469310
83.8629167083
331.5755700514
-406.9821822871
673.1974431317
-933.4152999343
342.4886693803
611.2684874940
-396.9319732319
-791.0475458657
953.5113306197
274.6085104247
-725.3593059085
-589.8335874954
1578.7926432744
-589.8335874954
-725.3593059085
274.6085104247
953.5113306197
-791.0475458657
-396.9319732319
611.2684874940
342.4886693803
-933.4152999343
673.1974431317
-406.9821822871
331.5755700514
83.8629167083
-499.5610469310
27.1039179893
974.8509104955
-1174.7596555664
314.4189299580
495.6273322341
-495.2813126546
10.8956009729
471.0838695230
-832.7492724696
953.5113306197
-718.7031467020
333.3298203287
5.7679644525
-455.8509104955
1015.5004722449
-1202.1777368700
842.8554878000
-742.8867405705
546.2115792833
-307.8752517902
436.3767714596
-687.5566273211
660.9030514107
-426.0569444077
174.3120571958
155.9024670342
-523.2267673006
673.7989300077
-611.1420368544
486.5918700127
-42.2706465366
-877.3943204761
1410.7019985215
-616.0997062471
-739.0517296627
946.6484260695
4.9116533401
-406.7818707540
-302.7384895221
716.3468690555
-53.9475403075
-574.0178267607
350.2967404812
-88.4121607144
337.7966535487
-223.5106971967
-590.8112472970
811.5924412266
188.3819742985
-916.8724990226
188.3819742985
811.5924412266
-590.8112472970
-223.5106971967
337.7966535487
-88.4121607144
350.2967404812
-574.0178267607
-53.9475403075
716.3468690555
-302.7384895221
-406.7818707540
4.9116533401
946.6484260695
-739.0517296627
-616.0997062471
1410.7019985215
-877.3943204761
-42.2706465366
486.5918700127
-611.1420368544
673.7989300077
-523.2267673006
155.9024670342
174.3120571958
-426.0569444077
660.9030514107
-687.5566273211
436.3767714596
-307.8752517902
546.2115792833
889.3909267492
-830.8192661844
813.5238365382
-888.3313441541
710.8573141693
-167.1168151557
-336.5706516877
585.3255304398
-812.8467978536
964.8355294764
-630.2008843546
-12.0265388615
226.0631904782
41.4340703939
-125.5768727846
26.4078128919
-398.1297332128
937.0916307160
-519.9112173545
-600.4679067564
672.1974431317
717.1465575223
-1654.2108143715
824.1254782102
471.4294462738
-540.2368158502
-194.5352634100
424.8601932440
-185.0563531021
240.3087611050
-464.5181325752
357.4631229628
-194.4199465181
357.4631229628
-464.5181325752
240.3087611050
-185.0563531021
424.8601932440
-194.5352634100
-540.2368158502
471.4294462738
824.1254782102
-1654.2108143715
717.1465575223
672.1974431317
-600.4679067564
-519.9112173545
937.0916307160
-398.1297332128
26.4078128919
-125.5768727846
41.4340703939
226.0631904782
-12.0265388615
-630.2008843546
964.8355294764
-812.8467978536
585.3255304398
-336.5706516877
-167.1168151557
710.8573141693
-888.3313441541
813.5238365382
-830.8192661844
540.9471539925
-519.3244267861
359.7961185999
-151.7208631183
277.2318412295
-638.9685851420
589.8556135788
-67.7263178217
-209.7204274026
98.2678891055
-330.1779261435
951.4312618397
-890.2586588789
-193.0400161026
1086.1913443741
-904.7850095334
338.2375362552
-119.1328885659
-198.7234541460
865.4085442794
-932.6788175464
-54.4837111623
823.8619605981
-299.3528642814
-536.8676173139
258.4906247475
653.5212082523
-712.8515345065
-164.8536307920
744.1264638770
-420.4414981866
-240.1053006829
536.6391287599
-240.1053006829
-420.4414981866
744.1264638770
-164.8536307920
-712.8515345065
653.5212082523
258.4906247475
-536.8676173139
-299.3528642814
823.8619605981
-54.4837111623
-932.6788175464
865.4085442794
-198.7234541460
-119.1328885659
338.2375362552
-904.7850095334
1086.1913443741
-193.0400161026
-890.2586588789
951.4312618397
-330.1779261435
98.2678891055
-209.7204274026
-67.7263178217
589.8556135788
-638.9685851420
277.2318412295
-151.7208631183
359.7961185999
-519.3244267861
-843.1560620361
915.2883932778
-869.2897015055
572.9164089131
-455.8509104955
540.1340677919
-127.0246534560
-803.4895680161
1166.0000000000
-577.7096258635
160.9327948414
-564.0464656700
738.9487053105
88.1569256571
-794.3199145176
210.5044937978
799.7186873454
-780.0306612686
41.4177093326
126.8335668044
342.4886693803
-574.2181382939
472.4294462738
-537.6040997019
559.1252506185
-25.9924006122
-593.2123370407
381.5679108627
501.2882851862
-1004.4695266839
677.0666560719
-47.8412809949
-236.2813126546
-47.8412809949
677.0666560719
-1004.4695266839
501.2882851862
381.5679108627
-593.2123370407
-25.9924006122
559.1252506185
-537.6040997019
472.4294462738
-574.2181382939
342.4886693803
126.8335668044
41.4177093326
-780.0306612686
799.7186873454
210.5044937978
-794.3199145176
88.1569256571
738.9487053105
-564.0464656700
160.9327948414
-577.7096258635
1166.0000000000
-803.4895680161
-127.0246534560
540.1340677919
-455.8509104955
572.9164089131
-869.2897015055
915.2883932778
-670.3188460031
359.8097709338
-29.8341105202
264.2924542677
-462.2997695308
132.2407583656
6.5488286394
487.5254418627
-616.4902887270
-299.5477113882
1120.7743691279
-708.2343273265
-118.7579315867
134.4502682178
98.1467686630
516.8667494449
-1279.7708814908
719.3580679184
776.8640316927
-1397.3046534434
611.5895846333
350.1759548750
-540.9157187108
258.9060099961
-25.6713034728
-84.5055720522
62.1684287468
105.9642459288
-164.1799151090
-48.7122684371
206.1294521941
-47.0492888290
-106.7560437632
-47.0492888290
206.1294521941
-48.7122684371
-164.1799151090
105.9642459288
62.1684287468
-84.5055720522
-25.6713034728
258.9060099961
-540.9157187108
350.1759548750
611.5895846333
-1397.3046534434
776.8640316927
719.3580679184
-1279.7708814908
516.8667494449
98.1467686630
134.4502682178
-118.7579315867
-708.2343273265
1120.7743691279
-299.5477113882
-616.4902887270
487.5254418627
6.5488286394
132.2407583656
-462.2997695308
264.2924542677
-29.8341105202
359.8097709338
1430.5949955647
-899.8574485348
272.8367869126
-597.7439999559
1005.8965401531
-381.0199293478
-514.0804283001
494.4635645899
-151.4321617565
603.3135859678
-1259.9337064004
890.6867785284
63.0938810784
-285.1868382243
-102.3934173460
22.3749754782
390.4286895051
-89.6755202634
-794.5780128609
1042.2988937978
-397.9319732319
-87.6124722476
-194.5352634100
653.7847258643
-594.2123370407
62.8473316074
441.8264704464
-425.9512141643
-261.1734831692
1034.5981035223
-961.1424290416
42.6794633819
524.0666933588
42.6794633819
-961.1424290416
1034.5981035223
-261.1734831692
-425.9512141643
441.8264704464
62.8473316074
-594.2123370407
653.7847258643
-194.5352634100
-87.6124722476
-397.9319732319
1042.2988937978
-794.5780128609
-89.6755202634
390.4286895051
22.3749754782
-102.3934173460
-285.1868382243
63.0938810784
890.6867785284
-1259.9337064004
603.3135859678
-151.4321617565
494.4635645899
-514.0804283001
-381.0199293478
1005.8965401531
-597.7439999559
272.8367869126
-899.8574485348
-405.1779248890
-228.0782143864
920.1981573903
-299.4718666957
-597.0878364758
184.2651871517
824.4965575976
-728.3848823851
-233.7151665279
559.1680910060
-162.7876023308
153.5379220422
-560.2008532345
381.8524619084
428.6622647590
-868.1702089850
583.2334432599
-138.7245062071
-200.2897471551
598.3442707643
-790.4223023856
337.3717216018
424.4854367241
-712.7402955986
382.1931543428
105.6600995880
-426.3259706842
426.8020016570
36.3887226498
-621.1096428545
524.0673422982
328.6649841953
-858.5875211703
328.6649841953
524.0673422982
-621.1096428545
36.3887226498
426.8020016570
-426.3259706842
105.6600995880
382.1931543428
-712.7402955986
424.4854367241
337.3717216018
-790.4223023856
598.3442707643
-200.2897471551
-138.7245062071
583.2334432599
-868.1702089850
428.6622647590
381.8524619084
-560.2008532345
153.5379220422
-162.7876023308
559.1680910060
-233.7151665279
-728.3848823851
824.4965575976
184.2651871517
-597.0878364758
-299.4718666957
920.1981573903
-228.0782143864
-178.6780298024
816.4351183514
-1519.5479022360
857.6838703500
237.2813126546
-162.7033569902
-546.0052401064
288.5292463007
794.7117148138
-1245.1904932292
791.8343079896
-438.5967410929
501.2882851862
-333.3985737751
-224.8419155000
583.1852502097
-434.5113306197
-29.4606906251
636.5606028454
-1112.1562398773
953.5113306197
-223.7110087298
-184.0563531021
-165.5901131799
501.2882851862
-164.5010122484
-260.1734831692
35.7634791697
450.7659307945
-492.8082164491
274.2299832787
-293.4805181846
394.0069725316
-293.4805181846
274.2299832787
-492.8082164491
450.7659307945
35.7634791697
-260.1734831692
-164.5010122484
501.2882851862
-165.5901131799
-184.0563531021
-223.7110087298
953.5113306197
-1112.1562398773
636.5606028454
-29.4606906251
-434.5113306197
583.1852502097
-224.8419155000
-333.3985737751
501.2882851862
-438.5967410929
791.8343079896
-1245.1904932292
794.7117148138
288.5292463007
-546.0052401064
-162.7033569902
237.2813126546
857.6838703500
-1519.5479022360
816.4351183514
-781.3919522291
255.7368025531
416.9959017465
-145.8024743276
-463.3513631732
332.2104103751
167.6779897211
-74.8169186894
-350.3966313720
212.0105913037
365.7803764226
-565.7265602878
270.9124463003
45.9658134170
-261.5006737464
445.5754993592
-373.1586622962
11.9806464994
185.7500260913
-118.2351144878
275.0343424309
-591.0367677701
239.7345931112
744.4371142588
-1004.0436946776
-48.8170033040
1034.0239355285
-620.9102313807
-492.3823844428
823.1204178321
-230.7315759147
-397.1533712711
603.6249926107
-397.1533712711
-230.7315759147
823.1204178321
-492.3823844428
-620.9102313807
1034.0239355285
-48.8170033040
-1004.0436946776
744.4371142588
239.7345931112
-591.0367677701
275.0343424309
-118.2351144878
185.7500260913
11.9806464994
-373.1586622962
445.5754993592
-261.5006737464
45.9658134170
270.9124463003
-565.7265602878
365.7803764226
212.0105913037
-350.3966313720
-74.8169186894
167.6779897211
332.2104103751
-463.3513631732
-145.8024743276
416.9959017465
255.7368025531
1153.5497647841
-929.6808094222
611.1100620711
-561.0106065213
492.6447243768
-170.3219821211
-50.4350182035
19.9963670258
-231.6560016274
833.5296291560
-1159.4655693171
852.5117868077
-441.6066921149
243.8415035784
156.3448572690
-750.9202685329
711.5748032608
162.0599034301
-883.6320315503
866.6796320005
-726.3593059085
812.3921296934
-464.5181325752
-420.1779805745
676.0666560719
206.8083550548
-961.1424290416
524.4420988181
273.2299832787
-230.1574079209
-360.2617386525
620.0076495282
-597.3380994590
620.0076495282
-360.2617386525
-230.1574079209
273.2299832787
524.4420988181
-961.1424290416
206.8083550548
676.0666560719
-420.1779805745
-464.5181325752
812.3921296934
-726.3593059085
866.6796320005
-883.6320315503
162.0599034301
711.5748032608
-750.9202685329
156.3448572690
243.8415035784
-441.6066921149
852.5117868077
-1159.4655693171
833.5296291560
-231.6560016274
19.9963670258
-50.4350182035
-170.3219821211
492.6447243768
-561.0106065213
611.1100620711
-929.6808094222
320.1502529264
-146.9959479799
-176.0046105565
223.6413340049
128.7862324403
-370.5643594892
53.6096600401
341.7737318696
-90.7161006134
-415.4321872011
195.6894453478
518.5460264735
-509.0063405457
-288.4219733472
570.8874984180
53.0258002582
-389.6479942738
-136.7972633783
460.1860043632
102.5614920045
-589.3090240705
188.0577224067
356.9876863876
-239.8933817198
-47.3167175700
-47.2527551146
42.2040268068
328.7656642506
-292.9559547597
-397.2521026898
619.5322129531
184.0543521313
-781.6346066204
184.0543521313
619.5322129531
-397.2521026898
-292.9559547597
328.7656642506
42.2040268068
-47.2527551146
-47.3167175700
-239.8933817198
356.9876863876
188.0577224067
-589.3090240705
102.5614920045
460.1860043632
-136.7972633783
-389.6479942738
53.0258002582
570.8874984180
-288.4219733472
-509.0063405457
518.5460264735
195.6894453478
-415.4321872011
-90.7161006134
341.7737318696
53.6096600401
-370.5643594892
128.7862324403
223.6413340049
-176.0046105564
-146.9959479799
-1424.0000000000
1059.3969847520
-394.2245258503
199.3385830687
-563.1322231501
681.6084645112
-50.5040680495
-616.8869932317
496.2813126546
-160.0550466800
667.9825718273
-1511.4847462262
1182.3326073441
241.4117875166
-1003.3280879035
446.4911112510
130.0000000000
49.5128591030
12.7654625942
-942.9129248871
1578.7926432744
-917.0728105557
-193.4199465181
535.9026463720
-236.2813126546
-107.0771409025
525.0666933588
-859.2127646504
394.0069725316
603.1991606044
-596.3380994590
-782.1591700452
1684.0000000000
-782.1591700452
-596.3380994590
603.1991606044
394.0069725316
-859.2127646504
525.0666933588
-107.0771409025
-236.2813126546
535.9026463720
-193.4199465181
-917.0728105557
1578.7926432744
-942.9129248871
12.7654625942
49.5128591030
130.0000000000
446.4911112510
-1003.3280879035
241.4117875166
1182.3326073441
-1511.4847462262
667.9825718274
-160.0550466800
496.2813126546
-616.8869932317
-50.5040680495
681.6084645112
-563.1322231501
199.3385830687
-394.2245258503
1059.3969847519
320.1502529264
-146.9959479799
-176.0046105565
223.6413340049
128.7862324403
-370.5643594892
53.6096600401
341.7737318696
-90.7161006134
-415.4321872011
195.6894453478
518.5460264735
-509.0063405457
-288.4219733472
570.8874984180
53.0258002582
-389.6479942738
-136.7972633783
460.1860043632
102.5614920045
-589.3090240705
188.0577224067
356.9876863876
-239.8933817198
-47.3167175700
-47.2527551146
42.2040268068
328.7656642506
-292.9559547597
-397.2521026898
619.5322129531
184.0543521313
-781.6346066204
184.0543521313
619.5322129531
-397.2521026898
-292.9559547597
328.7656642506
42.2040268068
-47.2527551146
-47.3167175700
-239.8933817198
356.9876863876
188.0577224067
-589.3090240705
102.5614920045
460.1860043632
-136.7972633783
-389.6479942738
53.0258002582
570.8874984180
-288.4219733472
-509.0063405457
518.5460264735
195.6894453478
-415.4321872011
-90.7161006134
341.7737318696
53.6096600401
-370.5643594892
128.7862324403
223.6413340049
-176.0046105565
-146.9959479799
1153.5497647841
-929.6808094222
611.1100620711
-561.0106065213
492.6447243768
-170.3219821211
-50.4350182035
19.9963670258
-231.6560016274
833.5296291560
-1159.4655693171
852.5117868077
-441.6066921149
243.8415035784
156.3448572690
-750.9202685329
711.5748032608
162.0599034301
-883.6320315503
866.6796320005
-726.3593059085
812.3921296934
-464.5181325752
-420.1779805745
676.0666560719
206.8083550548
-961.1424290416
524.4420988181
273.2299832787
-230.1574079209
-360.2617386525
620.0076495282
-597.3380994590
620.0076495282
-360.2617386525
-230.1574079209
273.2299832787
524.4420988181
-961.1424290416
206.8083550548
676.0666560719
-420.1779805745
-464.5181325752
812.3921296934
-726.3593059085
866.6796320005
-883.6320315503
162.0599034301
711.5748032608
-750.9202685329
156.3448572690
243.8415035784
-441.6066921149
852.5117868077
-1159.4655693171
833.5296291560
-231.6560016274
19.9963670258
-50.4350182035
-170.3219821211
492.6447243768
-561.0106065213
611.1100620711
-929.6808094222
-781.3919522291
255.7368025531
416.9959017465
-145.8024743276
-463.3513631732
332.2104103751
167.6779897211
-74.8169186894
-350.3966313720
212.0105913037
365.7803764226
-565.7265602878
270.9124463003
45.9658134170
-261.5006737464
445.5754993592
-373.1586622962
11.9806464994
185.7500260913
-118.2351144878
275.0343424309
-591.0367677701
239.7345931112
744.4371142588
-1004.0436946776
-48.8170033040
1034.0239355285
-620.9102313807
-492.3823844428
823.1204178321
-230.7315759147
-397.1533712711
603.6249926107
-397.1533712711
-230.7315759147
823.1204178321
-492.3823844428
-620.9102313807
1034.0239355285
-48.8170033040
-1004.0436946776
744.4371142588
239.7345931112
-591.0367677701
275.0343424309
-118.2351144878
185.7500260913
11.9806464994
-373.1586622962
445.5754993592
-261.5006737464
45.9658134170
270.9124463003
-565.7265602878
365.7803764226
212.0105913037
-350.3966313720
-74.8169186894
167.6779897211
332.2104103751
-463.3513631732
-145.8024743276
416.9959017465
255.7368025531
-178.6780298024
816.4351183514
-1519.5479022360
857.6838703500
237.2813126546
-162.7033569902
-546.0052401064
288.5292463007
794.7117148138
-1245.1904932292
791.8343079896
-438.5967410929
501.2882851862
-333.3985737751
-224.8419155000
583.1852502097
-434.5113306197
-29.4606906251
636.5606028454
-1112.1562398773
953.5113306197
-223.7110087298
-184.0563531021
-165.5901131799
501.2882851862
-164.5010122484
-260.1734831692
35.7634791697
450.7659307945
-492.8082164491
274.2299832787
-293.4805181846
394.0069725316
-293.4805181846
274.2299832787
-492.8082164491
450.7659307945
35.7634791697
-260.1734831692
-164.5010122484
501.2882851862
-165.5901131799
-184.0563531021
-223.7110087298
953.5113306197
-1112.1562398773
636.5606028454
-29.4606906251
-434.5113306197
583.1852502097
-224.8419155000
-333.3985737751
501.2882851862
-438.5967410929
791.8343079896
-1245.1904932292
794.7117148138
288.5292463007
-546.0052401064
-162.7033569902
237.2813126546
857.6838703500
-1519.5479022360
816.4351183514
-405.1779248890
-228.0782143864
920.1981573903
-299.4718666957
-597.0878364758
184.2651871517
824.4965575976
-728.3848823851
-233.7151665279
559.1680910060
-162.7876023308
153.5379220422
-560.2008532345
381.8524619084
428.6622647590
-868.1702089850
583.2334432599
-138.7245062071
-200.2897471551
598.3442707643
-790.4223023856
337.3717216018
424.4854367241
-712.7402955986
382.1931543428
105.6600995880
-426.3259706842
426.8020016570
36.3887226498
-621.1096428545
524.0673422982
328.6649841953
-858.5875211703
328.6649841953
524.0673422982
-621.1096428545
36.3887226498
426.8020016570
-426.3259706842
105.6600995880
382.1931543428
-712.7402955986
424.4854367241
337.3717216018
-790.4223023856
598.3442707643
-200.2897471551
-138.7245062071
583.2334432599
-868.1702089850
428.6622647590
381.8524619084
-560.2008532345
153.5379220422
-162.7876023308
559.1680910060
-233.7151665279
-728.3848823851
824.4965575976
184.2651871517
-597.0878364758
-299.4718666957
920.1981573903
-228.0782143864
1430.5949955647
-899.8574485348
272.8367869126
-597.7439999559
1005.8965401531
-381.0199293478
-514.0804283001
494.4635645899
-151.4321617565
603.3135859678
-1259.9337064004
890.6867785284
63.0938810784
-285.1868382243
-102.3934173460
22.3749754782
390.4286895051
-89.6755202634
-794.5780128609
1042.2988937978
-397.9319732319
-87.6124722476
-194.5352634100
653.7847258643
-594.2123370407
62.8473316074
441.8264704464
-425.9512141643
-261.1734831692
1034.5981035223
-961.1424290416
42.6794633819
524.0666933588
42.6794633819
-961.1424290416
1034.5981035223
-261.1734831692
-425.9512141643
441.8264704464
62.8473316074
-594.2123370407
653.7847258643
-194.5352634100
-87.6124722476
-397.9319732319
1042.2988937978
-794.5780128609
-89.6755202634
390.4286895051
22.3749754782
-102.3934173460
-285.1868382243
63.0938810784
890.6867785284
-1259.9337064004
603.3135859678
-151.4321617565
494.4635645899
-514.0804283001
-381.0199293478
1005.8965401531
-597.7439999559
272.8367869126
-899.8574485348
-670.3188460031
359.8097709338
-29.8341105202
264.2924542677
-462.2997695308
132.2407583656
6.5488286394
487.5254418627
-616.4902887270
-299.5477113882
1120.7743691279
-708.2343273265
-118.7579315867
134.4502682178
98.1467686630
516.8667494449
-1279.7708814908
719.3580679184
776.8640316927
-1397.3046534434
611.5895846333
350.1759548750
-540.9157187108
258.9060099961
-25.6713034728
-84.5055720522
62.1684287468
105.9642459288
-164.1799151090
-48.7122684371
206.1294521941
-47.0492888290
-106.7560437632
-47.0492888290
206.1294521941
-48.7122684371
-164.1799151090
105.9642459288
62.1684287468
-84.5055720522
-25.6713034728
258.9060099961
-540.9157187108
350.1759548750
611.5895846333
-1397.3046534434
776.8640316927
719.3580679184
-1279.7708814908
516.8667494449
98.1467686630
134.4502682178
-118.7579315867
-708.2343273265
1120.7743691279
-299.5477113882
-616.4902887270
487.5254418627
6.5488286394
132.2407583656
-462.2997695308
264.2924542677
-29.8341105202
359.8097709338
-843.1560620361
915.2883932778
-869.2897015055
572.9164089131
-455.8509104955
540.1340677919
-127.0246534560
-803.4895680161
1166.0000000000
-577.7096258635
160.9327948414
-564.0464656700
738.9487053105
88.1569256571
-794.3199145176
210.5044937978
799.7186873454
-780.0306612686
41.4177093326
126.8335668044
342.4886693803
-574.2181382939
472.4294462738
-537.6040997019
559.1252506185
-25.9924006122
-593.2123370407
381.5679108627
501.2882851862
-1004.4695266839
677.0666560719
-47.8412809949
-236.2813126546
-47.8412809949
677.0666560719
-1004.4695266839
501.2882851862
381.5679108627
-593.2123370407
-25.9924006122
559.1252506185
-537.6040997019
472.4294462738
-574.2181382939
342.4886693803
126.8335668044
41.4177093326
-780.0306612686
799.7186873454
210.5044937978
-794.3199145176
88.1569256571
738.9487053105
-564.0464656700
160.9327948414
-577.7096258635
1166.0000000000
-803.4895680161
-127.0246534560
540.1340677919
-455.8509104955
572.9164089131
-869.2897015055
915.2883932778
540.9471539925
-519.3244267861
359.7961185999
-151.7208631183
277.2318412295
-638.9685851420
589.8556135788
-67.7263178217
-209.7204274026
98.2678891055
-330.1779261435
951.4312618397
-890.2586588789
-193.0400161026
1086.1913443741
-904.7850095334
338.2375362552
-119.1328885659
-198.7234541460
865.4085442794
-932.6788175464
-54.4837111623
823.8619605981
-299.3528642814
-536.8676173139
258.4906247475
653.5212082523
-712.8515345065
-164.8536307920
744.1264638770
-420.4414981866
-240.1053006829
536.6391287599
-240.1053006829
-420.4414981866
744.1264638770
-164.8536307920
-712.8515345065
653.5212082523
258.4906247475
-536.8676173139
-299.3528642814
823.8619605981
-54.4837111623
-932.6788175464
865.4085442794
-198.7234541460
-119.1328885659
338.2375362552
-904.7850095334
1086.1913443741
-193.0400161026
-890.2586588789
951.4312618397
-330.1779261435
98.2678891055
-209.7204274026
-67.7263178217
589.8556135788
-638.9685851420
277.2318412295
-151.7208631183
359.7961185999
-519.3244267861
889.3909267492
-830.8192661844
813.5238365382
-888.3313441541
710.8573141693
-167.1168151557
-336.5706516877
585.3255304398
-812.8467978536
964.8355294764
-630.2008843546
-12.0265388615
226.0631904782
41.4340703939
-125.5768727846
26.4078128919
-398.1297332128
937.0916307160
-519.9112173545
-600.4679067564
672.1974431317
717.1465575223
-1654.2108143715
824.1254782102
471.4294462738
-540.2368158502
-194.5352634100
424.8601932440
-185.0563531021
240.3087611050
-464.5181325752
357.4631229628
-194.4199465181
357.4631229628
-464.5181325752
240.3087611050
-185.0563531021
424.8601932440
-194.5352634100
-540.2368158502
471.4294462738
824.1254782102
-1654.2108143715
717.1465575223
672.1974431317
-600.4679067564
-519.9112173545
937.0916307160
-398.1297332128
26.4078128919
-125.5768727846
41.4340703939
226.0631904782
-12.0265388615
-630.2008843546
964.8355294764
-812.8467978536
585.3255304398
-336.5706516877
-167.1168151557
710.8573141693
-888.3313441541
813.5238365382
-830.8192661844
-742.8867405705
546.2115792833
-307.8752517902
436.3767714596
-687.5566273211
660.9030514107
-426.0569444077
174.3120571958
155.9024670342
-523.2267673006
673.7989300077
-611.1420368544
486.5918700127
-42.2706465366
-877.3943204761
1410.7019985215
-616.0997062471
-739.0517296627
946.6484260695
4.9116533401
-406.7818707540
-302.7384895221
716.3468690555
-53.9475403075
-574.0178267607
350.2967404812
-88.4121607144
337.7966535487
-223.5106971967
-590.8112472970
811.5924412266
188.3819742985
-916.8724990226
188.3819742985
811.5924412266
-590.8112472970
-223.5106971967
337.7966535487
-88.4121607144
350.2967404812
-574.0178267607
-53.9475403075
716.3468690555
-302.7384895221
-406.7818707540
4.9116533401
946.6484260695
-739.0517296627
-616.0997062471
1410.7019985215
-877.3943204761
-42.2706465366
486.5918700127
-611.1420368544
673.7989300077
-523.2267673006
155.9024670342
174.3120571958
-426.0569444077
660.9030514107
-687.5566273211
436.3767714596
-307.8752517902
546.2115792833
-564.4038193074
842.8554878000
-1202.1777368700
1015.5004722449
-455.8509104955
5.7679644525
333.3298203287
-718.7031467020
953.5113306197
-832.7492724696
471.0838695230
10.8956009729
-495.2813126546
495.6273322341
314.4189299580
-1174.7596555664
974.8509104955
27.1039179893
-499.5610469310
83.8629167083
331.5755700514
-406.9821822871
673.1974431317
-933.4152999343
342.4886693803
611.2684874940
-396.9319732319
-791.0475458657
953.5113306197
274.6085104247
-725.3593059085
-589.8335874954
1578.7926432744
-589.8335874954
-725.3593059085
274.6085104247
953.5113306197
-791.0475458657
-396.9319732319
611.2684874940
342.4886693803
-933.4152999343
673.1974431317
-406.9821822871
331.5755700514
83.8629167083
-499.5610469310
27.1039179893
974.8509104955
-1174.7596555664
314.4189299580
495.6273322341
-495.2813126546
10.8956009729
471.0838695230
-832.7492724696
953.5113306197
-718.7031467020
333.3298203287
5.7679644525
-455.8509104955
1015.5004722449
-1202.1777368700
842.8554878000
300.9165558586
-556.8752969947
894.7105558288
-822.4150529668
625.3334240189
-666.7632081027
620.8651031252
-141.5391857558
-435.5967223461
711.5970670426
-796.5779284302
728.3085673554
-185.8345804520
-678.0055135715
1033.9981040021
-553.6811877378
-85.1755006750
289.0509875265
-217.8023612643
94.3949161692
84.7337419814
4.2411396001
-600.5970814832
865.2742013942
127.7043920775
-1397.8543815772
1042.1697190709
598.0986889712
-1111.2854146042
-118.6801077548
866.5504572737
102.2152301562
-942.0420996139
102.2152301562
866.5504572737
-118.6801077548
-1111.2854146042
598.0986889712
1042.1697190709
-1397.8543815772
127.7043920775
865.2742013942
-600.5970814832
4.2411396001
84.7337419814
94.3949161692
-217.8023612643
289.0509875265
-85.1755006750
-553.6811877378
1033.9981040021
-678.0055135715
-185.8345804520
728.3085673554
-796.5779284302
711.5970670426
-435.5967223461
-141.5391857558
620.8651031252
-666.7632081027
625.3334240189
-822.4150529668
894.7105558288
-556.8752969947
1121.7758993555
-968.4974813532
841.2986965009
-955.0186593448
753.6515428615
65.8035419258
-804.2274751843
886.0166517320
-747.1485777047
770.0272917429
-444.9414303667
-444.3153873693
909.8544398049
-156.3903531400
-1022.8287494165
1319.0168233874
-626.5453511836
-192.5709979873
516.8202202324
-217.6731865374
-500.5610469310
947.4481145363
-519.9112173545
-198.4599365340
40.4177093326
777.5429345534
-794.5780128609
-199.9149906352
635.5606028454
186.3241940851
-883.6320315503
460.6614409384
11.7654625942
460.6614409384
-883.6320315503
186.3241940851
635.5606028454
-199.9149906352
-794.5780128609
777.5429345534
40.4177093326
-198.4599365340
-519.9112173545
947.4481145363
-500.5610469310
-217.6731865374
516.8202202324
-192.5709979873
-626.5453511836
1319.0168233874
-1022.8287494165
-156.3903531400
909.8544398049
-444.3153873693
-444.9414303667
770.0272917429
-747.1485777047
886.0166517320
-804.2274751843
65.8035419258
753.6515428615
-955.0186593448
841.2986965009
-968.4974813532
-740.7787922480
630.0560516855
-698.9678475867
1182.7598506602
-1341.5479243944
728.0818092298
-110.9651109333
50.3181620746
177.0811264835
-1036.9558653002
1453.1601588891
-483.8431928245
-882.3094230343
1106.9771910515
-326.9205777062
-223.8637270467
160.0316731880
41.6119475629
-193.5241715718
289.8749863841
27.1507444048
-738.8982445450
936.1384571314
-118.4432325934
-779.9838348531
719.6323386422
-90.6286938479
-138.1460891425
-29.4138642096
12.3596520901
161.1067298456
-136.3195263689
49.5596855185
-136.3195263689
161.1067298456
12.3596520901
-29.4138642096
-138.1460891425
-90.6286938479
719.6323386422
-779.9838348531
-118.4432325934
936.1384571314
-738.8982445450
27.1507444048
289.8749863841
-193.5241715718
41.6119475629
160.0316731880
-223.8637270467
-326.9205777062
1106.9771910515
-882.3094230343
-483.8431928245
1453.1601588891
-1036.9558653002
177.0811264835
50.3181620746
-110.9651109333
728.0818092298
-1341.5479243944
1182.7598506602
-698.9678475867
630.0560516855
-906.0000000000
1192.7103013718
-1367.0348391911
749.4320939944
-38.0512946895
-86.6042294258
307.7105061766
-1148.4655781518
1532.2813126546
-515.1053540064
-818.0094624688
893.5378324869
17.7117148138
-637.9178081861
764.0053871138
-861.4859841429
648.0000000000
159.9848467725
-625.5453511836
-86.0463259481
974.8509104955
-616.3000177802
-397.1297332128
337.5010538672
799.7186873454
-1280.0919786301
391.4286895051
582.6081997798
-434.5113306197
-373.5844943024
712.5748032608
-390.1725576986
130.0000000000
-390.1725576986
712.5748032608
-373.5844943024
-434.5113306197
582.6081997798
391.4286895051
-1280.0919786301
799.7186873454
337.5010538672
-397.1297332128
-616.3000177802
974.8509104955
-86.0463259481
-625.5453511836
159.9848467725
648.0000000000
-861.4859841429
764.0053871138
-637.9178081861
17.7117148138
893.5378324869
-818.0094624688
-515.1053540064
1532.2813126546
-1148.4655781518
307.7105061766
-86.6042294257
-38.0512946895
749.4320939944
-1367.0348391911
1192.7103013718
256.0668000357
-839.8556364462
1606.6003032024
-1404.8806660361
886.8296393540
-967.3157341957
898.8701958751
235.7382206512
-1488.3950864088
1427.7330603039
-411.3352603401
-299.5799240077
563.5730694307
-779.3159548398
508.2419328493
461.5425090064
-860.4343191551
-224.8685656191
1319.0684883753
-553.8620274525
-1173.7079905785
1409.8506450668
26.4594778797
-905.1001921333
211.5561587857
516.1361815964
22.4266404661
-868.5966304928
584.2369151976
444.9496663776
-750.8686035450
52.4986986953
447.5427762389
52.4986986953
-750.8686035450
444.9496663776
584.2369151976
-868.5966304928
22.4266404661
516.1361815964
211.5561587857
-905.1001921333
26.4594778797
1409.8506450668
-1173.7079905785
-553.8620274525
1319.0684883753
-224.8685656191
-860.4343191551
461.5425090064
508.2419328493
-779.3159548398
563.5730694307
-299.5799240077
-411.3352603401
1427.7330603039
-1488.3950864088
235.7382206512
898.8701958751
-967.3157341957
886.8296393540
-1404.8806660361
1606.6003032024
-839.8556364462
2119.0035898768
-1453.5539032211
527.6763537082
-560.8794750646
706.2290014051
241.5320725450
-1465.6421112814
1461.9725222993
-483.0744677288
-236.8752525898
510.0720739547
-656.5004849858
196.2452282829
1019.7950265283
-1589.6521341033
508.1902678614
763.0053871138
-325.9674041217
-1022.8287494165
1034.1272787290
313.4189299580
-876.5946320093
-125.5768727846
1086.4548619861
-795.3199145176
98.8256715237
-102.3934173460
429.0370212789
-225.8419155000
-260.9265057526
156.3448572690
571.3629349932
-1004.3280879035
571.3629349932
156.3448572690
-260.9265057526
-225.8419155000
429.0370212789
-102.3934173460
98.8256715237
-795.3199145176
1086.4548619861
-125.5768727846
-876.5946320093
313.4189299580
1034.1272787290
-1022.8287494165
-325.9674041217
763.0053871138
508.1902678614
-1589.6521341033
1019.7950265283
196.2452282829
-656.5004849858
510.0720739547
-236.8752525898
-483.0744677288
1461.9725222993
-1465.6421112814
241.5320725450
706.2290014051
-560.8794750646
527.6763537082
-1453.5539032211
-1650.6513378841
1215.1662646303
-845.4224584426
1506.1586979483
-2163.7158496163
1438.0759495634
100.5174106946
-1041.8796008675
1254.7148566730
-1211.7521408997
557.0048283691
806.5361612663
-1472.3410040238
397.6879839555
1018.6208545716
-778.0901178951
-638.0919801428
1107.1981894237
-157.5645250968
-676.9605163417
495.4531602773
-41.8961630467
40.2598984372
-192.1293617579
87.9827537003
134.9455373139
-286.3610101810
382.6518773452
-333.5727457318
46.5658173800
242.6673316216
-287.7232379656
241.2376155599
-287.7232379656
242.6673316216
46.5658173800
-333.5727457318
382.6518773452
-286.3610101810
134.9455373139
87.9827537003
-192.1293617579
40.2598984372
-41.8961630467
495.4531602773
-676.9605163417
-157.5645250968
1107.1981894237
-638.0919801428
-778.0901178951
1018.6208545716
397.6879839555
-1472.3410040238
806.5361612663
557.0048283691
-1211.7521408997
1254.7148566730
-1041.8796008675
100.5174106946
1438.0759495634
-2163.7158496163
1506.1586979483
-845.4224584426
1215.1662646303
-1425.3456794556
1662.9649805895
-1658.8138162214
671.5012849886
557.0512946895
-1049.0205098052
1080.1874315762
-1104.0120016800
557.0512946895
754.9705101824
-1412.0236628843
285.8558164282
1356.7365540208
-1472.1668320671
197.2452282829
562.5214044428
17.7117148138
-882.3562494498
910.8544398049
-186.7054057251
-495.2813126546
486.3915584796
227.0631904782
-890.9951412669
738.9487053105
-119.0790287261
64.0938810784
-560.8260967146
501.2882851862
270.4866142941
-440.6066921149
-509.5309039706
1182.3326073441
-509.5309039706
-440.6066921149
270.4866142941
501.2882851862
-560.8260967146
64.0938810784
-119.0790287261
738.9487053105
-890.9951412669
227.0631904782
486.3915584796
-495.2813126546
-186.7054057251
910.8544398049
-882.3562494498
17.7117148138
562.5214044428
197.2452282829
-1472.1668320671
1356.7365540208
285.8558164282
-1412.0236628843
754.9705101824
557.0512946895
-1104.0120016800
1080.1874315762
-1049.0205098052
557.0512946895
671.5012849886
-1658.8138162214
1662.9649805895
1356.1145729534
-1635.1653702630
2031.4375580871
-2030.4495174258
1791.0946312230
-1334.4951037718
123.2182246160
1599.2467010947
-2245.2585117203
902.7046857744
1020.4522389703
-1453.2323193618
287.1900160310
805.0277897068
-656.1662853830
-299.8624586226
894.8720320897
-485.1305660118
-443.9811877665
727.8451930257
12.2298005757
-612.2759249241
-11.6923392587
950.8335446248
-562.7122660672
-709.2474297899
891.0209781312
152.8289659195
-437.2625414901
-566.6349278844
852.8459864105
517.7363902956
-1510.1505466234
517.7363902956
852.8459864105
-566.6349278844
-437.2625414901
152.8289659195
891.0209781312
-709.2474297899
-562.7122660672
950.8335446248
-11.6923392587
-612.2759249241
12.2298005757
727.8451930257
-443.9811877665
-485.1305660118
894.8720320897
-299.8624586226
-656.1662853830
805.0277897068
287.1900160310
-1453.2323193618
1020.4522389703
902.7046857744
-2245.2585117203
1599.2467010947
123.2182246160
-1334.4951037718
1791.0946312230
-2030.4495174258
2031.4375580871
-1635.1653702630
2218.3940506260
-2011.7669149097
1472.1756314082
-588.2268348512
-726.1159655844
1939.5651166750
-1962.6482544296
521.3328637948
1126.6098073569
-1471.7229863043
362.9421395055
1020.1180393675
-1413.0236628843
558.1790003259
510.0720739547
-411.3869253280
-819.0094624688
1454.1133324736
-444.9414303667
-796.4487537034
470.0838695230
674.5986184745
-630.2008843546
-329.9144085315
159.9327948414
1121.4532719886
-1259.9337064004
-162.4128458109
790.8343079896
366.3545444164
-1159.4655693171
196.1648819229
666.9825718274
196.1648819229
-1159.4655693171
366.3545444164
790.8343079896
-162.4128458109
-1259.9337064004
1121.4532719886
159.9327948414
-329.9144085315
-630.2008843546
674.5986184745
470.0838695230
-796.4487537034
-444.9414303667
1454.1133324736
-819.0094624688
-411.3869253280
510.0720739547
558.1790003259
-1413.0236628843
1020.1180393675
362.9421395055
-1471.7229863043
1126.6098073569
521.3328637948
-1962.6482544296
1939.5651166750
-726.1159655844
-588.2268348512
1472.1756314082
-2011.7669149097
-2046.0611630253
2259.9111221247
-2722.9268778805
2915.2235649705
-2254.2336848154
667.8587068857
1142.2667956534
-2098.1553172650
1505.2451596869
216.2940672782
-1473.2801474830
904.5960465559
754.4133490037
-1211.3691516776
-238.4324137686
1429.3418864706
-515.6625151852
-1036.3518777059
768.4701305642
713.0250534945
-833.3064336483
-522.4692945886
963.2783682977
99.5615326723
-578.2667870423
-298.6694530701
601.7564247891
560.3504956648
-1245.7476544079
212.9935844887
831.9724679772
-414.3504625974
-160.6122078587
-414.3504625974
831.9724679772
212.9935844887
-1245.7476544079
560.3504956648
601.7564247891
-298.6694530701
-578.2667870423
99.5615326723
963.2783682977
-522.4692945886
-833.3064336483
713.0250534945
768.4701305642
-1036.3518777059
-515.6625151852
1429.3418864706
-238.4324137686
-1211.3691516776
754.4133490037
904.5960465559
-1473.2801474830
216.2940672782
1505.2451596869
-2098.1553172650
1142.2667956534
667.8587068857
-2254.2336848154
2915.2235649705
-2722.9268778805
2259.9111221247
-3040.8439379639
2652.2157406763
-1558.2462035575
-48.9631797177
1751.8509104955
-2670.5301227030
1819.7944028717
570.0286001005
-2371.1252506185
1505.8023208657
1127.6098073569
-2246.5927113230
557.0512946895
1254.8890286298
-482.0744677288
-1489.4467513967
1532.2813126546
177.0343000680
-746.1485777047
-436.4675476193
953.5113306197
155.7021555010
-811.8467978536
-210.4569097906
1166.0000000000
-616.8113858664
-150.4321617565
-234.3404100080
794.7117148138
-350.8224633782
-230.6560016274
-91.2406640383
496.2813126546
-91.2406640383
-230.6560016274
-350.8224633782
794.7117148138
-234.3404100080
-150.4321617565
-616.8113858664
1166.0000000000
-210.4569097906
-811.8467978536
155.7021555010
953.5113306197
-436.4675476193
-746.1485777047
177.0343000680
1532.2813126546
-1489.4467513967
-482.0744677288
1254.8890286298
557.0512946895
-2246.5927113230
1127.6098073569
1505.8023208657
-2371.1252506185
570.0286001005
1819.7944028717
-2670.5301227030
1751.8509104955
-48.9631797177
-1558.2462035575
2652.2157406763
3299.6156170879
-3487.7910926327
3912.5646433764
-3899.5886268116
2397.0202781000
576.0203365252
-2908.4512981854
2279.0998876944
571.9260064868
-2100.6098848301
522.2302701810
1598.6834943112
-1102.1145952938
-1043.9511792105
1462.8699286855
234.8924792528
-1146.5681717656
48.4675821039
886.9140581183
-142.5657668689
-716.8057403157
172.6149623427
586.2229368260
-68.8872418200
-801.5921616298
485.9491326157
495.3609709762
-729.6570452913
290.4266526869
-76.2884930695
20.8937734121
340.4008889082
-614.9895868454
340.4008889082
20.8937734121
-76.2884930695
290.4266526869
-729.6570452913
495.3609709762
485.9491326157
-801.5921616298
-68.8872418200
586.2229368261
172.6149623427
-716.8057403157
-142.5657668689
886.9140581183
48.4675821039
-1146.5681717656
234.8924792528
1462.8699286855
-1043.9511792105
-1102.1145952938
1598.6834943112
522.2302701810
-2100.6098848301
571.9260064868
2279.0998876944
-2908.4512981854
576.0203365252
2397.0202781000
-3899.5886268116
3912.5646433764
-3487.7910926327
4191.9937739675
-3657.6116234395
1744.2233575021
1420.8644996609
-3900.2371203499
3228.5972172653
277.3805815844
-2909.3487045717
1818.7944028717
1143.8239568322
-1962.6482544296
122.8840250132
1079.1874315762
101.6915826514
-1465.6421112814
898.8185308873
306.7105061766
-110.0119373488
-804.2274751843
620.9942778521
332.3298203287
-425.2572559409
-336.5706516877
590.1191311908
-128.0246534560
7.2277315000
-514.0804283001
824.8713141175
-547.0052401064
168.2521577149
-50.4350182035
54.0850966152
-51.5040680495
54.0850966152
-50.4350182035
168.2521577149
-547.0052401064
824.8713141175
-514.0804283001
7.2277315000
-128.0246534560
590.1191311908
-336.5706516877
-425.2572559409
332.3298203287
620.9942778521
-804.2274751843
-110.0119373488
306.7105061766
898.8185308873
-1465.6421112814
101.6915826514
1079.1874315762
122.8840250132
-1962.6482544296
1143.8239568322
1818.7944028717
-2909.3487045717
277.3805815844
3228.5972172653
-3900.2371203499
1420.8644996609
1744.2233575021
-3657.6116234395
-5333.8573768980
6041.4492392780
-6819.4791736642
5094.8516659956
-465.1073649504
-3600.7772279336
3226.1011053734
579.4138548033
-2672.0262345949
668.7976575988
1937.0690047831
-1331.6647922772
-1050.5166216970
1439.3978894986
239.0359606532
-964.7679573159
-88.1003413176
729.6247475371
63.3074300339
-664.3962709377
4.2718525606
662.5994748358
-169.6129270476
-636.7359908622
538.6379559000
134.0579673968
-383.5160412397
186.3865425236
-164.1994688821
334.1323542733
-172.8180940130
-368.5436841724
680.1123526193
-368.5436841724
-172.8180940130
334.1323542733
-164.1994688821
186.3865425236
-383.5160412397
134.0579673968
538.6379559000
-636.7359908622
-169.6129270476
662.5994748358
4.2718525606
-664.3962709377
63.3074300339
729.6247475371
-88.1003413176
-964.7679573159
239.0359606532
1439.3978894986
-1050.5166216970
-1331.6647922772
1937.0690047831
668.7976575988
-2672.0262345949
579.4138548033
3226.1011053734
-3600.7772279336
-465.1073649504
5094.8516659956
-6819.4791736642
6041.4492392780
-7671.5724714347
5576.5579810222
-81.9260370315
-5322.1465995006
5632.9219451332
-463.6112530585
-3899.2371203499
2395.1228717138
1751.8509104955
-2253.6765236366
-725.1159655844
1789.7604316202
557.0512946895
-2163.5416776596
707.2290014051
885.7779743661
-38.0512946895
-1341.5947508099
754.6515428615
624.4625987458
-455.8509104955
-687.7569388543
711.8573141693
276.4953588415
-455.8509104955
-462.6208666702
1006.8965401531
-597.7130799559
237.2813126546
-463.7771951795
493.6447243768
128.2616690154
-563.1322231501
128.2616690154
493.6447243768
-463.7771951795
237.2813126546
-597.7130799559
1006.8965401531
-462.6208666702
-455.8509104955
276.4953588415
711.8573141693
-687.7569388543
-455.8509104955
624.4625987458
754.6515428615
-1341.5947508099
-38.0512946895
885.7779743661
707.2290014051
-2163.5416776596
557.0512946895
1789.7604316202
-725.1159655844
-2253.6765236366
1751.8509104955
2395.1228717138
-3899.2371203499
-463.6112530585
5632.9219451332
-5322.1465995006
-81.9260370315
5576.5579810222
12628.9728246084
-13516.2687159251
11793.3618384437
-3326.5444000349
-5318.2758732979
5089.4848279010
1423.7352258637
-3901.5619466280
-45.0924535150
2910.7956775891
-585.3561086485
-2032.9860440257
675.3720111913
1502.1137997888
-558.0087488618
-1407.6997272510
753.3028201971
1178.9359508730
-952.1479331421
-825.4149538963
1019.3711984476
432.7063567900
-885.4606179514
-154.8551069330
576.7871351158
260.7428252043
-594.8732737532
-302.7173494183
861.5545965527
-149.2473685240
-558.1398803186
220.2951712271
203.2093092714
220.2951712271
-558.1398803186
-149.2473685240
861.5545965527
-302.7173494183
-594.8732737532
260.7428252043
576.7871351158
-154.8551069330
-885.4606179514
432.7063567900
1019.3711984476
-825.4149538963
-952.1479331421
1178.9359508730
753.3028201971
-1407.6997272510
-558.0087488618
1502.1137997888
675.3720111913
-2032.9860440257
-585.3561086485
2910.7956775891
-45.0924535150
-3901.5619466280
1423.7352258637
5089.4848279010
-5318.2758732979
-3326.5444000349
11793.3618384437
-13516.2687159251
18987.2969990762
-8260.4770124218
-9394.8447246414
11790.4911122410
-82.9260370315
-6816.9830617723
1744.2233575021
3911.6672369902
-1559.2462035575
-2721.3697167018
1472.1756314082
2031.1033584843
-1659.8138162214
-844.2482864858
527.6763537082
1606.5486382146
-1368.0348391911
-698.0146740022
841.2986965009
894.8397305556
-1203.1777368700
-307.0755633233
813.5238365382
360.0596362120
-870.2897015055
-29.1552076595
272.8367869126
920.5729139102
-1520.5479022360
417.5700697402
611.1100620711
-175.5291739813
-395.2245258503
-175.5291739813
611.1100620711
417.5700697402
-1520.5479022360
920.5729139102
272.8367869126
-29.1552076595
-870.2897015055
360.0596362120
813.5238365382
-307.0755633233
-1203.1777368700
894.8397305556
841.2986965009
-698.0146740022
-1368.0348391911
1606.5486382146
527.6763537082
-844.2482864858
-1659.8138162214
2031.1033584843
1472.1756314082
-2721.3697167018
-1559.2462035575
3911.6672369902
1744.2233575021
-6816.9830617723
-82.9260370315
11790.4911122410
-9394.8447246414
-8260.4770124218
-74715.6596437158
51806.5427898990
-8271.1547462343
-13502.7202559099
5566.8802472098
6049.6308611986
-3668.2893572520
-3476.2159524340
2642.5380068638
2269.0316947584
-2022.4446487222
-1624.1534368477
1653.2872467770
1224.6698264860
-1464.2316370336
-829.1262376458
1183.0325675593
639.7806119135
-979.1752151657
-546.3267379090
833.1777539875
556.0896246289
-841.4969999968
-508.9102105857
905.6106594653
369.8086018856
-910.5351823473
-217.7752370938
806.7573845389
265.8403683718
-940.3585432347
-136.7936507425
1049.7192509395
-136.7936507425
-940.3585432347
265.8403683718
806.7573845389
-217.7752370938
-910.5351823473
369.8086018856
905.6106594653
-508.9102105857
-841.4969999968
556.0896246289
833.1777539875
-546.3267379090
-979.1752151657
639.7806119135
1183.0325675593
-829.1262376458
-1464.2316370336
1224.6698264860
1653.2872467770
-1624.1534368477
-2022.4446487222
2269.0316947584
2642.5380068638
-3476.2159524340
-3668.2893572520
6049.6308611986
5566.8802472098
-13502.7202559099
-8271.1547462343
51806.5427898990
