103228.0000000000 76488.6811432183 24919.5574508137 13097.0700769228 8949.5308532605 5762.5385611942 4839.3249647035 3632.2924996155 3331.8479896552 2345.5295038706 2434.2348633909 1598.8192859370 1592.2143797145 1841.3259665825 2200.1823294190 747.5363045855 936.0555539069 897.1573817796 1176.8694124001 513.3424906927 608.1575405873 840.4484417694 958.8541837055 677.1844658620 869.7890398429 854.9906110594 1451.2141787377 585.1200537779 191.6645021770 874.3868001095 1189.8517288868 655.4314088459 1408.0000000000 655.4314088459 1189.8517288868 874.3868001095 191.6645021770 585.1200537779 1451.2141787377 854.9906110594 869.7890398429 677.1844658620 958.8541837055 840.4484417694 608.1575405873 513.3424906927 1176.8694124001 897.1573817796 936.0555539069 747.5363045855 2200.1823294190 1841.3259665825 1592.2143797145 1598.8192859370 2434.2348633909 2345.5295038706 3331.8479896552 3632.2924996155 4839.3249647035 5762.5385611942 8949.5308532605 13097.0700769228 24919.5574508137 76488.6811432183
74715.6596437158 53423.1630428234 14699.9454093824 13578.8928949720 7261.4963341755 6249.0189603018 4429.6285697925 3712.3500259047 3028.3973260587 2474.4899036048 2274.7524308301 1829.9353123176 1806.5357796397 1409.9137860844 1565.4037333651 1038.0865115256 1244.3204443399 814.3795814928 1031.9700323250 706.0931423121 878.0226647740 686.9022251302 883.0637563084 663.0427429409 929.9020287239 566.2178056152 923.4049641410 472.5693265511 815.0354594737 499.7740531946 944.5206283641 488.9442320416 1049.7192509395 488.9442320416 944.5206283641 499.7740531946 815.0354594737 472.5693265511 923.4049641410 566.2178056152 929.9020287239 663.0427429409 883.0637563084 686.9022251302 878.0226647740 706.0931423121 1031.9700323250 814.3795814928 1244.3204443399 1038.0865115256 1565.4037333651 1409.9137860844 1806.5357796397 1829.9353123176 2274.7524308301 2474.4899036048 3028.3973260587 3712.3500259047 4429.6285697925 6249.0189603018 7261.4963341755 13578.8928949720 14699.9454093824 53423.1630428234
18987.2969990762 10153.1782173579 10188.4364118533 12011.8123411127 3925.4985378097 6817.1102785291 3048.2020529252 3951.4259905175 2252.5298966085 2788.9568900022 1880.1362402575 2134.5147470600 1824.6416929545 980.9920200406 818.4891852523 1668.2496920011 1477.5429523323 860.1814831561 933.2262904484 1014.1730232771 1240.6732915397 558.1819715079 834.5474164666 538.6875024265 878.9775618330 306.9778573246 341.3047794439 1011.0723412459 1524.5508874277 630.5558150674 617.9813631332 326.4943252538 395.2245258503 326.4943252538 617.9813631332 630.5558150674 1524.5508874277 1011.0723412459 341.3047794439 306.9778573246 878.9775618330 538.6875024265 834.5474164666 558.1819715079 1240.6732915397 1014.1730232771 933.2262904484 860.1814831561 1477.5429523323 1668.2496920011 818.4891852523 980.9920200406 1824.6416929545 2134.5147470600 1880.1362402575 2788.9568900022 2252.5298966085 3951.4259905175 3048.2020529252 6817.1102785291 3925.4985378097 12011.8123411127 10188.4364118533 10153.1782173579
12628.9728246084 13518.5781471838 11912.4256238150 4715.0976466061 5558.2238792646 5322.5976269155 2369.7973753665 3930.6336434214 1551.8106916529 2910.9428539386 1299.4569177574 2044.5822379463 1102.2116608787 1524.9641446243 900.9504985019 1437.7379718967 976.3903865318 1240.3423205102 1065.6769205160 934.3291982216 1067.9515779715 611.3641221301 901.3336711345 379.1409512517 589.3378450224 392.6270232756 608.3329466473 452.2581367657 862.6391794546 357.2942490309 561.1796431972 301.0124322494 203.2093092714 301.0124322494 561.1796431972 357.2942490309 862.6391794546 452.2581367657 608.3329466473 392.6270232756 589.3378450224 379.1409512517 901.3336711345 611.3641221301 1067.9515779715 934.3291982216 1065.6769205160 1240.3423205102 976.3903865318 1437.7379718967 900.9504985019 1524.9641446243 1102.2116608787 2044.5822379463 1299.4569177574 2910.9428539386 1551.8106916529 3930.6336434214 2369.7973753665 5322.5976269155 5558.2238792646 4715.0976466061 11912.4256238150 13518.5781471838
7671.5724714347 5728.0226112323 2014.3806701536 5440.6558675778 5714.5725453148 1989.2774398747 3933.9403638814 2710.1537002462 2001.2808486595 2339.0761487309 1164.0905149424 1819.4651993593 1050.5831155006 2163.5877995642 1003.3163690733 895.7582460622 542.4182283040 1352.6237374334 885.4081377928 676.1168833705 559.6225296102 736.6288988917 750.4468443160 385.6011627767 487.2901256570 559.6632184139 1006.9004091983 626.4813286816 237.3857434857 473.5335887045 505.6346700204 264.7344519075 563.1322231501 264.7344519075 505.6346700204 473.5335887045 237.3857434857 626.4813286816 1006.9004091983 559.6632184139 487.2901256570 385.6011627767 750.4468443160 736.6288988917 559.6225296102 676.1168833705 885.4081377928 1352.6237374334 542.4182283040 895.7582460622 1003.3163690733 2163.5877995642 1050.5831155006 1819.4651993593 1164.0905149424 2339.0761487309 2001.2808486595 2710.1537002462 3933.9403638814 1989.2774398747 5714.5725453148 5440.6558675778 2014.3806701536 5728.0226112323
5333.8573768980 6052.4402663828 6819.6214764693 5214.5755083159 1717.9099909777 3670.6400215642 3342.7333422478 1341.9132407460 2672.2946640004 1218.4142918186 1978.7376117484 1496.8395503179 1200.6073712255 1478.3334879543 586.1969160673 971.8961884963 408.7385879947 732.0701842181 342.6708683343 664.7241736679 310.6393394659 663.5118427702 338.5033817420 652.6895564685 567.7164505735 226.4620208270 384.1637883179 196.1480519577 170.5453045479 335.0753214156 218.1890727313 407.4557559684 680.1123526193 407.4557559684 218.1890727313 335.0753214156 170.5453045479 196.1480519577 384.1637883179 226.4620208270 567.7164505735 652.6895564685 338.5033817420 663.5118427702 310.6393394659 664.7241736679 342.6708683343 732.0701842181 408.7385879947 971.8961884963 586.1969160673 1478.3334879543 1200.6073712255 1496.8395503179 1978.7376117484 1218.4142918186 2672.2946640004 1341.9132407460 3342.7333422478 3670.6400215642 1717.9099909777 5214.5755083159 6819.6214764693 6052.4402663828
4191.9937739675 3676.1221062389 1946.3322296987 1767.8305072940 3918.7321076146 3324.5440208545 1242.9089014003 2923.2400849969 2013.2150297853 1378.8331912331 1981.8018137137 688.6232523485 1079.4826662429 589.3705455350 1473.5283664873 992.9461782923 371.5229254669 306.2034687381 822.9533451167 675.8054660156 404.5058992915 457.5262879952 404.8072865864 594.6891973275 194.9975131706 88.9101055529 544.3140725069 824.8830020186 564.2889101866 187.0268804511 50.8020839573 54.0867356226 51.5040680495 54.0867356226 50.8020839573 187.0268804511 564.2889101866 824.8830020186 544.3140725069 88.9101055529 194.9975131706 594.6891973275 404.8072865864 457.5262879952 404.5058992915 675.8054660156 822.9533451167 306.2034687381 371.5229254669 992.9461782923 1473.5283664873 589.3705455350 1079.4826662429 688.6232523485 1981.8018137137 1378.8331912331 2013.2150297853 2923.2400849969 1242.9089014003 3324.5440208545 3918.7321076146 1767.8305072940 1946.3322296987 3676.1221062389
3299.6156170879 3489.5950715406 3914.2399883718 3904.8061081754 2520.3927296861 1159.6776131991 2928.9209502495 2382.9400020968 1058.5724946886 2100.9413873943 962.3543185550 1635.0532869705 1250.4332866416 1180.7893014327 1495.5682893830 626.4168139432 1149.0010378125 476.6853012404 887.1316819832 413.2739399200 719.3309050990 365.4865577323 589.1701991495 333.2293811307 811.5106129677 565.7350347673 551.0956223270 734.3053330968 320.6221108580 77.0325064091 64.7766365059 368.9961836936 614.9895868454 368.9961836936 64.7766365059 77.0325064091 320.6221108580 734.3053330968 551.0956223270 565.7350347673 811.5106129677 333.2293811307 589.1701991495 365.4865577323 719.3309050990 413.2739399200 887.1316819832 476.6853012404 1149.0010378125 626.4168139432 1495.5682893830 1180.7893014327 1250.4332866416 1635.0532869705 962.3543185550 2100.9413873943 1058.5724946886 2382.9400020968 2928.9209502495 1159.6776131991 2520.3927296861 3904.8061081754 3914.2399883718 3489.5950715406
3040.8439379639 2663.6089325832 1621.4381126712 566.6756491159 1816.4040103554 2670.9760885686 1910.7388027799 993.1368126681 2379.6444754860 1661.8544083209 1365.5745030101 2250.8756591871 944.1174146175 1273.0659435176 782.7042949084 1551.7635158484 1581.8732920008 532.8868399626 767.1368050890 599.6188326895 964.4569172603 447.5598227438 816.2037445183 496.0274088249 1167.8334724335 696.9269520493 166.6826001346 340.7842296925 795.2262254106 430.9047589801 235.7690811479 215.4624772331 496.2813126546 215.4624772331 235.7690811479 430.9047589801 795.2262254106 340.7842296925 166.6826001346 696.9269520493 1167.8334724335 496.0274088249 816.2037445183 447.5598227438 964.4569172603 599.6188326895 767.1368050890 532.8868399626 1581.8732920008 1551.7635158484 782.7042949084 1273.0659435176 944.1174146175 2250.8756591871 1365.5745030101 1661.8544083209 2379.6444754860 993.1368126681 1910.7388027799 2670.9760885686 1816.4040103554 566.6756491159 1621.4381126712 2663.6089325832
2046.0611630253 2263.3880377288 2726.3009729485 2915.7662643358 2286.3086531915 898.7607368038 1247.4745092046 2099.5051669922 1564.1744265484 612.8344085356 1479.7454659097 1015.2904652206 880.1156547347 1228.9988473862 622.0574858181 1430.6096465407 753.2956885501 1073.4236248530 869.7811252252 799.9800011760 883.7672819214 663.9971976919 977.4335941048 380.8593877138 589.5960053692 431.2485295553 628.0736217208 705.6031259293 1248.1105524469 512.5663986147 838.2386162361 497.4155554043 160.6122078587 497.4155554043 838.2386162361 512.5663986147 1248.1105524469 705.6031259293 628.0736217208 431.2485295553 589.5960053692 380.8593877138 977.4335941048 663.9971976919 883.7672819214 799.9800011760 869.7811252252 1073.4236248530 753.2956885501 1430.6096465407 622.0574858181 1228.9988473862 880.1156547347 1015.2904652206 1479.7454659097 612.8344085356 1564.1744265484 2099.5051669922 1247.4745092046 898.7607368038 2286.3086531915 2915.7662643358 2726.3009729485 2263.3880377288
2218.3940506260 2015.7732916757 1488.9008145709 688.8723750080 858.7951001297 1955.8922858594 1979.0653121847 784.5036993514 1186.1848132539 1480.3605779108 599.5389848305 1072.9359887505 1416.2211500356 678.7827629740 550.2483033255 492.9465157207 913.1564323299 1455.7345454909 657.0883923038 818.4743898521 584.3516037967 718.7822298484 680.6184219444 393.2917627812 361.5684824512 1172.0718466898 1291.1501856253 493.6749872655 801.8640450859 587.5176457278 1160.4554993979 481.1531367767 666.9825718274 481.1531367767 1160.4554993979 587.5176457278 801.8640450859 493.6749872655 1291.1501856253 1172.0718466898 361.5684824512 393.2917627812 680.6184219444 718.7822298484 584.3516037967 818.4743898521 657.0883923038 1455.7345454909 913.1564323299 492.9465157207 550.2483033255 678.7827629740 1416.2211500356 1072.9359887505 599.5389848305 1480.3605779108 1186.1848132539 784.5036993514 1979.0653121847 1955.8922858594 858.7951001297 688.8723750080 1488.9008145709 2015.7732916757
1356.1145729534 1641.7374717528 2032.6196683303 2031.3306725635 1793.6282592700 1356.7187619045 543.7070211726 1668.8135379039 2248.4944014290 1108.8520991664 1115.1351618361 1464.2241019768 541.6666361392 822.6306549284 695.9810228492 427.3384795929 895.5396312073 554.7641963521 510.7281208668 734.1657551425 300.1626113923 612.3306901603 349.3333275589 961.0973965825 668.0117056705 777.7692934530 916.1256878884 353.2569812336 470.4300394502 655.6382769894 879.3181551821 737.5590737553 1510.1505466234 737.5590737553 879.3181551821 655.6382769894 470.4300394502 353.2569812336 916.1256878884 777.7692934530 668.0117056705 961.0973965825 349.3333275589 612.3306901603 300.1626113923 734.1657551425 510.7281208668 554.7641963521 895.5396312073 427.3384795929 695.9810228492 822.6306549284 541.6666361392 1464.2241019768 1115.1351618361 1108.8520991664 2248.4944014290 1668.8135379039 543.7070211726 1356.7187619045 1793.6282592700 2031.3306725635 2032.6196683303 1641.7374717528
1425.3456794556 1665.9849410555 1666.4109444349 795.6987152159 632.1915824850 1049.9636087714 1080.2773428027 1104.6532240912 647.9292928363 861.0916783218 1413.9492323445 634.4994967221 1401.5126724660 1495.7533897034 466.4312669154 562.6300202499 311.5631075169 898.9483055223 922.2529497134 327.0985638430 511.6323383531 505.2718637346 355.6767997019 896.6903743500 759.4944421073 191.8635729780 132.1419537382 574.7208052608 531.4742743787 353.4352570846 467.4361558118 622.5845661519 1182.3326073441 622.5845661519 467.4361558118 353.4352570846 531.4742743787 574.7208052608 132.1419537382 191.8635729780 759.4944421073 896.6903743500 355.6767997019 505.2718637346 511.6323383531 327.0985638430 922.2529497134 898.9483055223 311.5631075169 562.6300202499 466.4312669154 1495.7533897034 1401.5126724660 634.4994967221 1413.9492323445 861.0916783218 647.9292928363 1104.6532240912 1080.2773428027 1049.9636087714 632.1915824850 795.6987152159 1666.4109444349 1665.9849410555
1650.6513378841 1233.7549910117 846.5418703464 1536.8673060273 2163.7757839175 1505.7289732909 461.5799950795 1053.5340344234 1254.9156461122 1214.0364871342 661.8519883625 910.1078511176 1474.0252013343 660.3433215184 1048.0459994190 859.8454517617 751.1808487586 1114.3801870373 409.7074756063 684.3652727603 521.0125104988 91.0556344914 69.4733218875 192.6018999865 111.4476013338 148.5235778241 288.9294541804 383.0256257853 338.3899284163 121.3458131388 249.2503217287 288.1742974247 241.2376155599 288.1742974247 249.2503217287 121.3458131388 338.3899284163 383.0256257853 288.9294541804 148.5235778241 111.4476013338 192.6018999865 69.4733218875 91.0556344914 521.0125104988 684.3652727603 409.7074756063 1114.3801870373 751.1808487586 859.8454517617 1048.0459994190 660.3433215184 1474.0252013343 910.1078511176 661.8519883625 1214.0364871342 1254.9156461122 1053.5340344234 461.5799950795 1505.7289732909 2163.7757839175 1536.8673060273 846.5418703464 1233.7549910117
2119.0035898768 1495.6463808880 551.0016575271 572.6518427836 715.1148054953 504.9334246392 1485.5264000749 1478.5903390718 578.9245833160 272.1835451936 514.5062471063 656.5872652179 361.6830251428 1089.7166812554 1592.1597518328 716.6664007991 783.5818869006 520.1192050068 1067.6434674991 1076.4622104941 522.1493008387 883.2988771384 441.7907919584 1092.3163188464 830.1849074901 165.9709699556 148.1394414820 431.2127771745 274.3578892097 278.1461722240 227.8926052804 619.6640107140 1004.3280879035 619.6640107140 227.8926052804 278.1461722240 274.3578892097 431.2127771745 148.1394414820 165.9709699556 830.1849074901 1092.3163188464 441.7907919584 883.2988771384 522.1493008387 1076.4622104941 1067.6434674991 520.1192050068 783.5818869006 716.6664007991 1592.1597518328 1089.7166812554 361.6830251428 656.5872652179 514.5062471063 272.1835451936 578.9245833160 1478.5903390718 1485.5264000749 504.9334246392 715.1148054953 572.6518427836 551.0016575271 1495.6463808880
256.0668000357 893.4223482505 1610.0632377580 1417.5763226364 890.4874565854 970.1686800447 918.7227986220 533.1208896697 1506.2558756707 1447.7572942469 522.9655603231 325.6943142162 568.3466014999 779.9492262483 556.8606029310 556.0702846716 868.7281175366 527.0630042335 1322.4549598930 764.5774854836 1244.9340094015 1436.2397419109 494.7544987269 905.1031926594 400.2878102729 517.6034451120 317.7251209267 877.9347989149 649.2428510156 524.8362509867 757.4090549156 271.8802531491 447.5427762389 271.8802531491 757.4090549156 524.8362509867 649.2428510156 877.9347989149 317.7251209267 517.6034451120 400.2878102729 905.1031926594 494.7544987269 1436.2397419109 1244.9340094015 764.5774854836 1322.4549598930 527.0630042335 868.7281175366 556.0702846715 556.8606029310 779.9492262483 568.3466014999 325.6943142162 522.9655603231 1447.7572942469 1506.2558756707 533.1208896697 918.7227986220 970.1686800447 890.4874565854 1417.5763226364 1610.0632377580 893.4223482505
906.0000000000 1200.2035771257 1368.9938461733 798.7864799346 140.5464320215 86.6113726263 360.2073200866 1182.4812830192 1535.5497510414 702.0723000045 861.3221194088 915.9103568966 297.3981516459 644.8023802573 764.4233829192 861.6533412110 672.0029761839 319.4405865344 626.7446751635 361.6799039208 982.3053489716 689.8621713064 454.2620886783 425.7915350712 873.7041616454 1283.2941926166 553.4696068162 602.5174696245 484.8888957538 437.7286279990 712.8843491293 413.3637699659 130.0000000000 413.3637699659 712.8843491293 437.7286279990 484.8888957538 602.5174696245 553.4696068162 1283.2941926166 873.7041616454 425.7915350712 454.2620886783 689.8621713064 982.3053489716 361.6799039208 626.7446751635 319.4405865344 672.0029761839 861.6533412110 764.4233829192 644.8023802573 297.3981516459 915.9103568966 861.3221194088 702.0723000045 1535.5497510414 1182.4812830192 360.2073200866 86.6113726263 140.5464320215 798.7864799346 1368.9938461733 1200.2035771257
740.7787922480 631.4132978431 706.6409526095 1192.6079240121 1344.3280318098 771.9549814998 151.6222049957 50.9933217576 262.2830428105 1076.0645482402 1455.6490882177 673.8435503725 932.8639285650 1116.7086936814 423.6412089753 232.5407195581 173.5455260560 66.0192911358 199.5275897299 290.2058045900 195.2701555453 766.1457572074 942.7956165330 369.2960972467 795.4669454488 738.6252510611 193.3165333855 139.6494756022 53.6623618075 53.8809447956 164.4757746501 141.4463623560 49.5596855185 141.4463623560 164.4757746501 53.8809447956 53.6623618075 139.6494756022 193.3165333855 738.6252510611 795.4669454488 369.2960972467 942.7956165330 766.1457572074 195.2701555453 290.2058045900 199.5275897299 66.0192911358 173.5455260560 232.5407195581 423.6412089753 1116.7086936814 932.8639285650 673.8435503725 1455.6490882177 1076.0645482402 262.2830428105 50.9933217576 151.6222049957 771.9549814998 1344.3280318098 1192.6079240121 706.6409526095 631.4132978431
1121.7758993555 971.3407624194 841.3342195134 955.2904741151 774.5649541571 310.0819625092 815.5286006192 887.2452098857 747.2364785096 770.0812466248 494.7925382254 528.3851196610 910.9205536214 417.7817318866 1061.3549208731 1322.5119165938 690.0124969323 276.6296106659 516.8269449618 285.7884811870 552.2317200282 947.5187502469 576.0791143008 238.0332252266 223.9927469693 803.7366744580 821.4906084430 377.9516871159 641.9359666810 388.4732255940 884.4410954723 516.0329523970 11.7654625942 516.0329523970 884.4410954723 388.4732255940 641.9359666810 377.9516871159 821.4906084430 803.7366744580 223.9927469693 238.0332252266 576.0791143008 947.5187502469 552.2317200282 285.7884811870 516.8269449618 276.6296106659 690.0124969323 1322.5119165938 1061.3549208731 417.7817318866 910.9205536214 528.3851196610 494.7925382254 770.0812466248 747.2364785096 887.2452098857 815.5286006192 310.0819625092 774.5649541571 955.2904741151 841.3342195134 971.3407624194
300.9165558586 572.6555601272 896.0019103172 825.7919474188 625.9490847151 667.3472708101 626.7174571560 246.2184547831 458.9971299279 713.0448878242 796.7224470255 732.9541649539 317.8962821336 719.2214045992 1034.5698444558 598.6055892012 167.6644722435 289.0578325644 220.0531633548 107.3969983626 94.4973497427 120.5561911026 635.5247737539 871.6622821031 486.4447124530 1414.1805667703 1124.4951417317 757.6774544009 1125.5233099006 471.1930463310 868.7782786194 442.4094094147 942.0420996139 442.4094094147 868.7782786194 471.1930463310 1125.5233099006 757.6774544009 1124.4951417317 1414.1805667703 486.4447124530 871.6622821031 635.5247737539 120.5561911026 94.4973497427 107.3969983626 220.0531633548 289.0578325644 167.6644722435 598.6055892012 1034.5698444558 719.2214045992 317.8962821336 732.9541649539 796.7224470255 713.0448878242 458.9971299279 246.2184547831 626.7174571560 667.3472708101 625.9490847151 825.7919474188 896.0019103172 572.6555601272
564.4038193074 855.2318382685 1202.8760751509 1026.5476932747 489.8713788362 116.1225099541 353.7177280269 728.4130906733 953.7433242905 837.2657953144 490.3250368940 168.2298333017 507.4248845517 514.1505966769 459.9360531623 1183.2542159835 1006.9064165324 300.0448733536 499.9382840917 202.5832858686 337.1264864366 408.0916689003 685.5965812748 933.7509698413 471.6083509350 637.2726254389 502.2659544335 851.8164349303 983.0163316476 483.8657592586 747.2953489375 786.2379895136 1578.7926432744 786.2379895136 747.2953489375 483.8657592586 983.0163316476 851.8164349303 502.2659544335 637.2726254389 471.6083509350 933.7509698413 685.5965812748 408.0916689003 337.1264864366 202.5832858686 499.9382840917 300.0448733536 1006.9064165324 1183.2542159835 459.9360531623 514.1505966769 507.4248845517 168.2298333017 490.3250368940 837.2657953144 953.7433242905 728.4130906733 353.7177280269 116.1225099541 489.8713788362 1026.5476932747 1202.8760751509 855.2318382685
742.8867405705 555.5779839732 308.7748805072 444.9853329999 689.0201136031 663.3982536887 433.8864066867 195.4923455290 199.4532528053 531.7908271106 673.8090008054 611.8818138576 491.2426161240 236.9159071794 927.6656623334 1410.9441867073 754.4334982240 804.7933307424 964.6319490933 306.0583103741 415.9888356043 405.3727979237 718.6795263286 293.1289939156 576.9994121563 377.9455080184 89.4501596280 347.6031734392 288.7845646209 641.3607656568 826.0580163396 428.3361062888 916.8724990226 428.3361062888 826.0580163396 641.3607656568 288.7845646209 347.6031734392 89.4501596280 377.9455080184 576.9994121563 293.1289939156 718.6795263286 405.3727979237 415.9888356043 306.0583103741 964.6319490933 804.7933307424 754.4334982240 1410.9441867073 927.6656623334 236.9159071794 491.2426161240 611.8818138576 673.8090008054 531.7908271106 199.4532528053 195.4923455290 433.8864066867 663.3982536887 689.0201136031 444.9853329999 308.7748805072 555.5779839732
889.3909267492 831.2235837769 813.7265324837 888.3352613444 722.4487231247 257.1844426176 356.4739239602 588.9014557529 816.9795808655 964.9151178035 658.2364987860 169.7538587015 229.0422668281 97.0602995188 129.8618045941 32.8171777063 446.5191211821 939.3419459308 609.5343755089 662.2722389351 722.5136357509 872.5266056295 1654.2803920510 942.4123255059 538.0837621934 570.1562204268 278.1474716334 427.1420742541 192.8070494465 252.8405355572 465.4021713739 365.4725887385 194.4199465181 365.4725887385 465.4021713739 252.8405355572 192.8070494465 427.1420742541 278.1474716334 570.1562204268 538.0837621934 942.4123255059 1654.2803920510 872.5266056295 722.5136357509 662.2722389351 609.5343755089 939.3419459308 446.5191211821 32.8171777063 129.8618045941 97.0602995188 229.0422668281 169.7538587015 658.2364987860 964.9151178035 816.9795808655 588.9014557529 356.4739239602 257.1844426176 722.4487231247 888.3352613444 813.7265324837 831.2235837769
540.9471539925 519.8073475314 367.8329751673 154.7296755005 296.3974028480 643.9931825650 601.7569962049 180.4609582206 209.7305045158 100.0585647490 373.5661669419 963.1834966315 915.7194343564 442.1262776609 1092.3238919011 922.8772664961 362.8804865731 127.4611421289 268.8956231497 884.1667506788 948.4573955043 378.2681526122 825.0641541116 433.2119501246 551.2270384634 373.4441336232 687.5176927705 735.1109005184 341.8108718107 744.9362851116 466.5225580302 298.6573677308 536.6391287599 298.6573677308 466.5225580302 744.9362851116 341.8108718107 735.1109005184 687.5176927705 373.4441336232 551.2270384634 433.2119501246 825.0641541116 378.2681526122 948.4573955043 884.1667506788 268.8956231497 127.4611421289 362.8804865731 922.8772664961 1092.3238919011 442.1262776609 915.7194343564 963.1834966315 373.5661669419 100.0585647490 209.7305045158 180.4609582206 601.7569962049 643.9931825650 296.3974028480 154.7296755005 367.8329751673 519.8073475314
843.1560620361 915.6493122597 871.9421318699 580.4503297647 456.2264948263 540.4488209370 285.1397373465 847.8598838111 1167.6784577374 623.2521481986 161.5881878388 589.6034635063 747.7303343053 349.4250212250 794.9816948846 406.9361689319 824.5877079211 802.5436333566 198.8136229168 155.0926692544 374.0575741028 574.2400205530 472.9354437073 539.8048571615 563.8937579800 239.3140204529 600.8986187238 441.0076825782 571.7014496949 1004.6746217293 704.1321107135 176.1841998615 236.2813126546 176.1841998615 704.1321107135 1004.6746217293 571.7014496949 441.0076825782 600.8986187238 239.3140204529 563.8937579800 539.8048571615 472.9354437073 574.2400205530 374.0575741028 155.0926692544 198.8136229168 802.5436333566 824.5877079211 406.9361689319 794.9816948846 349.4250212250 747.7303343053 589.6034635063 161.5881878388 623.2521481986 1167.6784577374 847.8598838111 285.1397373465 540.4488209370 456.2264948263 580.4503297647 871.9421318699 915.6493122597
670.3188460031 392.1701815545 32.9935768042 290.2983178422 463.2914055629 186.0675800681 74.4439053377 516.8408609530 632.2356797501 476.5887292004 1123.4793479163 763.1356386699 199.6121592387 173.2183688076 105.6697234126 601.5809007673 1282.1745260292 829.5599783020 885.4023384136 1398.5645879906 709.3293511352 401.7640477060 543.2235186409 276.3251860673 57.7217335960 86.5196883330 71.7769099881 119.1061439089 166.8401870993 97.5335054257 206.1404247710 90.2876659242 106.7560437632 90.2876659242 206.1404247710 97.5335054257 166.8401870993 119.1061439089 71.7769099881 86.5196883330 57.7217335960 276.3251860673 543.2235186409 401.7640477060 709.3293511352 1398.5645879906 885.4023384136 829.5599783020 1282.1745260292 601.5809007673 105.6697234126 173.2183688076 199.6121592387 763.1356386699 1123.4793479163 476.5887292004 632.2356797501 516.8408609530 74.4439053377 186.0675800681 463.2914055629 290.2983178422 32.9935768042 392.1701815545
1430.5949955647 940.2416123735 278.7341622396 630.6879557362 1006.1328643156 503.3388089946 540.2124721308 511.7113836063 151.5094333297 655.4348704403 1262.4942212459 935.0814990307 242.7342562719 296.7707824898 136.4946933094 132.5158528450 394.7672891746 260.2611918419 830.0185486778 1046.7515619568 466.4382297062 91.9057399825 256.5850680539 658.9132694732 605.2481958269 204.2113270107 452.8046166604 442.8398491124 386.1003962308 1045.4024417563 981.4389878918 313.5179657855 524.0666933588 313.5179657855 981.4389878918 1045.4024417563 386.1003962308 442.8398491124 452.8046166604 204.2113270107 605.2481958269 658.9132694732 256.5850680539 91.9057399825 466.4382297062 1046.7515619568 830.0185486778 260.2611918419 394.7672891746 132.5158528450 136.4946933094 296.7707824898 242.7342562719 935.0814990307 1262.4942212459 655.4348704403 151.5094333297 511.7113836063 540.2124721308 503.3388089946 1006.1328643156 630.6879557362 278.7341622396 940.2416123735
405.1779248890 393.8647340393 920.5648500607 462.1834105758 607.6859661212 375.0519313602 848.7500922798 768.6507736036 355.4932141957 562.4919406728 198.1156429473 187.8676851010 566.0617106044 430.4751867541 497.0530347207 868.2111646340 602.2975556939 183.0993440246 230.6147791295 611.1317060694 791.1058287223 411.6156507262 469.3688506391 713.1136153972 413.1326491358 173.3633623345 430.6791494828 432.8796417933 208.4095589518 631.7211465972 555.8051760428 438.1340713023 858.5875211703 438.1340713023 555.8051760428 631.7211465972 208.4095589518 432.8796417933 430.6791494828 173.3633623345 413.1326491358 713.1136153972 469.3688506391 411.6156507262 791.1058287223 611.1317060694 230.6147791295 183.0993440246 602.2975556939 868.2111646340 497.0530347207 430.4751867541 566.0617106044 187.8676851010 198.1156429473 562.4919406728 355.4932141957 768.6507736036 848.7500922798 375.0519313602 607.6859661212 462.1834105758 920.5648500607 393.8647340393
178.6780298024 878.2970792408 1519.7642292989 941.1263789171 314.8338382046 267.5713942390 560.5319987056 405.2987732677 854.0472589530 1245.7251370774 812.1942233874 439.3012235492 501.6326535444 360.1315449124 287.9394781670 583.9776990404 448.6896076173 180.8329481475 666.6850873735 1114.6021301378 969.1131230644 323.8227120884 184.0855837701 235.6102598358 501.2919671140 241.4126231804 263.9114035294 164.5547890456 462.3684519888 496.5201802662 277.6826296804 296.6619869337 394.0069725316 296.6619869337 277.6826296804 496.5201802662 462.3684519888 164.5547890456 263.9114035294 241.4126231804 501.2919671140 235.6102598358 184.0855837701 323.8227120884 969.1131230644 1114.6021301378 666.6850873735 180.8329481475 448.6896076173 583.9776990404 287.9394781670 360.1315449124 501.6326535444 439.3012235492 812.1942233874 1245.7251370774 854.0472589530 405.2987732677 560.5319987056 267.5713942390 314.8338382046 941.1263789171 1519.7642292989 878.2970792408
781.3919522291 374.8022261386 424.9762015411 257.4707069437 474.6428657850 368.7262241112 191.9786300635 152.6225058117 358.5556576786 263.0009528231 398.7284720692 566.8535530061 296.0763731766 90.8146809572 270.1386266232 446.8412915386 382.6218854523 116.0511104662 185.7889333068 118.7089389691 296.0396520233 592.0461017500 354.7634679753 794.5037436722 1015.6516823867 431.8062476987 1040.1765749865 702.6558279548 569.0643361166 826.8729611557 333.0684668676 420.0152298965 603.6249926107 420.0152298965 333.0684668676 826.8729611557 569.0643361166 702.6558279548 1040.1765749865 431.8062476987 1015.6516823867 794.5037436722 354.7634679753 592.0461017500 296.0396520233 118.7089389691 185.7889333068 116.0511104662 382.6218854523 446.8412915386 270.1386266232 90.8146809572 296.0763731766 566.8535530061 398.7284720692 263.0009528231 358.5556576786 152.6225058117 191.9786300635 368.7262241112 474.6428657850 257.4707069437 424.9762015411 374.8022261386
1153.5497647841 937.2441905134 614.1938976139 561.0349934930 497.5818489161 205.2550345695 54.0163729100 20.0056433906 276.4520312261 855.3654672465 1159.4781318367 865.9214815741 450.4556090007 253.5691274349 245.3834276537 762.7185550130 732.9478237741 357.2381394337 890.0376516406 869.5326840457 726.3922775954 812.3921316420 520.1166002132 490.5698952117 687.7461764258 409.6199374920 962.8783098132 594.0715725549 311.7437856661 277.3389655374 395.5850696387 620.1085645999 597.3380994590 620.1085645999 395.5850696387 277.3389655374 311.7437856661 594.0715725549 962.8783098132 409.6199374920 687.7461764258 490.5698952117 520.1166002132 812.3921316420 726.3922775954 869.5326840457 890.0376516406 357.2381394337 732.9478237741 762.7185550130 245.3834276537 253.5691274349 450.4556090007 865.9214815741 1159.4781318367 855.3654672465 276.4520312261 20.0056433906 54.0163729100 205.2550345695 497.5818489161 561.0349934930 614.1938976139 937.2441905134
320.1502529264 177.2481540144 193.5619184135 231.4650416845 184.8209174048 370.6875358761 170.7162695513 344.1778811937 197.7354275960 423.0499893339 284.4900672291 544.7588645663 539.3767995170 376.8274445748 577.7162373211 233.8951880742 393.1056446041 250.7737708573 462.9877632027 263.1256390949 589.4653326279 287.5434065171 365.0515209524 265.6709662316 56.3130289904 72.1751947625 89.7114877203 344.6399790006 327.6558383610 453.1315027919 630.3403797661 364.2802064166 781.6346066204 364.2802064166 630.3403797661 453.1315027919 327.6558383610 344.6399790006 89.7114877203 72.1751947625 56.3130289904 265.6709662316 365.0515209524 287.5434065171 589.4653326279 263.1256390949 462.9877632027 250.7737708573 393.1056446041 233.8951880742 577.7162373211 376.8274445748 539.3767995170 544.7588645663 284.4900672291 423.0499893339 197.7354275960 344.1778811937 170.7162695513 370.6875358761 184.8209174048 231.4650416845 193.5619184135 177.2481540144
1424.0000000000 1079.3677037121 429.6180480861 205.5243024151 577.0826267969 687.4558570067 276.0421761055 625.4226737330 515.0838883075 160.0555123893 730.2019921936 1518.2534137818 1233.0067144559 504.4127661790 1003.3293429105 520.6597798226 139.2838827718 103.9224983046 179.0699699590 1001.9987525815 1578.7927810049 987.0770593798 328.2963428129 536.8422774688 264.1525847044 153.6088282893 546.6769059423 859.2779412506 492.5722673907 648.6160552700 655.4327941786 921.6847764663 1684.0000000000 921.6847764663 655.4327941786 648.6160552700 492.5722673907 859.2779412506 546.6769059423 153.6088282893 264.1525847044 536.8422774688 328.2963428129 987.0770593798 1578.7927810049 1001.9987525815 179.0699699590 103.9224983046 139.2838827718 520.6597798226 1003.3293429105 504.4127661790 1233.0067144559 1518.2534137818 730.2019921936 160.0555123893 515.0838883075 625.4226737330 276.0421761055 687.4558570067 577.0826267969 205.5243024151 429.6180480861 1079.3677037121
320.1502529264 177.2481540144 193.5619184135 231.4650416845 184.8209174048 370.6875358761 170.7162695513 344.1778811937 197.7354275960 423.0499893339 284.4900672291 544.7588645663 539.3767995170 376.8274445748 577.7162373211 233.8951880742 393.1056446041 250.7737708573 462.9877632027 263.1256390949 589.4653326279 287.5434065171 365.0515209524 265.6709662316 56.3130289904 72.1751947625 89.7114877203 344.6399790006 327.6558383610 453.1315027919 630.3403797661 364.2802064166 781.6346066204 364.2802064166 630.3403797661 453.1315027919 327.6558383610 344.6399790006 89.7114877203 72.1751947625 56.3130289904 265.6709662316 365.0515209524 287.5434065171 589.4653326279 263.1256390949 462.9877632027 250.7737708573 393.1056446041 233.8951880742 577.7162373211 376.8274445748 539.3767995170 544.7588645663 284.4900672291 423.0499893339 197.7354275960 344.1778811937 170.7162695513 370.6875358761 184.8209174048 231.4650416845 193.5619184135 177.2481540144
1153.5497647841 937.2441905134 614.1938976139 561.0349934930 497.5818489161 205.2550345695 54.0163729100 20.0056433906 276.4520312261 855.3654672465 1159.4781318367 865.9214815741 450.4556090007 253.5691274349 245.3834276537 762.7185550130 732.9478237741 357.2381394337 890.0376516406 869.5326840457 726.3922775954 812.3921316420 520.1166002132 490.5698952117 687.7461764258 409.6199374920 962.8783098132 594.0715725549 311.7437856661 277.3389655374 395.5850696387 620.1085645999 597.3380994590 620.1085645999 395.5850696387 277.3389655374 311.7437856661 594.0715725549 962.8783098132 409.6199374920 687.7461764258 490.5698952117 520.1166002132 812.3921316420 726.3922775954 869.5326840457 890.0376516406 357.2381394337 732.9478237741 762.7185550130 245.3834276537 253.5691274349 450.4556090007 865.9214815741 1159.4781318367 855.3654672465 276.4520312261 20.0056433906 54.0163729100 205.2550345695 497.5818489161 561.0349934930 614.1938976139 937.2441905134
781.3919522291 374.8022261386 424.9762015411 257.4707069437 474.6428657850 368.7262241112 191.9786300635 152.6225058117 358.5556576786 263.0009528231 398.7284720692 566.8535530061 296.0763731766 90.8146809572 270.1386266232 446.8412915386 382.6218854523 116.0511104662 185.7889333068 118.7089389691 296.0396520233 592.0461017500 354.7634679753 794.5037436722 1015.6516823867 431.8062476987 1040.1765749865 702.6558279548 569.0643361166 826.8729611557 333.0684668676 420.0152298965 603.6249926107 420.0152298965 333.0684668676 826.8729611557 569.0643361166 702.6558279548 1040.1765749865 431.8062476987 1015.6516823867 794.5037436722 354.7634679753 592.0461017500 296.0396520233 118.7089389691 185.7889333068 116.0511104662 382.6218854523 446.8412915386 270.1386266232 90.8146809572 296.0763731766 566.8535530061 398.7284720692 263.0009528231 358.5556576786 152.6225058117 191.9786300635 368.7262241112 474.6428657850 257.4707069437 424.9762015411 374.8022261386
178.6780298024 878.2970792408 1519.7642292989 941.1263789171 314.8338382046 267.5713942390 560.5319987056 405.2987732677 854.0472589530 1245.7251370774 812.1942233874 439.3012235492 501.6326535444 360.1315449124 287.9394781670 583.9776990404 448.6896076173 180.8329481475 666.6850873735 1114.6021301378 969.1131230644 323.8227120884 184.0855837701 235.6102598358 501.2919671140 241.4126231804 263.9114035294 164.5547890456 462.3684519888 496.5201802662 277.6826296804 296.6619869337 394.0069725316 296.6619869337 277.6826296804 496.5201802662 462.3684519888 164.5547890456 263.9114035294 241.4126231804 501.2919671140 235.6102598358 184.0855837701 323.8227120884 969.1131230644 1114.6021301378 666.6850873735 180.8329481475 448.6896076173 583.9776990404 287.9394781670 360.1315449124 501.6326535444 439.3012235492 812.1942233874 1245.7251370774 854.0472589530 405.2987732677 560.5319987056 267.5713942390 314.8338382046 941.1263789171 1519.7642292989 878.2970792408
405.1779248890 393.8647340393 920.5648500607 462.1834105758 607.6859661212 375.0519313602 848.7500922798 768.6507736036 355.4932141957 562.4919406728 198.1156429473 187.8676851010 566.0617106044 430.4751867541 497.0530347207 868.2111646340 602.2975556939 183.0993440246 230.6147791295 611.1317060694 791.1058287223 411.6156507262 469.3688506391 713.1136153972 413.1326491358 173.3633623345 430.6791494828 432.8796417933 208.4095589518 631.7211465972 555.8051760428 438.1340713023 858.5875211703 438.1340713023 555.8051760428 631.7211465972 208.4095589518 432.8796417933 430.6791494828 173.3633623345 413.1326491358 713.1136153972 469.3688506391 411.6156507262 791.1058287223 611.1317060694 230.6147791295 183.0993440246 602.2975556939 868.2111646340 497.0530347207 430.4751867541 566.0617106044 187.8676851010 198.1156429473 562.4919406728 355.4932141957 768.6507736036 848.7500922798 375.0519313602 607.6859661212 462.1834105758 920.5648500607 393.8647340393
1430.5949955647 940.2416123735 278.7341622396 630.6879557362 1006.1328643156 503.3388089946 540.2124721308 511.7113836063 151.5094333297 655.4348704403 1262.4942212459 935.0814990307 242.7342562719 296.7707824898 136.4946933094 132.5158528450 394.7672891746 260.2611918419 830.0185486778 1046.7515619568 466.4382297062 91.9057399825 256.5850680539 658.9132694732 605.2481958269 204.2113270107 452.8046166604 442.8398491124 386.1003962308 1045.4024417563 981.4389878918 313.5179657855 524.0666933588 313.5179657855 981.4389878918 1045.4024417563 386.1003962308 442.8398491124 452.8046166604 204.2113270107 605.2481958269 658.9132694732 256.5850680539 91.9057399825 466.4382297062 1046.7515619568 830.0185486778 260.2611918419 394.7672891746 132.5158528450 136.4946933094 296.7707824898 242.7342562719 935.0814990307 1262.4942212459 655.4348704403 151.5094333297 511.7113836063 540.2124721308 503.3388089946 1006.1328643156 630.6879557362 278.7341622396 940.2416123735
670.3188460031 392.1701815545 32.9935768042 290.2983178422 463.2914055629 186.0675800681 74.4439053377 516.8408609530 632.2356797501 476.5887292004 1123.4793479163 763.1356386699 199.6121592387 173.2183688076 105.6697234126 601.5809007673 1282.1745260292 829.5599783020 885.4023384136 1398.5645879906 709.3293511352 401.7640477060 543.2235186409 276.3251860673 57.7217335960 86.5196883330 71.7769099881 119.1061439089 166.8401870993 97.5335054257 206.1404247710 90.2876659242 106.7560437632 90.2876659242 206.1404247710 97.5335054257 166.8401870993 119.1061439089 71.7769099881 86.5196883330 57.7217335960 276.3251860673 543.2235186409 401.7640477060 709.3293511352 1398.5645879906 885.4023384136 829.5599783020 1282.1745260292 601.5809007673 105.6697234126 173.2183688076 199.6121592387 763.1356386699 1123.4793479163 476.5887292004 632.2356797501 516.8408609530 74.4439053377 186.0675800681 463.2914055629 290.2983178422 32.9935768042 392.1701815545
843.1560620361 915.6493122597 871.9421318699 580.4503297647 456.2264948263 540.4488209370 285.1397373465 847.8598838111 1167.6784577374 623.2521481986 161.5881878388 589.6034635063 747.7303343053 349.4250212250 794.9816948846 406.9361689319 824.5877079211 802.5436333566 198.8136229168 155.0926692544 374.0575741028 574.2400205530 472.9354437073 539.8048571615 563.8937579800 239.3140204529 600.8986187238 441.0076825782 571.7014496949 1004.6746217293 704.1321107135 176.1841998615 236.2813126546 176.1841998615 704.1321107135 1004.6746217293 571.7014496949 441.0076825782 600.8986187238 239.3140204529 563.8937579800 539.8048571615 472.9354437073 574.2400205530 374.0575741028 155.0926692544 198.8136229168 802.5436333566 824.5877079211 406.9361689319 794.9816948846 349.4250212250 747.7303343053 589.6034635063 161.5881878388 623.2521481986 1167.6784577374 847.8598838111 285.1397373465 540.4488209370 456.2264948263 580.4503297647 871.9421318699 915.6493122597
540.9471539925 519.8073475314 367.8329751673 154.7296755005 296.3974028480 643.9931825650 601.7569962049 180.4609582206 209.7305045158 100.0585647490 373.5661669419 963.1834966315 915.7194343564 442.1262776609 1092.3238919011 922.8772664961 362.8804865731 127.4611421289 268.8956231497 884.1667506788 948.4573955043 378.2681526122 825.0641541116 433.2119501246 551.2270384634 373.4441336232 687.5176927705 735.1109005184 341.8108718107 744.9362851116 466.5225580302 298.6573677308 536.6391287599 298.6573677308 466.5225580302 744.9362851116 341.8108718107 735.1109005184 687.5176927705 373.4441336232 551.2270384634 433.2119501246 825.0641541116 378.2681526122 948.4573955043 884.1667506788 268.8956231497 127.4611421289 362.8804865731 922.8772664961 1092.3238919011 442.1262776609 915.7194343564 963.1834966315 373.5661669419 100.0585647490 209.7305045158 180.4609582206 601.7569962049 643.9931825650 296.3974028480 154.7296755005 367.8329751673 519.8073475314
889.3909267492 831.2235837769 813.7265324837 888.3352613444 722.4487231247 257.1844426176 356.4739239602 588.9014557529 816.9795808655 964.9151178035 658.2364987860 169.7538587015 229.0422668281 97.0602995188 129.8618045941 32.8171777063 446.5191211821 939.3419459308 609.5343755089 662.2722389351 722.5136357509 872.5266056295 1654.2803920510 942.4123255059 538.0837621934 570.1562204268 278.1474716334 427.1420742541 192.8070494465 252.8405355572 465.4021713739 365.4725887385 194.4199465181 365.4725887385 465.4021713739 252.8405355572 192.8070494465 427.1420742541 278.1474716334 570.1562204268 538.0837621934 942.4123255059 1654.2803920510 872.5266056295 722.5136357509 662.2722389351 609.5343755089 939.3419459308 446.5191211821 32.8171777063 129.8618045941 97.0602995188 229.0422668281 169.7538587015 658.2364987860 964.9151178035 816.9795808655 588.9014557529 356.4739239602 257.1844426176 722.4487231247 888.3352613444 813.7265324837 831.2235837769
742.8867405705 555.5779839732 308.7748805072 444.9853329999 689.0201136031 663.3982536887 433.8864066867 195.4923455290 199.4532528053 531.7908271106 673.8090008054 611.8818138576 491.2426161240 236.9159071794 927.6656623334 1410.9441867073 754.4334982240 804.7933307424 964.6319490933 306.0583103741 415.9888356043 405.3727979237 718.6795263286 293.1289939156 576.9994121563 377.9455080184 89.4501596280 347.6031734392 288.7845646209 641.3607656568 826.0580163396 428.3361062888 916.8724990226 428.3361062888 826.0580163396 641.3607656568 288.7845646209 347.6031734392 89.4501596280 377.9455080184 576.9994121563 293.1289939156 718.6795263286 405.3727979237 415.9888356043 306.0583103741 964.6319490933 804.7933307424 754.4334982240 1410.9441867073 927.6656623334 236.9159071794 491.2426161240 611.8818138576 673.8090008054 531.7908271106 199.4532528053 195.4923455290 433.8864066867 663.3982536887 689.0201136031 444.9853329999 308.7748805072 555.5779839732
564.4038193074 855.2318382685 1202.8760751509 1026.5476932747 489.8713788362 116.1225099541 353.7177280269 728.4130906733 953.7433242905 837.2657953144 490.3250368940 168.2298333017 507.4248845517 514.1505966769 459.9360531623 1183.2542159835 1006.9064165324 300.0448733536 499.9382840917 202.5832858686 337.1264864366 408.0916689003 685.5965812748 933.7509698413 471.6083509350 637.2726254389 502.2659544335 851.8164349303 983.0163316476 483.8657592586 747.2953489375 786.2379895136 1578.7926432744 786.2379895136 747.2953489375 483.8657592586 983.0163316476 851.8164349303 502.2659544335 637.2726254389 471.6083509350 933.7509698413 685.5965812748 408.0916689003 337.1264864366 202.5832858686 499.9382840917 300.0448733536 1006.9064165324 1183.2542159835 459.9360531623 514.1505966769 507.4248845517 168.2298333017 490.3250368940 837.2657953144 953.7433242905 728.4130906733 353.7177280269 116.1225099541 489.8713788362 1026.5476932747 1202.8760751509 855.2318382685
300.9165558586 572.6555601272 896.0019103172 825.7919474188 625.9490847151 667.3472708101 626.7174571560 246.2184547831 458.9971299279 713.0448878242 796.7224470255 732.9541649539 317.8962821336 719.2214045992 1034.5698444558 598.6055892012 167.6644722435 289.0578325644 220.0531633548 107.3969983626 94.4973497427 120.5561911026 635.5247737539 871.6622821031 486.4447124530 1414.1805667703 1124.4951417317 757.6774544009 1125.5233099006 471.1930463310 868.7782786194 442.4094094147 942.0420996139 442.4094094147 868.7782786194 471.1930463310 1125.5233099006 757.6774544009 1124.4951417317 1414.1805667703 486.4447124530 871.6622821031 635.5247737539 120.5561911026 94.4973497427 107.3969983626 220.0531633548 289.0578325644 167.6644722435 598.6055892012 1034.5698444558 719.2214045992 317.8962821336 732.9541649539 796.7224470255 713.0448878242 458.9971299279 246.2184547831 626.7174571560 667.3472708101 625.9490847151 825.7919474188 896.0019103172 572.6555601272
1121.7758993555 971.3407624194 841.3342195134 955.2904741151 774.5649541571 310.0819625092 815.5286006192 887.2452098857 747.2364785096 770.0812466248 494.7925382254 528.3851196610 910.9205536214 417.7817318866 1061.3549208731 1322.5119165938 690.0124969323 276.6296106659 516.8269449618 285.7884811870 552.2317200282 947.5187502469 576.0791143008 238.0332252266 223.9927469693 803.7366744580 821.4906084430 377.9516871159 641.9359666810 388.4732255940 884.4410954723 516.0329523970 11.7654625942 516.0329523970 884.4410954723 388.4732255940 641.9359666810 377.9516871159 821.4906084430 803.7366744580 223.9927469693 238.0332252266 576.0791143008 947.5187502469 552.2317200282 285.7884811870 516.8269449618 276.6296106659 690.0124969323 1322.5119165938 1061.3549208731 417.7817318866 910.9205536214 528.3851196610 494.7925382254 770.0812466248 747.2364785096 887.2452098857 815.5286006192 310.0819625092 774.5649541571 955.2904741151 841.3342195134 971.3407624194
740.7787922480 631.4132978431 706.6409526095 1192.6079240121 1344.3280318098 771.9549814998 151.6222049957 50.9933217576 262.2830428105 1076.0645482402 1455.6490882177 673.8435503725 932.8639285650 1116.7086936814 423.6412089753 232.5407195581 173.5455260560 66.0192911358 199.5275897299 290.2058045900 195.2701555453 766.1457572074 942.7956165330 369.2960972467 795.4669454488 738.6252510611 193.3165333855 139.6494756022 53.6623618075 53.8809447956 164.4757746501 141.4463623560 49.5596855185 141.4463623560 164.4757746501 53.8809447956 53.6623618075 139.6494756022 193.3165333855 738.6252510611 795.4669454488 369.2960972467 942.7956165330 766.1457572074 195.2701555453 290.2058045900 199.5275897299 66.0192911358 173.5455260560 232.5407195581 423.6412089753 1116.7086936814 932.8639285650 673.8435503725 1455.6490882177 1076.0645482402 262.2830428105 50.9933217576 151.6222049957 771.9549814998 1344.3280318098 1192.6079240121 706.6409526095 631.4132978431
906.0000000000 1200.2035771257 1368.9938461733 798.7864799346 140.5464320215 86.6113726263 360.2073200866 1182.4812830192 1535.5497510414 702.0723000045 861.3221194088 915.9103568966 297.3981516459 644.8023802573 764.4233829192 861.6533412110 672.0029761839 319.4405865344 626.7446751635 361.6799039208 982.3053489716 689.8621713064 454.2620886783 425.7915350712 873.7041616454 1283.2941926166 553.4696068162 602.5174696245 484.8888957538 437.7286279990 712.8843491293 413.3637699659 130.0000000000 413.3637699659 712.8843491293 437.7286279990 484.8888957538 602.5174696245 553.4696068162 1283.2941926166 873.7041616454 425.7915350712 454.2620886783 689.8621713064 982.3053489716 361.6799039208 626.7446751635 319.4405865344 672.0029761839 861.6533412110 764.4233829192 644.8023802573 297.3981516459 915.9103568966 861.3221194088 702.0723000045 1535.5497510414 1182.4812830192 360.2073200866 86.6113726263 140.5464320215 798.7864799346 1368.9938461733 1200.2035771257
256.0668000357 893.4223482505 1610.0632377580 1417.5763226364 890.4874565854 970.1686800447 918.7227986220 533.1208896697 1506.2558756707 1447.7572942469 522.9655603231 325.6943142162 568.3466014999 779.9492262483 556.8606029310 556.0702846716 868.7281175366 527.0630042335 1322.4549598930 764.5774854836 1244.9340094015 1436.2397419109 494.7544987269 905.1031926594 400.2878102729 517.6034451120 317.7251209267 877.9347989149 649.2428510156 524.8362509867 757.4090549156 271.8802531491 447.5427762389 271.8802531491 757.4090549156 524.8362509867 649.2428510156 877.9347989149 317.7251209267 517.6034451120 400.2878102729 905.1031926594 494.7544987269 1436.2397419109 1244.9340094015 764.5774854836 1322.4549598930 527.0630042335 868.7281175366 556.0702846715 556.8606029310 779.9492262483 568.3466014999 325.6943142162 522.9655603231 1447.7572942469 1506.2558756707 533.1208896697 918.7227986220 970.1686800447 890.4874565854 1417.5763226364 1610.0632377580 893.4223482505
2119.0035898768 1495.6463808880 551.0016575271 572.6518427836 715.1148054953 504.9334246392 1485.5264000749 1478.5903390718 578.9245833160 272.1835451936 514.5062471063 656.5872652179 361.6830251428 1089.7166812554 1592.1597518328 716.6664007991 783.5818869006 520.1192050068 1067.6434674991 1076.4622104941 522.1493008387 883.2988771384 441.7907919584 1092.3163188464 830.1849074901 165.9709699556 148.1394414820 431.2127771745 274.3578892097 278.1461722240 227.8926052804 619.6640107140 1004.3280879035 619.6640107140 227.8926052804 278.1461722240 274.3578892097 431.2127771745 148.1394414820 165.9709699556 830.1849074901 1092.3163188464 441.7907919584 883.2988771384 522.1493008387 1076.4622104941 1067.6434674991 520.1192050068 783.5818869006 716.6664007991 1592.1597518328 1089.7166812554 361.6830251428 656.5872652179 514.5062471063 272.1835451936 578.9245833160 1478.5903390718 1485.5264000749 504.9334246392 715.1148054953 572.6518427836 551.0016575271 1495.6463808880
1650.6513378841 1233.7549910117 846.5418703464 1536.8673060273 2163.7757839175 1505.7289732909 461.5799950795 1053.5340344234 1254.9156461122 1214.0364871342 661.8519883625 910.1078511176 1474.0252013343 660.3433215184 1048.0459994190 859.8454517617 751.1808487586 1114.3801870373 409.7074756063 684.3652727603 521.0125104988 91.0556344914 69.4733218875 192.6018999865 111.4476013338 148.5235778241 288.9294541804 383.0256257853 338.3899284163 121.3458131388 249.2503217287 288.1742974247 241.2376155599 288.1742974247 249.2503217287 121.3458131388 338.3899284163 383.0256257853 288.9294541804 148.5235778241 111.4476013338 192.6018999865 69.4733218875 91.0556344914 521.0125104988 684.3652727603 409.7074756063 1114.3801870373 751.1808487586 859.8454517617 1048.0459994190 660.3433215184 1474.0252013343 910.1078511176 661.8519883625 1214.0364871342 1254.9156461122 1053.5340344234 461.5799950795 1505.7289732909 2163.7757839175 1536.8673060273 846.5418703464 1233.7549910117
1425.3456794556 1665.9849410555 1666.4109444349 795.6987152159 632.1915824850 1049.9636087714 1080.2773428027 1104.6532240912 647.9292928363 861.0916783218 1413.9492323445 634.4994967221 1401.5126724660 1495.7533897034 466.4312669154 562.6300202499 311.5631075169 898.9483055223 922.2529497134 327.0985638430 511.6323383531 505.2718637346 355.6767997019 896.6903743500 759.4944421073 191.8635729780 132.1419537382 574.7208052608 531.4742743787 353.4352570846 467.4361558118 622.5845661519 1182.3326073441 622.5845661519 467.4361558118 353.4352570846 531.4742743787 574.7208052608 132.1419537382 191.8635729780 759.4944421073 896.6903743500 355.6767997019 505.2718637346 511.6323383531 327.0985638430 922.2529497134 898.9483055223 311.5631075169 562.6300202499 466.4312669154 1495.7533897034 1401.5126724660 634.4994967221 1413.9492323445 861.0916783218 647.9292928363 1104.6532240912 1080.2773428027 1049.9636087714 632.1915824850 795.6987152159 1666.4109444349 1665.9849410555
1356.1145729534 1641.7374717528 2032.6196683303 2031.3306725635 1793.6282592700 1356.7187619045 543.7070211726 1668.8135379039 2248.4944014290 1108.8520991664 1115.1351618361 1464.2241019768 541.6666361392 822.6306549284 695.9810228492 427.3384795929 895.5396312073 554.7641963521 510.7281208668 734.1657551425 300.1626113923 612.3306901603 349.3333275589 961.0973965825 668.0117056705 777.7692934530 916.1256878884 353.2569812336 470.4300394502 655.6382769894 879.3181551821 737.5590737553 1510.1505466234 737.5590737553 879.3181551821 655.6382769894 470.4300394502 353.2569812336 916.1256878884 777.7692934530 668.0117056705 961.0973965825 349.3333275589 612.3306901603 300.1626113923 734.1657551425 510.7281208668 554.7641963521 895.5396312073 427.3384795929 695.9810228492 822.6306549284 541.6666361392 1464.2241019768 1115.1351618361 1108.8520991664 2248.4944014290 1668.8135379039 543.7070211726 1356.7187619045 1793.6282592700 2031.3306725635 2032.6196683303 1641.7374717528
2218.3940506260 2015.7732916757 1488.9008145709 688.8723750080 858.7951001297 1955.8922858594 1979.0653121847 784.5036993514 1186.1848132539 1480.3605779108 599.5389848305 1072.9359887505 1416.2211500356 678.7827629740 550.2483033255 492.9465157207 913.1564323299 1455.7345454909 657.0883923038 818.4743898521 584.3516037967 718.7822298484 680.6184219444 393.2917627812 361.5684824512 1172.0718466898 1291.1501856253 493.6749872655 801.8640450859 587.5176457278 1160.4554993979 481.1531367767 666.9825718274 481.1531367767 1160.4554993979 587.5176457278 801.8640450859 493.6749872655 1291.1501856253 1172.0718466898 361.5684824512 393.2917627812 680.6184219444 718.7822298484 584.3516037967 818.4743898521 657.0883923038 1455.7345454909 913.1564323299 492.9465157207 550.2483033255 678.7827629740 1416.2211500356 1072.9359887505 599.5389848305 1480.3605779108 1186.1848132539 784.5036993514 1979.0653121847 1955.8922858594 858.7951001297 688.8723750080 1488.9008145709 2015.7732916757
2046.0611630253 2263.3880377288 2726.3009729485 2915.7662643358 2286.3086531915 898.7607368038 1247.4745092046 2099.5051669922 1564.1744265484 612.8344085356 1479.7454659097 1015.2904652206 880.1156547347 1228.9988473862 622.0574858181 1430.6096465407 753.2956885501 1073.4236248530 869.7811252252 799.9800011760 883.7672819214 663.9971976919 977.4335941048 380.8593877138 589.5960053692 431.2485295553 628.0736217208 705.6031259293 1248.1105524469 512.5663986147 838.2386162361 497.4155554043 160.6122078587 497.4155554043 838.2386162361 512.5663986147 1248.1105524469 705.6031259293 628.0736217208 431.2485295553 589.5960053692 380.8593877138 977.4335941048 663.9971976919 883.7672819214 799.9800011760 869.7811252252 1073.4236248530 753.2956885501 1430.6096465407 622.0574858181 1228.9988473862 880.1156547347 1015.2904652206 1479.7454659097 612.8344085356 1564.1744265484 2099.5051669922 1247.4745092046 898.7607368038 2286.3086531915 2915.7662643358 2726.3009729485 2263.3880377288
3040.8439379639 2663.6089325832 1621.4381126712 566.6756491159 1816.4040103554 2670.9760885686 1910.7388027799 993.1368126681 2379.6444754860 1661.8544083209 1365.5745030101 2250.8756591871 944.1174146175 1273.0659435176 782.7042949084 1551.7635158484 1581.8732920008 532.8868399626 767.1368050890 599.6188326895 964.4569172603 447.5598227438 816.2037445183 496.0274088249 1167.8334724335 696.9269520493 166.6826001346 340.7842296925 795.2262254106 430.9047589801 235.7690811479 215.4624772331 496.2813126546 215.4624772331 235.7690811479 430.9047589801 795.2262254106 340.7842296925 166.6826001346 696.9269520493 1167.8334724335 496.0274088249 816.2037445183 447.5598227438 964.4569172603 599.6188326895 767.1368050890 532.8868399626 1581.8732920008 1551.7635158484 782.7042949084 1273.0659435176 944.1174146175 2250.8756591871 1365.5745030101 1661.8544083209 2379.6444754860 993.1368126681 1910.7388027799 2670.9760885686 1816.4040103554 566.6756491159 1621.4381126712 2663.6089325832
3299.6156170879 3489.5950715406 3914.2399883718 3904.8061081754 2520.3927296861 1159.6776131991 2928.9209502495 2382.9400020968 1058.5724946886 2100.9413873943 962.3543185550 1635.0532869705 1250.4332866416 1180.7893014327 1495.5682893830 626.4168139432 1149.0010378125 476.6853012404 887.1316819832 413.2739399200 719.3309050990 365.4865577323 589.1701991495 333.2293811307 811.5106129677 565.7350347673 551.0956223270 734.3053330968 320.6221108580 77.0325064091 64.7766365059 368.9961836936 614.9895868454 368.9961836936 64.7766365059 77.0325064091 320.6221108580 734.3053330968 551.0956223270 565.7350347673 811.5106129677 333.2293811307 589.1701991495 365.4865577323 719.3309050990 413.2739399200 887.1316819832 476.6853012404 1149.0010378125 626.4168139432 1495.5682893830 1180.7893014327 1250.4332866416 1635.0532869705 962.3543185550 2100.9413873943 1058.5724946886 2382.9400020968 2928.9209502495 1159.6776131991 2520.3927296861 3904.8061081754 3914.2399883718 3489.5950715406
4191.9937739675 3676.1221062389 1946.3322296987 1767.8305072940 3918.7321076146 3324.5440208545 1242.9089014003 2923.2400849969 2013.2150297853 1378.8331912331 1981.8018137137 688.6232523485 1079.4826662429 589.3705455350 1473.5283664873 992.9461782923 371.5229254669 306.2034687381 822.9533451167 675.8054660156 404.5058992915 457.5262879952 404.8072865864 594.6891973275 194.9975131706 88.9101055529 544.3140725069 824.8830020186 564.2889101866 187.0268804511 50.8020839573 54.0867356226 51.5040680495 54.0867356226 50.8020839573 187.0268804511 564.2889101866 824.8830020186 544.3140725069 88.9101055529 194.9975131706 594.6891973275 404.8072865864 457.5262879952 404.5058992915 675.8054660156 822.9533451167 306.2034687381 371.5229254669 992.9461782923 1473.5283664873 589.3705455350 1079.4826662429 688.6232523485 1981.8018137137 1378.8331912331 2013.2150297853 2923.2400849969 1242.9089014003 3324.5440208545 3918.7321076146 1767.8305072940 1946.3322296987 3676.1221062389
5333.8573768980 6052.4402663828 6819.6214764693 5214.5755083159 1717.9099909777 3670.6400215642 3342.7333422478 1341.9132407460 2672.2946640004 1218.4142918186 1978.7376117484 1496.8395503179 1200.6073712255 1478.3334879543 586.1969160673 971.8961884963 408.7385879947 732.0701842181 342.6708683343 664.7241736679 310.6393394659 663.5118427702 338.5033817420 652.6895564685 567.7164505735 226.4620208270 384.1637883179 196.1480519577 170.5453045479 335.0753214156 218.1890727313 407.4557559684 680.1123526193 407.4557559684 218.1890727313 335.0753214156 170.5453045479 196.1480519577 384.1637883179 226.4620208270 567.7164505735 652.6895564685 338.5033817420 663.5118427702 310.6393394659 664.7241736679 342.6708683343 732.0701842181 408.7385879947 971.8961884963 586.1969160673 1478.3334879543 1200.6073712255 1496.8395503179 1978.7376117484 1218.4142918186 2672.2946640004 1341.9132407460 3342.7333422478 3670.6400215642 1717.9099909777 5214.5755083159 6819.6214764693 6052.4402663828
7671.5724714347 5728.0226112323 2014.3806701536 5440.6558675778 5714.5725453148 1989.2774398747 3933.9403638814 2710.1537002462 2001.2808486595 2339.0761487309 1164.0905149424 1819.4651993593 1050.5831155006 2163.5877995642 1003.3163690733 895.7582460622 542.4182283040 1352.6237374334 885.4081377928 676.1168833705 559.6225296102 736.6288988917 750.4468443160 385.6011627767 487.2901256570 559.6632184139 1006.9004091983 626.4813286816 237.3857434857 473.5335887045 505.6346700204 264.7344519075 563.1322231501 264.7344519075 505.6346700204 473.5335887045 237.3857434857 626.4813286816 1006.9004091983 559.6632184139 487.2901256570 385.6011627767 750.4468443160 736.6288988917 559.6225296102 676.1168833705 885.4081377928 1352.6237374334 542.4182283040 895.7582460622 1003.3163690733 2163.5877995642 1050.5831155006 1819.4651993593 1164.0905149424 2339.0761487309 2001.2808486595 2710.1537002462 3933.9403638814 1989.2774398747 5714.5725453148 5440.6558675778 2014.3806701536 5728.0226112323
12628.9728246084 13518.5781471838 11912.4256238150 4715.0976466061 5558.2238792646 5322.5976269155 2369.7973753665 3930.6336434214 1551.8106916529 2910.9428539386 1299.4569177574 2044.5822379463 1102.2116608787 1524.9641446243 900.9504985019 1437.7379718967 976.3903865318 1240.3423205102 1065.6769205160 934.3291982216 1067.9515779715 611.3641221301 901.3336711345 379.1409512517 589.3378450224 392.6270232756 608.3329466473 452.2581367657 862.6391794546 357.2942490309 561.1796431972 301.0124322494 203.2093092714 301.0124322494 561.1796431972 357.2942490309 862.6391794546 452.2581367657 608.3329466473 392.6270232756 589.3378450224 379.1409512517 901.3336711345 611.3641221301 1067.9515779715 934.3291982216 1065.6769205160 1240.3423205102 976.3903865318 1437.7379718967 900.9504985019 1524.9641446243 1102.2116608787 2044.5822379463 1299.4569177574 2910.9428539386 1551.8106916529 3930.6336434214 2369.7973753665 5322.5976269155 5558.2238792646 4715.0976466061 11912.4256238150 13518.5781471838
18987.2969990762 10153.1782173579 10188.4364118533 12011.8123411127 3925.4985378097 6817.1102785291 3048.2020529252 3951.4259905175 2252.5298966085 2788.9568900022 1880.1362402575 2134.5147470600 1824.6416929545 980.9920200406 818.4891852523 1668.2496920011 1477.5429523323 860.1814831561 933.2262904484 1014.1730232771 1240.6732915397 558.1819715079 834.5474164666 538.6875024265 878.9775618330 306.9778573246 341.3047794439 1011.0723412459 1524.5508874277 630.5558150674 617.9813631332 326.4943252538 395.2245258503 326.4943252538 617.9813631332 630.5558150674 1524.5508874277 1011.0723412459 341.3047794439 306.9778573246 878.9775618330 538.6875024265 834.5474164666 558.1819715079 1240.6732915397 1014.1730232771 933.2262904484 860.1814831561 1477.5429523323 1668.2496920011 818.4891852523 980.9920200406 1824.6416929545 2134.5147470600 1880.1362402575 2788.9568900022 2252.5298966085 3951.4259905175 3048.2020529252 6817.1102785291 3925.4985378097 12011.8123411127 10188.4364118533 10153.1782173579
74715.6596437158 53423.1630428234 14699.9454093824 13578.8928949720 7261.4963341755 6249.0189603018 4429.6285697925 3712.3500259047 3028.3973260587 2474.4899036048 2274.7524308301 1829.9353123176 1806.5357796397 1409.9137860844 1565.4037333651 1038.0865115256 1244.3204443399 814.3795814928 1031.9700323250 706.0931423121 878.0226647740 686.9022251302 883.0637563084 663.0427429409 929.9020287239 566.2178056152 923.4049641410 472.5693265511 815.0354594737 499.7740531946 944.5206283641 488.9442320416 1049.7192509395 488.9442320416 944.5206283641 499.7740531946 815.0354594737 472.5693265511 923.4049641410 566.2178056152 929.9020287239 663.0427429409 883.0637563084 686.9022251302 878.0226647740 706.0931423121 1031.9700323250 814.3795814928 1244.3204443399 1038.0865115256 1565.4037333651 1409.9137860844 1806.5357796397 1829.9353123176 2274.7524308301 2474.4899036048 3028.3973260587 3712.3500259047 4429.6285697925 6249.0189603018 7261.4963341755 13578.8928949720 14699.9454093824 53423.1630428234
