103228.0000000000 74715.6596437158 18987.2969990762 12628.9728246084 7671.5724714347 5333.8573768980 4191.9937739675 3299.6156170879 3040.8439379639 2046.0611630253 2218.3940506260 1356.1145729534 1425.3456794556 1650.6513378841 2119.0035898768 256.0668000357 906.0000000000 740.7787922480 1121.7758993555 300.9165558586 564.4038193074 742.8867405705 889.3909267492 540.9471539925 843.1560620361 670.3188460031 1430.5949955647 405.1779248890 178.6780298024 781.3919522291 1153.5497647841 320.1502529264 1424.0000000000 320.1502529264 1153.5497647841 781.3919522291 178.6780298024 405.1779248890 1430.5949955647 670.3188460031 843.1560620361 540.9471539925 889.3909267492 742.8867405705 564.4038193074 300.9165558586 1121.7758993555 740.7787922480 906.0000000000 256.0668000357 2119.0035898768 1650.6513378841 1425.3456794556 1356.1145729534 2218.3940506260 2046.0611630253 3040.8439379639 3299.6156170879 4191.9937739675 5333.8573768980 7671.5724714347 12628.9728246084 18987.2969990762 74715.6596437158
76488.6811432183 53423.1630428234 10153.1782173579 13518.5781471838 5728.0226112323 6052.4402663828 3676.1221062389 3489.5950715406 2663.6089325832 2263.3880377288 2015.7732916757 1641.7374717528 1665.9849410555 1233.7549910117 1495.6463808880 893.4223482505 1200.2035771257 631.4132978431 971.3407624194 572.6555601272 855.2318382685 555.5779839732 831.2235837769 519.8073475314 915.6493122597 392.1701815545 940.2416123735 393.8647340393 878.2970792408 374.8022261386 937.2441905134 177.2481540144 1079.3677037121 177.2481540144 937.2441905134 374.8022261386 878.2970792408 393.8647340393 940.2416123735 392.1701815545 915.6493122597 519.8073475314 831.2235837769 555.5779839732 855.2318382685 572.6555601272 971.3407624194 631.4132978431 1200.2035771257 893.4223482505 1495.6463808880 1233.7549910117 1665.9849410555 1641.7374717528 2015.7732916757 2263.3880377288 2663.6089325832 3489.5950715406 3676.1221062389 6052.4402663828 5728.0226112323 13518.5781471838 10153.1782173579 53423.1630428234
24919.5574508137 14699.9454093824 10188.4364118533 11912.4256238150 2014.3806701536 6819.6214764693 1946.3322296987 3914.2399883718 1621.4381126712 2726.3009729485 1488.9008145709 2032.6196683303 1666.4109444349 846.5418703464 551.0016575271 1610.0632377580 1368.9938461733 706.6409526095 841.3342195134 896.0019103172 1202.8760751509 308.7748805072 813.7265324837 367.8329751673 871.9421318699 32.9935768042 278.7341622396 920.5648500607 1519.7642292989 424.9762015411 614.1938976139 193.5619184135 429.6180480861 193.5619184135 614.1938976139 424.9762015411 1519.7642292989 920.5648500607 278.7341622396 32.9935768042 871.9421318699 367.8329751673 813.7265324837 308.7748805072 1202.8760751509 896.0019103172 841.3342195134 706.6409526095 1368.9938461733 1610.0632377580 551.0016575271 846.5418703464 1666.4109444349 2032.6196683303 1488.9008145709 2726.3009729485 1621.4381126712 3914.2399883718 1946.3322296987 6819.6214764693 2014.3806701536 11912.4256238150 10188.4364118533 14699.9454093824
13097.0700769228 13578.8928949720 12011.8123411127 4715.0976466061 5440.6558675778 5214.5755083159 1767.8305072940 3904.8061081754 566.6756491159 2915.7662643358 688.8723750080 2031.3306725635 795.6987152159 1536.8673060273 572.6518427836 1417.5763226364 798.7864799346 1192.6079240121 955.2904741151 825.7919474188 1026.5476932747 444.9853329999 888.3352613444 154.7296755005 580.4503297647 290.2983178422 630.6879557362 462.1834105758 941.1263789171 257.4707069437 561.0349934930 231.4650416845 205.5243024151 231.4650416845 561.0349934930 257.4707069437 941.1263789171 462.1834105758 630.6879557362 290.2983178422 580.4503297647 154.7296755005 888.3352613444 444.9853329999 1026.5476932747 825.7919474188 955.2904741151 1192.6079240121 798.7864799346 1417.5763226364 572.6518427836 1536.8673060273 795.6987152159 2031.3306725635 688.8723750080 2915.7662643358 566.6756491159 3904.8061081754 1767.8305072940 5214.5755083159 5440.6558675778 4715.0976466061 12011.8123411127 13578.8928949720
8949.5308532605 7261.4963341755 3925.4985378097 5558.2238792646 5714.5725453148 1717.9099909777 3918.7321076146 2520.3927296861 1816.4040103554 2286.3086531915 858.7951001297 1793.6282592700 632.1915824850 2163.7757839175 715.1148054953 890.4874565854 140.5464320215 1344.3280318098 774.5649541571 625.9490847151 489.8713788362 689.0201136031 722.4487231247 296.3974028480 456.2264948263 463.2914055629 1006.1328643156 607.6859661212 314.8338382046 474.6428657850 497.5818489161 184.8209174048 577.0826267969 184.8209174048 497.5818489161 474.6428657850 314.8338382046 607.6859661212 1006.1328643156 463.2914055629 456.2264948263 296.3974028480 722.4487231247 689.0201136031 489.8713788362 625.9490847151 774.5649541571 1344.3280318098 140.5464320215 890.4874565854 715.1148054953 2163.7757839175 632.1915824850 1793.6282592700 858.7951001297 2286.3086531915 1816.4040103554 2520.3927296861 3918.7321076146 1717.9099909777 5714.5725453148 5558.2238792646 3925.4985378097 7261.4963341755
5762.5385611942 6249.0189603018 6817.1102785291 5322.5976269155 1989.2774398747 3670.6400215642 3324.5440208545 1159.6776131991 2670.9760885686 898.7607368038 1955.8922858594 1356.7187619045 1049.9636087714 1505.7289732909 504.9334246392 970.1686800447 86.6113726263 771.9549814998 310.0819625092 667.3472708101 116.1225099541 663.3982536887 257.1844426176 643.9931825650 540.4488209370 186.0675800681 503.3388089946 375.0519313602 267.5713942390 368.7262241112 205.2550345695 370.6875358761 687.4558570067 370.6875358761 205.2550345695 368.7262241112 267.5713942390 375.0519313602 503.3388089946 186.0675800681 540.4488209370 643.9931825650 257.1844426176 663.3982536887 116.1225099541 667.3472708101 310.0819625092 771.9549814998 86.6113726263 970.1686800447 504.9334246392 1505.7289732909 1049.9636087714 1356.7187619045 1955.8922858594 898.7607368038 2670.9760885686 1159.6776131991 3324.5440208545 3670.6400215642 1989.2774398747 5322.5976269155 6817.1102785291 6249.0189603018
4839.3249647035 4429.6285697925 3048.2020529252 2369.7973753665 3933.9403638814 3342.7333422478 1242.9089014003 2928.9209502495 1910.7388027799 1247.4745092046 1979.0653121847 543.7070211726 1080.2773428027 461.5799950795 1485.5264000749 918.7227986220 360.2073200866 151.6222049957 815.5286006192 626.7174571560 353.7177280269 433.8864066867 356.4739239602 601.7569962049 285.1397373465 74.4439053377 540.2124721308 848.7500922798 560.5319987056 191.9786300635 54.0163729100 170.7162695513 276.0421761055 170.7162695513 54.0163729100 191.9786300635 560.5319987056 848.7500922798 540.2124721308 74.4439053377 285.1397373465 601.7569962049 356.4739239602 433.8864066867 353.7177280269 626.7174571560 815.5286006192 151.6222049957 360.2073200866 918.7227986220 1485.5264000749 461.5799950795 1080.2773428027 543.7070211726 1979.0653121847 1247.4745092046 1910.7388027799 2928.9209502495 1242.9089014003 3342.7333422478 3933.9403638814 2369.7973753665 3048.2020529252 4429.6285697925
3632.2924996155 3712.3500259047 3951.4259905175 3930.6336434214 2710.1537002462 1341.9132407460 2923.2400849969 2382.9400020968 993.1368126681 2099.5051669922 784.5036993514 1668.8135379039 1104.6532240912 1053.5340344234 1478.5903390718 533.1208896697 1182.4812830192 50.9933217576 887.2452098857 246.2184547831 728.4130906733 195.4923455290 588.9014557529 180.4609582206 847.8598838111 516.8408609530 511.7113836063 768.6507736036 405.2987732677 152.6225058117 20.0056433906 344.1778811937 625.4226737330 344.1778811937 20.0056433906 152.6225058117 405.2987732677 768.6507736036 511.7113836063 516.8408609530 847.8598838111 180.4609582206 588.9014557529 195.4923455290 728.4130906733 246.2184547831 887.2452098857 50.9933217576 1182.4812830192 533.1208896697 1478.5903390718 1053.5340344234 1104.6532240912 1668.8135379039 784.5036993514 2099.5051669922 993.1368126681 2382.9400020968 2923.2400849969 1341.9132407460 2710.1537002462 3930.6336434214 3951.4259905175 3712.3500259047
3331.8479896552 3028.3973260587 2252.5298966085 1551.8106916529 2001.2808486595 2672.2946640004 2013.2150297853 1058.5724946886 2379.6444754860 1564.1744265484 1186.1848132539 2248.4944014290 647.9292928363 1254.9156461122 578.9245833160 1506.2558756707 1535.5497510414 262.2830428105 747.2364785096 458.9971299279 953.7433242905 199.4532528053 816.9795808655 209.7305045158 1167.6784577374 632.2356797501 151.5094333297 355.4932141957 854.0472589530 358.5556576786 276.4520312261 197.7354275960 515.0838883075 197.7354275960 276.4520312261 358.5556576786 854.0472589530 355.4932141957 151.5094333297 632.2356797501 1167.6784577374 209.7305045158 816.9795808655 199.4532528053 953.7433242905 458.9971299279 747.2364785096 262.2830428105 1535.5497510414 1506.2558756707 578.9245833160 1254.9156461122 647.9292928363 2248.4944014290 1186.1848132539 1564.1744265484 2379.6444754860 1058.5724946886 2013.2150297853 2672.2946640004 2001.2808486595 1551.8106916529 2252.5298966085 3028.3973260587
2345.5295038706 2474.4899036048 2788.9568900022 2910.9428539386 2339.0761487309 1218.4142918186 1378.8331912331 2100.9413873943 1661.8544083209 612.8344085356 1480.3605779108 1108.8520991664 861.0916783218 1214.0364871342 272.1835451936 1447.7572942469 702.0723000045 1076.0645482402 770.0812466248 713.0448878242 837.2657953144 531.7908271106 964.9151178035 100.0585647490 623.2521481986 476.5887292004 655.4348704403 562.4919406728 1245.7251370774 263.0009528231 855.3654672465 423.0499893339 160.0555123893 423.0499893339 855.3654672465 263.0009528231 1245.7251370774 562.4919406728 655.4348704403 476.5887292004 623.2521481986 100.0585647490 964.9151178035 531.7908271106 837.2657953144 713.0448878242 770.0812466248 1076.0645482402 702.0723000045 1447.7572942469 272.1835451936 1214.0364871342 861.0916783218 1108.8520991664 1480.3605779108 612.8344085356 1661.8544083209 2100.9413873943 1378.8331912331 1218.4142918186 2339.0761487309 2910.9428539386 2788.9568900022 2474.4899036048
2434.2348633909 2274.7524308301 1880.1362402575 1299.4569177574 1164.0905149424 1978.7376117484 1981.8018137137 962.3543185550 1365.5745030101 1479.7454659097 599.5389848305 1115.1351618361 1413.9492323445 661.8519883625 514.5062471063 522.9655603231 861.3221194088 1455.6490882177 494.7925382254 796.7224470255 490.3250368940 673.8090008054 658.2364987860 373.5661669419 161.5881878388 1123.4793479163 1262.4942212459 198.1156429473 812.1942233874 398.7284720692 1159.4781318367 284.4900672291 730.2019921936 284.4900672291 1159.4781318367 398.7284720692 812.1942233874 198.1156429473 1262.4942212459 1123.4793479163 161.5881878388 373.5661669419 658.2364987860 673.8090008054 490.3250368940 796.7224470255 494.7925382254 1455.6490882177 861.3221194088 522.9655603231 514.5062471063 661.8519883625 1413.9492323445 1115.1351618361 599.5389848305 1479.7454659097 1365.5745030101 962.3543185550 1981.8018137137 1978.7376117484 1164.0905149424 1299.4569177574 1880.1362402575 2274.7524308301
1598.8192859370 1829.9353123176 2134.5147470600 2044.5822379463 1819.4651993593 1496.8395503179 688.6232523485 1635.0532869705 2250.8756591871 1015.2904652206 1072.9359887505 1464.2241019768 634.4994967221 910.1078511176 656.5872652179 325.6943142162 915.9103568966 673.8435503725 528.3851196610 732.9541649539 168.2298333017 611.8818138576 169.7538587015 963.1834966315 589.6034635063 763.1356386699 935.0814990307 187.8676851010 439.3012235492 566.8535530061 865.9214815741 544.7588645663 1518.2534137818 544.7588645663 865.9214815741 566.8535530061 439.3012235492 187.8676851010 935.0814990307 763.1356386699 589.6034635063 963.1834966315 169.7538587015 611.8818138576 168.2298333017 732.9541649539 528.3851196610 673.8435503725 915.9103568966 325.6943142162 656.5872652179 910.1078511176 634.4994967221 1464.2241019768 1072.9359887505 1015.2904652206 2250.8756591871 1635.0532869705 688.6232523485 1496.8395503179 1819.4651993593 2044.5822379463 2134.5147470600 1829.9353123176
1592.2143797145 1806.5357796397 1824.6416929545 1102.2116608787 1050.5831155006 1200.6073712255 1079.4826662429 1250.4332866416 944.1174146175 880.1156547347 1416.2211500356 541.6666361392 1401.5126724660 1474.0252013343 361.6830251428 568.3466014999 297.3981516459 932.8639285650 910.9205536214 317.8962821336 507.4248845517 491.2426161240 229.0422668281 915.7194343564 747.7303343053 199.6121592387 242.7342562719 566.0617106044 501.6326535444 296.0763731766 450.4556090007 539.3767995170 1233.0067144559 539.3767995170 450.4556090007 296.0763731766 501.6326535444 566.0617106044 242.7342562719 199.6121592387 747.7303343053 915.7194343564 229.0422668281 491.2426161240 507.4248845517 317.8962821336 910.9205536214 932.8639285650 297.3981516459 568.3466014999 361.6830251428 1474.0252013343 1401.5126724660 541.6666361392 1416.2211500356 880.1156547347 944.1174146175 1250.4332866416 1079.4826662429 1200.6073712255 1050.5831155006 1102.2116608787 1824.6416929545 1806.5357796397
1841.3259665825 1409.9137860844 980.9920200406 1524.9641446243 2163.5877995642 1478.3334879543 589.3705455350 1180.7893014327 1273.0659435176 1228.9988473862 678.7827629740 822.6306549284 1495.7533897034 660.3433215184 1089.7166812554 779.9492262483 644.8023802573 1116.7086936814 417.7817318866 719.2214045992 514.1505966769 236.9159071794 97.0602995188 442.1262776609 349.4250212250 173.2183688076 296.7707824898 430.4751867541 360.1315449124 90.8146809572 253.5691274349 376.8274445748 504.4127661790 376.8274445748 253.5691274349 90.8146809572 360.1315449124 430.4751867541 296.7707824898 173.2183688076 349.4250212250 442.1262776609 97.0602995188 236.9159071794 514.1505966769 719.2214045992 417.7817318866 1116.7086936814 644.8023802573 779.9492262483 1089.7166812554 660.3433215184 1495.7533897034 822.6306549284 678.7827629740 1228.9988473862 1273.0659435176 1180.7893014327 589.3705455350 1478.3334879543 2163.5877995642 1524.9641446243 980.9920200406 1409.9137860844
2200.1823294190 1565.4037333652 818.4891852523 900.9504985019 1003.3163690733 586.1969160673 1473.5283664873 1495.5682893830 782.7042949084 622.0574858181 550.2483033255 695.9810228492 466.4312669154 1048.0459994190 1592.1597518328 556.8606029310 764.4233829192 423.6412089753 1061.3549208731 1034.5698444558 459.9360531623 927.6656623334 129.8618045941 1092.3238919011 794.9816948846 105.6697234126 136.4946933094 497.0530347207 287.9394781670 270.1386266232 245.3834276537 577.7162373211 1003.3293429105 577.7162373211 245.3834276537 270.1386266232 287.9394781670 497.0530347207 136.4946933094 105.6697234126 794.9816948846 1092.3238919011 129.8618045941 927.6656623334 459.9360531623 1034.5698444558 1061.3549208731 423.6412089753 764.4233829192 556.8606029310 1592.1597518328 1048.0459994190 466.4312669154 695.9810228492 550.2483033255 622.0574858181 782.7042949084 1495.5682893830 1473.5283664873 586.1969160673 1003.3163690733 900.9504985019 818.4891852523 1565.4037333651
747.5363045855 1038.0865115256 1668.2496920011 1437.7379718967 895.7582460622 971.8961884963 992.9461782923 626.4168139432 1551.7635158484 1430.6096465407 492.9465157207 427.3384795929 562.6300202499 859.8454517617 716.6664007991 556.0702846716 861.6533412110 232.5407195581 1322.5119165938 598.6055892012 1183.2542159835 1410.9441867073 32.8171777063 922.8772664961 406.9361689319 601.5809007673 132.5158528450 868.2111646340 583.9776990404 446.8412915386 762.7185550130 233.8951880742 520.6597798226 233.8951880742 762.7185550130 446.8412915386 583.9776990404 868.2111646340 132.5158528450 601.5809007673 406.9361689319 922.8772664961 32.8171777063 1410.9441867073 1183.2542159835 598.6055892012 1322.5119165938 232.5407195581 861.6533412110 556.0702846716 716.6664007991 859.8454517617 562.6300202499 427.3384795929 492.9465157207 1430.6096465407 1551.7635158484 626.4168139432 992.9461782923 971.8961884963 895.7582460622 1437.7379718967 1668.2496920011 1038.0865115256
936.0555539069 1244.3204443399 1477.5429523323 976.3903865318 542.4182283040 408.7385879947 371.5229254669 1149.0010378125 1581.8732920008 753.2956885501 913.1564323299 895.5396312073 311.5631075169 751.1808487586 783.5818869006 868.7281175366 672.0029761839 173.5455260560 690.0124969323 167.6644722435 1006.9064165324 754.4334982240 446.5191211821 362.8804865731 824.5877079211 1282.1745260292 394.7672891746 602.2975556939 448.6896076173 382.6218854523 732.9478237741 393.1056446041 139.2838827718 393.1056446041 732.9478237741 382.6218854523 448.6896076173 602.2975556939 394.7672891746 1282.1745260292 824.5877079211 362.8804865731 446.5191211821 754.4334982240 1006.9064165324 167.6644722435 690.0124969323 173.5455260560 672.0029761839 868.7281175366 783.5818869006 751.1808487586 311.5631075169 895.5396312073 913.1564323299 753.2956885501 1581.8732920008 1149.0010378125 371.5229254669 408.7385879947 542.4182283040 976.3903865318 1477.5429523323 1244.3204443399
897.1573817796 814.3795814928 860.1814831561 1240.3423205102 1352.6237374334 732.0701842181 306.2034687381 476.6853012404 532.8868399626 1073.4236248530 1455.7345454909 554.7641963521 898.9483055223 1114.3801870373 520.1192050068 527.0630042335 319.4405865344 66.0192911358 276.6296106659 289.0578325644 300.0448733536 804.7933307424 939.3419459308 127.4611421289 802.5436333566 829.5599783020 260.2611918419 183.0993440246 180.8329481475 116.0511104662 357.2381394337 250.7737708573 103.9224983046 250.7737708573 357.2381394337 116.0511104662 180.8329481475 183.0993440246 260.2611918419 829.5599783020 802.5436333566 127.4611421289 939.3419459308 804.7933307424 300.0448733536 289.0578325644 276.6296106659 66.0192911358 319.4405865344 527.0630042335 520.1192050068 1114.3801870373 898.9483055223 554.7641963521 1455.7345454909 1073.4236248530 532.8868399626 476.6853012404 306.2034687381 732.0701842181 1352.6237374334 1240.3423205102 860.1814831561 814.3795814928
1176.8694124001 1031.9700323250 933.2262904484 1065.6769205160 885.4081377928 342.6708683343 822.9533451167 887.1316819832 767.1368050890 869.7811252252 657.0883923038 510.7281208668 922.2529497134 409.7074756063 1067.6434674991 1322.4549598930 626.7446751635 199.5275897299 516.8269449618 220.0531633548 499.9382840917 964.6319490933 609.5343755089 268.8956231497 198.8136229168 885.4023384136 830.0185486778 230.6147791295 666.6850873735 185.7889333068 890.0376516406 462.9877632027 179.0699699590 462.9877632027 890.0376516406 185.7889333068 666.6850873735 230.6147791295 830.0185486778 885.4023384136 198.8136229168 268.8956231497 609.5343755089 964.6319490933 499.9382840917 220.0531633548 516.8269449618 199.5275897299 626.7446751635 1322.4549598930 1067.6434674991 409.7074756063 922.2529497134 510.7281208668 657.0883923038 869.7811252252 767.1368050890 887.1316819832 822.9533451167 342.6708683343 885.4081377928 1065.6769205160 933.2262904484 1031.9700323250
513.3424906927 706.0931423121 1014.1730232771 934.3291982216 676.1168833705 664.7241736679 675.8054660156 413.2739399200 599.6188326895 799.9800011760 818.4743898521 734.1657551425 327.0985638430 684.3652727603 1076.4622104941 764.5774854836 361.6799039208 290.2058045900 285.7884811870 107.3969983626 202.5832858686 306.0583103741 662.2722389351 884.1667506788 155.0926692544 1398.5645879906 1046.7515619568 611.1317060694 1114.6021301378 118.7089389691 869.5326840457 263.1256390949 1001.9987525815 263.1256390949 869.5326840457 118.7089389691 1114.6021301378 611.1317060694 1046.7515619568 1398.5645879906 155.0926692544 884.1667506788 662.2722389351 306.0583103741 202.5832858686 107.3969983626 285.7884811870 290.2058045900 361.6799039208 764.5774854836 1076.4622104941 684.3652727603 327.0985638430 734.1657551425 818.4743898521 799.9800011760 599.6188326895 413.2739399200 675.8054660156 664.7241736679 676.1168833705 934.3291982216 1014.1730232771 706.0931423121
608.1575405873 878.0226647740 1240.6732915397 1067.9515779715 559.6225296102 310.6393394659 404.5058992915 719.3309050990 964.4569172603 883.7672819214 584.3516037967 300.1626113923 511.6323383531 521.0125104988 522.1493008387 1244.9340094015 982.3053489716 195.2701555453 552.2317200282 94.4973497427 337.1264864366 415.9888356043 722.5136357509 948.4573955043 374.0575741028 709.3293511352 466.4382297062 791.1058287223 969.1131230644 296.0396520233 726.3922775954 589.4653326279 1578.7927810049 589.4653326279 726.3922775954 296.0396520233 969.1131230644 791.1058287223 466.4382297062 709.3293511352 374.0575741028 948.4573955043 722.5136357509 415.9888356043 337.1264864366 94.4973497427 552.2317200282 195.2701555453 982.3053489716 1244.9340094015 522.1493008387 521.0125104988 511.6323383531 300.1626113923 584.3516037967 883.7672819214 964.4569172603 719.3309050990 404.5058992915 310.6393394659 559.6225296102 1067.9515779715 1240.6732915397 878.0226647740
840.4484417694 686.9022251302 558.1819715079 611.3641221301 736.6288988917 663.5118427702 457.5262879952 365.4865577323 447.5598227438 663.9971976919 718.7822298484 612.3306901603 505.2718637346 91.0556344914 883.2988771384 1436.2397419109 689.8621713064 766.1457572074 947.5187502469 120.5561911026 408.0916689003 405.3727979237 872.5266056295 378.2681526122 574.2400205530 401.7640477060 91.9057399825 411.6156507262 323.8227120884 592.0461017500 812.3921316420 287.5434065171 987.0770593798 287.5434065171 812.3921316420 592.0461017500 323.8227120884 411.6156507262 91.9057399825 401.7640477060 574.2400205530 378.2681526122 872.5266056295 405.3727979237 408.0916689003 120.5561911026 947.5187502469 766.1457572074 689.8621713064 1436.2397419109 883.2988771384 91.0556344914 505.2718637346 612.3306901603 718.7822298484 663.9971976919 447.5598227438 365.4865577323 457.5262879952 663.5118427702 736.6288988917 611.3641221301 558.1819715079 686.9022251302
958.8541837055 883.0637563084 834.5474164666 901.3336711345 750.4468443160 338.5033817420 404.8072865864 589.1701991495 816.2037445183 977.4335941048 680.6184219444 349.3333275589 355.6767997019 69.4733218875 441.7907919584 494.7544987269 454.2620886783 942.7956165330 576.0791143008 635.5247737539 685.5965812748 718.6795263286 1654.2803920510 825.0641541116 472.9354437073 543.2235186409 256.5850680539 469.3688506391 184.0855837701 354.7634679753 520.1166002132 365.0515209524 328.2963428129 365.0515209524 520.1166002132 354.7634679753 184.0855837701 469.3688506391 256.5850680539 543.2235186409 472.9354437073 825.0641541116 1654.2803920510 718.6795263286 685.5965812748 635.5247737539 576.0791143008 942.7956165330 454.2620886783 494.7544987269 441.7907919584 69.4733218875 355.6767997019 349.3333275589 680.6184219444 977.4335941048 816.2037445183 589.1701991495 404.8072865864 338.5033817420 750.4468443160 901.3336711345 834.5474164666 883.0637563084
677.1844658620 663.0427429409 538.6875024265 379.1409512517 385.6011627767 652.6895564685 594.6891973275 333.2293811307 496.0274088249 380.8593877138 393.2917627812 961.0973965825 896.6903743500 192.6018999865 1092.3163188464 905.1031926594 425.7915350712 369.2960972467 238.0332252266 871.6622821031 933.7509698413 293.1289939156 942.4123255059 433.2119501246 539.8048571615 276.3251860673 658.9132694732 713.1136153972 235.6102598358 794.5037436722 490.5698952117 265.6709662316 536.8422774688 265.6709662316 490.5698952117 794.5037436722 235.6102598358 713.1136153972 658.9132694732 276.3251860673 539.8048571615 433.2119501246 942.4123255059 293.1289939156 933.7509698413 871.6622821031 238.0332252266 369.2960972467 425.7915350712 905.1031926594 1092.3163188464 192.6018999865 896.6903743500 961.0973965825 393.2917627812 380.8593877138 496.0274088249 333.2293811307 594.6891973275 652.6895564685 385.6011627767 379.1409512517 538.6875024265 663.0427429408
869.7890398429 929.9020287239 878.9775618330 589.3378450224 487.2901256570 567.7164505735 194.9975131706 811.5106129677 1167.8334724335 589.5960053692 361.5684824512 668.0117056705 759.4944421073 111.4476013338 830.1849074901 400.2878102729 873.7041616454 795.4669454488 223.9927469693 486.4447124530 471.6083509350 576.9994121563 538.0837621934 551.2270384634 563.8937579800 57.7217335960 605.2481958269 413.1326491358 501.2919671140 1015.6516823867 687.7461764258 56.3130289904 264.1525847044 56.3130289904 687.7461764258 1015.6516823867 501.2919671140 413.1326491358 605.2481958269 57.7217335960 563.8937579800 551.2270384634 538.0837621934 576.9994121563 471.6083509350 486.4447124530 223.9927469693 795.4669454488 873.7041616454 400.2878102729 830.1849074901 111.4476013338 759.4944421073 668.0117056705 361.5684824512 589.5960053692 1167.8334724335 811.5106129677 194.9975131706 567.7164505735 487.2901256570 589.3378450224 878.9775618330 929.9020287239
854.9906110594 566.2178056152 306.9778573246 392.6270232756 559.6632184139 226.4620208270 88.9101055529 565.7350347673 696.9269520493 431.2485295553 1172.0718466898 777.7692934530 191.8635729780 148.5235778241 165.9709699556 517.6034451120 1283.2941926166 738.6252510611 803.7366744580 1414.1805667703 637.2726254389 377.9455080184 570.1562204268 373.4441336232 239.3140204529 86.5196883330 204.2113270107 173.3633623345 241.4126231804 431.8062476987 409.6199374920 72.1751947625 153.6088282893 72.1751947625 409.6199374920 431.8062476987 241.4126231804 173.3633623345 204.2113270107 86.5196883330 239.3140204529 373.4441336232 570.1562204268 377.9455080184 637.2726254389 1414.1805667703 803.7366744580 738.6252510611 1283.2941926166 517.6034451120 165.9709699556 148.5235778241 191.8635729780 777.7692934530 1172.0718466898 431.2485295553 696.9269520493 565.7350347673 88.9101055529 226.4620208270 559.6632184139 392.6270232756 306.9778573246 566.2178056152
1451.2141787377 923.4049641410 341.3047794439 608.3329466473 1006.9004091983 384.1637883179 544.3140725069 551.0956223270 166.6826001346 628.0736217208 1291.1501856253 916.1256878884 132.1419537382 288.9294541804 148.1394414820 317.7251209267 553.4696068162 193.3165333855 821.4906084430 1124.4951417317 502.2659544335 89.4501596280 278.1474716334 687.5176927705 600.8986187238 71.7769099881 452.8046166604 430.6791494828 263.9114035294 1040.1765749865 962.8783098132 89.7114877203 546.6769059423 89.7114877203 962.8783098132 1040.1765749865 263.9114035294 430.6791494828 452.8046166604 71.7769099881 600.8986187238 687.5176927705 278.1474716334 89.4501596280 502.2659544335 1124.4951417317 821.4906084430 193.3165333855 553.4696068162 317.7251209267 148.1394414820 288.9294541804 132.1419537382 916.1256878884 1291.1501856253 628.0736217208 166.6826001346 551.0956223270 544.3140725069 384.1637883179 1006.9004091983 608.3329466473 341.3047794439 923.4049641410
585.1200537779 472.5693265511 1011.0723412459 452.2581367657 626.4813286816 196.1480519577 824.8830020186 734.3053330968 340.7842296925 705.6031259293 493.6749872655 353.2569812336 574.7208052608 383.0256257853 431.2127771745 877.9347989149 602.5174696245 139.6494756022 377.9516871159 757.6774544009 851.8164349303 347.6031734392 427.1420742541 735.1109005184 441.0076825782 119.1061439089 442.8398491124 432.8796417933 164.5547890456 702.6558279548 594.0715725549 344.6399790006 859.2779412506 344.6399790006 594.0715725549 702.6558279548 164.5547890456 432.8796417933 442.8398491124 119.1061439089 441.0076825782 735.1109005184 427.1420742541 347.6031734392 851.8164349303 757.6774544009 377.9516871159 139.6494756022 602.5174696245 877.9347989149 431.2127771745 383.0256257853 574.7208052608 353.2569812336 493.6749872655 705.6031259293 340.7842296925 734.3053330968 824.8830020186 196.1480519577 626.4813286816 452.2581367657 1011.0723412459 472.5693265511
191.6645021770 815.0354594737 1524.5508874277 862.6391794546 237.3857434857 170.5453045479 564.2889101866 320.6221108580 795.2262254106 1248.1105524469 801.8640450859 470.4300394502 531.4742743787 338.3899284163 274.3578892097 649.2428510156 484.8888957538 53.6623618075 641.9359666810 1125.5233099006 983.0163316476 288.7845646209 192.8070494465 341.8108718107 571.7014496949 166.8401870993 386.1003962308 208.4095589518 462.3684519888 569.0643361166 311.7437856661 327.6558383610 492.5722673907 327.6558383610 311.7437856661 569.0643361166 462.3684519888 208.4095589518 386.1003962308 166.8401870993 571.7014496949 341.8108718107 192.8070494465 288.7845646209 983.0163316476 1125.5233099006 641.9359666810 53.6623618075 484.8888957538 649.2428510156 274.3578892097 338.3899284163 531.4742743787 470.4300394502 801.8640450859 1248.1105524469 795.2262254106 320.6221108580 564.2889101866 170.5453045479 237.3857434857 862.6391794546 1524.5508874277 815.0354594737
874.3868001095 499.7740531946 630.5558150674 357.2942490309 473.5335887045 335.0753214156 187.0268804511 77.0325064091 430.9047589801 512.5663986147 587.5176457278 655.6382769894 353.4352570846 121.3458131388 278.1461722240 524.8362509867 437.7286279990 53.8809447956 388.4732255940 471.1930463310 483.8657592586 641.3607656568 252.8405355572 744.9362851116 1004.6746217293 97.5335054257 1045.4024417563 631.7211465972 496.5201802662 826.8729611557 277.3389655374 453.1315027919 648.6160552700 453.1315027919 277.3389655374 826.8729611557 496.5201802662 631.7211465972 1045.4024417563 97.5335054257 1004.6746217293 744.9362851116 252.8405355572 641.3607656568 483.8657592586 471.1930463310 388.4732255940 53.8809447956 437.7286279990 524.8362509867 278.1461722240 121.3458131388 353.4352570846 655.6382769894 587.5176457278 512.5663986147 430.9047589801 77.0325064091 187.0268804511 335.0753214156 473.5335887045 357.2942490309 630.5558150674 499.7740531946
1189.8517288868 944.5206283641 617.9813631332 561.1796431972 505.6346700204 218.1890727313 50.8020839573 64.7766365059 235.7690811479 838.2386162361 1160.4554993979 879.3181551821 467.4361558118 249.2503217287 227.8926052804 757.4090549156 712.8843491293 164.4757746501 884.4410954723 868.7782786194 747.2953489375 826.0580163396 465.4021713739 466.5225580302 704.1321107135 206.1404247710 981.4389878918 555.8051760428 277.6826296804 333.0684668676 395.5850696387 630.3403797661 655.4327941786 630.3403797661 395.5850696387 333.0684668676 277.6826296804 555.8051760428 981.4389878918 206.1404247710 704.1321107135 466.5225580302 465.4021713739 826.0580163396 747.2953489375 868.7782786194 884.4410954723 164.4757746501 712.8843491293 757.4090549156 227.8926052804 249.2503217287 467.4361558118 879.3181551821 1160.4554993979 838.2386162361 235.7690811479 64.7766365059 50.8020839573 218.1890727313 505.6346700204 561.1796431972 617.9813631332 944.5206283641
655.4314088459 488.9442320416 326.4943252538 301.0124322494 264.7344519075 407.4557559684 54.0867356226 368.9961836936 215.4624772331 497.4155554043 481.1531367767 737.5590737553 622.5845661519 288.1742974247 619.6640107140 271.8802531491 413.3637699659 141.4463623560 516.0329523970 442.4094094147 786.2379895136 428.3361062888 365.4725887385 298.6573677308 176.1841998615 90.2876659242 313.5179657855 438.1340713023 296.6619869337 420.0152298965 620.1085645999 364.2802064166 921.6847764663 364.2802064166 620.1085645999 420.0152298965 296.6619869337 438.1340713023 313.5179657855 90.2876659242 176.1841998615 298.6573677308 365.4725887385 428.3361062888 786.2379895136 442.4094094147 516.0329523970 141.4463623560 413.3637699659 271.8802531491 619.6640107140 288.1742974247 622.5845661519 737.5590737553 481.1531367767 497.4155554043 215.4624772331 368.9961836936 54.0867356226 407.4557559684 264.7344519075 301.0124322494 326.4943252538 488.9442320416
1408.0000000000 1049.7192509395 395.2245258503 203.2093092714 563.1322231501 680.1123526193 51.5040680495 614.9895868454 496.2813126546 160.6122078587 666.9825718274 1510.1505466234 1182.3326073441 241.2376155599 1004.3280879035 447.5427762389 130.0000000000 49.5596855185 11.7654625942 942.0420996139 1578.7926432744 916.8724990226 194.4199465181 536.6391287599 236.2813126546 106.7560437632 524.0666933588 858.5875211703 394.0069725316 603.6249926107 597.3380994590 781.6346066204 1684.0000000000 781.6346066204 597.3380994590 603.6249926107 394.0069725316 858.5875211703 524.0666933588 106.7560437632 236.2813126546 536.6391287599 194.4199465181 916.8724990226 1578.7926432744 942.0420996139 11.7654625942 49.5596855185 130.0000000000 447.5427762389 1004.3280879035 241.2376155599 1182.3326073441 1510.1505466234 666.9825718274 160.6122078587 496.2813126546 614.9895868454 51.5040680495 680.1123526193 563.1322231501 203.2093092714 395.2245258503 1049.7192509395
655.4314088459 488.9442320416 326.4943252538 301.0124322494 264.7344519075 407.4557559684 54.0867356226 368.9961836936 215.4624772331 497.4155554043 481.1531367767 737.5590737553 622.5845661519 288.1742974247 619.6640107140 271.8802531491 413.3637699659 141.4463623560 516.0329523970 442.4094094147 786.2379895136 428.3361062888 365.4725887385 298.6573677308 176.1841998615 90.2876659242 313.5179657855 438.1340713023 296.6619869337 420.0152298965 620.1085645999 364.2802064166 921.6847764663 364.2802064166 620.1085645999 420.0152298965 296.6619869337 438.1340713023 313.5179657855 90.2876659242 176.1841998615 298.6573677308 365.4725887385 428.3361062888 786.2379895136 442.4094094147 516.0329523970 141.4463623560 413.3637699659 271.8802531491 619.6640107140 288.1742974247 622.5845661519 737.5590737553 481.1531367767 497.4155554043 215.4624772331 368.9961836936 54.0867356226 407.4557559684 264.7344519075 301.0124322494 326.4943252538 488.9442320416
1189.8517288868 944.5206283641 617.9813631332 561.1796431972 505.6346700204 218.1890727313 50.8020839573 64.7766365059 235.7690811479 838.2386162361 1160.4554993979 879.3181551821 467.4361558118 249.2503217287 227.8926052804 757.4090549156 712.8843491293 164.4757746501 884.4410954723 868.7782786194 747.2953489375 826.0580163396 465.4021713739 466.5225580302 704.1321107135 206.1404247710 981.4389878918 555.8051760428 277.6826296804 333.0684668676 395.5850696387 630.3403797661 655.4327941786 630.3403797661 395.5850696387 333.0684668676 277.6826296804 555.8051760428 981.4389878918 206.1404247710 704.1321107135 466.5225580302 465.4021713739 826.0580163396 747.2953489375 868.7782786194 884.4410954723 164.4757746501 712.8843491293 757.4090549156 227.8926052804 249.2503217287 467.4361558118 879.3181551821 1160.4554993979 838.2386162361 235.7690811479 64.7766365059 50.8020839573 218.1890727313 505.6346700204 561.1796431972 617.9813631332 944.5206283641
874.3868001095 499.7740531946 630.5558150674 357.2942490309 473.5335887045 335.0753214156 187.0268804511 77.0325064091 430.9047589801 512.5663986147 587.5176457278 655.6382769894 353.4352570846 121.3458131388 278.1461722240 524.8362509867 437.7286279990 53.8809447956 388.4732255940 471.1930463310 483.8657592586 641.3607656568 252.8405355572 744.9362851116 1004.6746217293 97.5335054257 1045.4024417563 631.7211465972 496.5201802662 826.8729611557 277.3389655374 453.1315027919 648.6160552700 453.1315027919 277.3389655374 826.8729611557 496.5201802662 631.7211465972 1045.4024417563 97.5335054257 1004.6746217293 744.9362851116 252.8405355572 641.3607656568 483.8657592586 471.1930463310 388.4732255940 53.8809447956 437.7286279990 524.8362509867 278.1461722240 121.3458131388 353.4352570846 655.6382769894 587.5176457278 512.5663986147 430.9047589801 77.0325064091 187.0268804511 335.0753214156 473.5335887045 357.2942490309 630.5558150674 499.7740531946
191.6645021770 815.0354594737 1524.5508874277 862.6391794546 237.3857434857 170.5453045479 564.2889101866 320.6221108580 795.2262254106 1248.1105524469 801.8640450859 470.4300394502 531.4742743787 338.3899284163 274.3578892097 649.2428510156 484.8888957538 53.6623618075 641.9359666810 1125.5233099006 983.0163316476 288.7845646209 192.8070494465 341.8108718107 571.7014496949 166.8401870993 386.1003962308 208.4095589518 462.3684519888 569.0643361166 311.7437856661 327.6558383610 492.5722673907 327.6558383610 311.7437856661 569.0643361166 462.3684519888 208.4095589518 386.1003962308 166.8401870993 571.7014496949 341.8108718107 192.8070494465 288.7845646209 983.0163316476 1125.5233099006 641.9359666810 53.6623618075 484.8888957538 649.2428510156 274.3578892097 338.3899284163 531.4742743787 470.4300394502 801.8640450859 1248.1105524469 795.2262254106 320.6221108580 564.2889101866 170.5453045479 237.3857434857 862.6391794546 1524.5508874277 815.0354594737
585.1200537779 472.5693265511 1011.0723412459 452.2581367657 626.4813286816 196.1480519577 824.8830020186 734.3053330968 340.7842296925 705.6031259293 493.6749872655 353.2569812336 574.7208052608 383.0256257853 431.2127771745 877.9347989149 602.5174696245 139.6494756022 377.9516871159 757.6774544009 851.8164349303 347.6031734392 427.1420742541 735.1109005184 441.0076825782 119.1061439089 442.8398491124 432.8796417933 164.5547890456 702.6558279548 594.0715725549 344.6399790006 859.2779412506 344.6399790006 594.0715725549 702.6558279548 164.5547890456 432.8796417933 442.8398491124 119.1061439089 441.0076825782 735.1109005184 427.1420742541 347.6031734392 851.8164349303 757.6774544009 377.9516871159 139.6494756022 602.5174696245 877.9347989149 431.2127771745 383.0256257853 574.7208052608 353.2569812336 493.6749872655 705.6031259293 340.7842296925 734.3053330968 824.8830020186 196.1480519577 626.4813286816 452.2581367657 1011.0723412459 472.5693265511
1451.2141787377 923.4049641410 341.3047794439 608.3329466473 1006.9004091983 384.1637883179 544.3140725069 551.0956223270 166.6826001346 628.0736217208 1291.1501856253 916.1256878884 132.1419537382 288.9294541804 148.1394414820 317.7251209267 553.4696068162 193.3165333855 821.4906084430 1124.4951417317 502.2659544335 89.4501596280 278.1474716334 687.5176927705 600.8986187238 71.7769099881 452.8046166604 430.6791494828 263.9114035294 1040.1765749865 962.8783098132 89.7114877203 546.6769059423 89.7114877203 962.8783098132 1040.1765749865 263.9114035294 430.6791494828 452.8046166604 71.7769099881 600.8986187238 687.5176927705 278.1474716334 89.4501596280 502.2659544335 1124.4951417317 821.4906084430 193.3165333855 553.4696068162 317.7251209267 148.1394414820 288.9294541804 132.1419537382 916.1256878884 1291.1501856253 628.0736217208 166.6826001346 551.0956223270 544.3140725069 384.1637883179 1006.9004091983 608.3329466473 341.3047794439 923.4049641410
854.9906110594 566.2178056152 306.9778573246 392.6270232756 559.6632184139 226.4620208270 88.9101055529 565.7350347673 696.9269520493 431.2485295553 1172.0718466898 777.7692934530 191.8635729780 148.5235778241 165.9709699556 517.6034451120 1283.2941926166 738.6252510611 803.7366744580 1414.1805667703 637.2726254389 377.9455080184 570.1562204268 373.4441336232 239.3140204529 86.5196883330 204.2113270107 173.3633623345 241.4126231804 431.8062476987 409.6199374920 72.1751947625 153.6088282893 72.1751947625 409.6199374920 431.8062476987 241.4126231804 173.3633623345 204.2113270107 86.5196883330 239.3140204529 373.4441336232 570.1562204268 377.9455080184 637.2726254389 1414.1805667703 803.7366744580 738.6252510611 1283.2941926166 517.6034451120 165.9709699556 148.5235778241 191.8635729780 777.7692934530 1172.0718466898 431.2485295553 696.9269520493 565.7350347673 88.9101055529 226.4620208270 559.6632184139 392.6270232756 306.9778573246 566.2178056152
869.7890398429 929.9020287239 878.9775618330 589.3378450224 487.2901256570 567.7164505735 194.9975131706 811.5106129677 1167.8334724335 589.5960053692 361.5684824512 668.0117056705 759.4944421073 111.4476013338 830.1849074901 400.2878102729 873.7041616454 795.4669454488 223.9927469693 486.4447124530 471.6083509350 576.9994121563 538.0837621934 551.2270384634 563.8937579800 57.7217335960 605.2481958269 413.1326491358 501.2919671140 1015.6516823867 687.7461764258 56.3130289904 264.1525847044 56.3130289904 687.7461764258 1015.6516823867 501.2919671140 413.1326491358 605.2481958269 57.7217335960 563.8937579800 551.2270384634 538.0837621934 576.9994121563 471.6083509350 486.4447124530 223.9927469693 795.4669454488 873.7041616454 400.2878102729 830.1849074901 111.4476013338 759.4944421073 668.0117056705 361.5684824512 589.5960053692 1167.8334724335 811.5106129677 194.9975131706 567.7164505735 487.2901256570 589.3378450224 878.9775618330 929.9020287239
677.1844658620 663.0427429409 538.6875024265 379.1409512517 385.6011627767 652.6895564685 594.6891973275 333.2293811307 496.0274088249 380.8593877138 393.2917627812 961.0973965825 896.6903743500 192.6018999865 1092.3163188464 905.1031926594 425.7915350712 369.2960972467 238.0332252266 871.6622821031 933.7509698413 293.1289939156 942.4123255059 433.2119501246 539.8048571615 276.3251860673 658.9132694732 713.1136153972 235.6102598358 794.5037436722 490.5698952117 265.6709662316 536.8422774688 265.6709662316 490.5698952117 794.5037436722 235.6102598358 713.1136153972 658.9132694732 276.3251860673 539.8048571615 433.2119501246 942.4123255059 293.1289939156 933.7509698413 871.6622821031 238.0332252266 369.2960972467 425.7915350712 905.1031926594 1092.3163188464 192.6018999865 896.6903743500 961.0973965825 393.2917627812 380.8593877138 496.0274088249 333.2293811307 594.6891973275 652.6895564685 385.6011627767 379.1409512517 538.6875024265 663.0427429409
958.8541837055 883.0637563084 834.5474164666 901.3336711345 750.4468443160 338.5033817420 404.8072865864 589.1701991495 816.2037445183 977.4335941048 680.6184219444 349.3333275589 355.6767997019 69.4733218875 441.7907919584 494.7544987269 454.2620886783 942.7956165330 576.0791143008 635.5247737539 685.5965812748 718.6795263286 1654.2803920510 825.0641541116 472.9354437073 543.2235186409 256.5850680539 469.3688506391 184.0855837701 354.7634679753 520.1166002132 365.0515209524 328.2963428129 365.0515209524 520.1166002132 354.7634679753 184.0855837701 469.3688506391 256.5850680539 543.2235186409 472.9354437073 825.0641541116 1654.2803920510 718.6795263286 685.5965812748 635.5247737539 576.0791143008 942.7956165330 454.2620886783 494.7544987269 441.7907919584 69.4733218875 355.6767997019 349.3333275589 680.6184219444 977.4335941048 816.2037445183 589.1701991495 404.8072865864 338.5033817420 750.4468443160 901.3336711345 834.5474164666 883.0637563084
840.4484417694 686.9022251302 558.1819715079 611.3641221301 736.6288988917 663.5118427702 457.5262879952 365.4865577323 447.5598227438 663.9971976919 718.7822298484 612.3306901603 505.2718637346 91.0556344914 883.2988771384 1436.2397419109 689.8621713064 766.1457572074 947.5187502469 120.5561911026 408.0916689003 405.3727979237 872.5266056295 378.2681526122 574.2400205530 401.7640477060 91.9057399825 411.6156507262 323.8227120884 592.0461017500 812.3921316420 287.5434065171 987.0770593798 287.5434065171 812.3921316420 592.0461017500 323.8227120884 411.6156507262 91.9057399825 401.7640477060 574.2400205530 378.2681526122 872.5266056295 405.3727979237 408.0916689003 120.5561911026 947.5187502469 766.1457572074 689.8621713064 1436.2397419109 883.2988771384 91.0556344914 505.2718637346 612.3306901603 718.7822298484 663.9971976919 447.5598227438 365.4865577323 457.5262879952 663.5118427702 736.6288988917 611.3641221301 558.1819715079 686.9022251302
608.1575405873 878.0226647740 1240.6732915397 1067.9515779715 559.6225296102 310.6393394659 404.5058992915 719.3309050990 964.4569172603 883.7672819214 584.3516037967 300.1626113923 511.6323383531 521.0125104988 522.1493008387 1244.9340094015 982.3053489716 195.2701555453 552.2317200282 94.4973497427 337.1264864366 415.9888356043 722.5136357509 948.4573955043 374.0575741028 709.3293511352 466.4382297062 791.1058287223 969.1131230644 296.0396520233 726.3922775954 589.4653326279 1578.7927810049 589.4653326279 726.3922775954 296.0396520233 969.1131230644 791.1058287223 466.4382297062 709.3293511352 374.0575741028 948.4573955043 722.5136357509 415.9888356043 337.1264864366 94.4973497427 552.2317200282 195.2701555453 982.3053489716 1244.9340094015 522.1493008387 521.0125104988 511.6323383531 300.1626113923 584.3516037967 883.7672819214 964.4569172603 719.3309050990 404.5058992915 310.6393394659 559.6225296102 1067.9515779715 1240.6732915397 878.0226647740
513.3424906927 706.0931423121 1014.1730232771 934.3291982216 676.1168833705 664.7241736679 675.8054660156 413.2739399200 599.6188326895 799.9800011760 818.4743898521 734.1657551425 327.0985638430 684.3652727603 1076.4622104941 764.5774854836 361.6799039208 290.2058045900 285.7884811870 107.3969983626 202.5832858686 306.0583103741 662.2722389351 884.1667506788 155.0926692544 1398.5645879906 1046.7515619568 611.1317060694 1114.6021301378 118.7089389691 869.5326840457 263.1256390949 1001.9987525815 263.1256390949 869.5326840457 118.7089389691 1114.6021301378 611.1317060694 1046.7515619568 1398.5645879906 155.0926692544 884.1667506788 662.2722389351 306.0583103741 202.5832858686 107.3969983626 285.7884811870 290.2058045900 361.6799039208 764.5774854836 1076.4622104941 684.3652727603 327.0985638430 734.1657551425 818.4743898521 799.9800011760 599.6188326895 413.2739399200 675.8054660156 664.7241736679 676.1168833705 934.3291982216 1014.1730232771 706.0931423121
1176.8694124001 1031.9700323250 933.2262904484 1065.6769205160 885.4081377928 342.6708683343 822.9533451167 887.1316819832 767.1368050890 869.7811252252 657.0883923038 510.7281208668 922.2529497134 409.7074756063 1067.6434674991 1322.4549598930 626.7446751635 199.5275897299 516.8269449618 220.0531633548 499.9382840917 964.6319490933 609.5343755089 268.8956231497 198.8136229168 885.4023384136 830.0185486778 230.6147791295 666.6850873735 185.7889333068 890.0376516406 462.9877632027 179.0699699590 462.9877632027 890.0376516406 185.7889333068 666.6850873735 230.6147791295 830.0185486778 885.4023384136 198.8136229168 268.8956231497 609.5343755089 964.6319490933 499.9382840917 220.0531633548 516.8269449618 199.5275897299 626.7446751635 1322.4549598930 1067.6434674991 409.7074756063 922.2529497134 510.7281208668 657.0883923038 869.7811252252 767.1368050890 887.1316819832 822.9533451167 342.6708683343 885.4081377928 1065.6769205160 933.2262904484 1031.9700323250
897.1573817796 814.3795814928 860.1814831561 1240.3423205102 1352.6237374334 732.0701842181 306.2034687381 476.6853012404 532.8868399626 1073.4236248530 1455.7345454909 554.7641963521 898.9483055223 1114.3801870373 520.1192050068 527.0630042335 319.4405865344 66.0192911358 276.6296106659 289.0578325644 300.0448733536 804.7933307424 939.3419459308 127.4611421289 802.5436333566 829.5599783020 260.2611918419 183.0993440246 180.8329481475 116.0511104662 357.2381394337 250.7737708573 103.9224983046 250.7737708573 357.2381394337 116.0511104662 180.8329481475 183.0993440246 260.2611918419 829.5599783020 802.5436333566 127.4611421289 939.3419459308 804.7933307424 300.0448733536 289.0578325644 276.6296106659 66.0192911358 319.4405865344 527.0630042335 520.1192050068 1114.3801870373 898.9483055223 554.7641963521 1455.7345454909 1073.4236248530 532.8868399626 476.6853012404 306.2034687381 732.0701842181 1352.6237374334 1240.3423205102 860.1814831561 814.3795814928
936.0555539069 1244.3204443399 1477.5429523323 976.3903865318 542.4182283040 408.7385879947 371.5229254669 1149.0010378125 1581.8732920008 753.2956885501 913.1564323299 895.5396312073 311.5631075169 751.1808487586 783.5818869006 868.7281175366 672.0029761839 173.5455260560 690.0124969323 167.6644722435 1006.9064165324 754.4334982240 446.5191211821 362.8804865731 824.5877079211 1282.1745260292 394.7672891746 602.2975556939 448.6896076173 382.6218854523 732.9478237741 393.1056446041 139.2838827718 393.1056446041 732.9478237741 382.6218854523 448.6896076173 602.2975556939 394.7672891746 1282.1745260292 824.5877079211 362.8804865731 446.5191211821 754.4334982240 1006.9064165324 167.6644722435 690.0124969323 173.5455260560 672.0029761839 868.7281175366 783.5818869006 751.1808487586 311.5631075169 895.5396312073 913.1564323299 753.2956885501 1581.8732920008 1149.0010378125 371.5229254669 408.7385879947 542.4182283040 976.3903865318 1477.5429523323 1244.3204443399
747.5363045855 1038.0865115256 1668.2496920011 1437.7379718967 895.7582460622 971.8961884963 992.9461782923 626.4168139432 1551.7635158484 1430.6096465407 492.9465157207 427.3384795929 562.6300202499 859.8454517617 716.6664007991 556.0702846716 861.6533412110 232.5407195581 1322.5119165938 598.6055892012 1183.2542159835 1410.9441867073 32.8171777063 922.8772664961 406.9361689319 601.5809007673 132.5158528450 868.2111646340 583.9776990404 446.8412915386 762.7185550130 233.8951880742 520.6597798226 233.8951880742 762.7185550130 446.8412915386 583.9776990404 868.2111646340 132.5158528450 601.5809007673 406.9361689319 922.8772664961 32.8171777063 1410.9441867073 1183.2542159835 598.6055892012 1322.5119165938 232.5407195581 861.6533412110 556.0702846716 716.6664007991 859.8454517617 562.6300202499 427.3384795929 492.9465157207 1430.6096465407 1551.7635158484 626.4168139432 992.9461782923 971.8961884963 895.7582460622 1437.7379718967 1668.2496920011 1038.0865115256
2200.1823294190 1565.4037333652 818.4891852523 900.9504985019 1003.3163690733 586.1969160673 1473.5283664873 1495.5682893830 782.7042949084 622.0574858181 550.2483033255 695.9810228492 466.4312669154 1048.0459994190 1592.1597518328 556.8606029310 764.4233829192 423.6412089753 1061.3549208731 1034.5698444558 459.9360531623 927.6656623334 129.8618045941 1092.3238919011 794.9816948846 105.6697234126 136.4946933094 497.0530347207 287.9394781670 270.1386266232 245.3834276537 577.7162373211 1003.3293429105 577.7162373211 245.3834276537 270.1386266232 287.9394781670 497.0530347207 136.4946933094 105.6697234126 794.9816948846 1092.3238919011 129.8618045941 927.6656623334 459.9360531623 1034.5698444558 1061.3549208731 423.6412089753 764.4233829192 556.8606029310 1592.1597518328 1048.0459994190 466.4312669154 695.9810228492 550.2483033255 622.0574858181 782.7042949084 1495.5682893830 1473.5283664873 586.1969160673 1003.3163690733 900.9504985019 818.4891852523 1565.4037333652
1841.3259665825 1409.9137860844 980.9920200406 1524.9641446243 2163.5877995642 1478.3334879543 589.3705455350 1180.7893014327 1273.0659435176 1228.9988473862 678.7827629740 822.6306549284 1495.7533897034 660.3433215184 1089.7166812554 779.9492262483 644.8023802573 1116.7086936814 417.7817318866 719.2214045992 514.1505966769 236.9159071794 97.0602995188 442.1262776609 349.4250212250 173.2183688076 296.7707824898 430.4751867541 360.1315449124 90.8146809572 253.5691274349 376.8274445748 504.4127661790 376.8274445748 253.5691274349 90.8146809572 360.1315449124 430.4751867541 296.7707824898 173.2183688076 349.4250212250 442.1262776609 97.0602995188 236.9159071794 514.1505966769 719.2214045992 417.7817318866 1116.7086936814 644.8023802573 779.9492262483 1089.7166812554 660.3433215184 1495.7533897034 822.6306549284 678.7827629740 1228.9988473862 1273.0659435176 1180.7893014327 589.3705455350 1478.3334879543 2163.5877995642 1524.9641446243 980.9920200406 1409.9137860844
1592.2143797145 1806.5357796397 1824.6416929545 1102.2116608787 1050.5831155006 1200.6073712255 1079.4826662429 1250.4332866416 944.1174146175 880.1156547347 1416.2211500356 541.6666361392 1401.5126724660 1474.0252013343 361.6830251428 568.3466014999 297.3981516459 932.8639285650 910.9205536214 317.8962821336 507.4248845517 491.2426161240 229.0422668281 915.7194343564 747.7303343053 199.6121592387 242.7342562719 566.0617106044 501.6326535444 296.0763731766 450.4556090007 539.3767995170 1233.0067144559 539.3767995170 450.4556090007 296.0763731766 501.6326535444 566.0617106044 242.7342562719 199.6121592387 747.7303343053 915.7194343564 229.0422668281 491.2426161240 507.4248845517 317.8962821336 910.9205536214 932.8639285650 297.3981516459 568.3466014999 361.6830251428 1474.0252013343 1401.5126724660 541.6666361392 1416.2211500356 880.1156547347 944.1174146175 1250.4332866416 1079.4826662429 1200.6073712255 1050.5831155006 1102.2116608787 1824.6416929545 1806.5357796397
1598.8192859370 1829.9353123176 2134.5147470600 2044.5822379463 1819.4651993593 1496.8395503179 688.6232523485 1635.0532869705 2250.8756591871 1015.2904652206 1072.9359887505 1464.2241019768 634.4994967221 910.1078511176 656.5872652179 325.6943142162 915.9103568966 673.8435503725 528.3851196610 732.9541649539 168.2298333017 611.8818138576 169.7538587015 963.1834966315 589.6034635063 763.1356386699 935.0814990307 187.8676851010 439.3012235492 566.8535530061 865.9214815741 544.7588645663 1518.2534137818 544.7588645663 865.9214815741 566.8535530061 439.3012235492 187.8676851010 935.0814990307 763.1356386699 589.6034635063 963.1834966315 169.7538587015 611.8818138576 168.2298333017 732.9541649539 528.3851196610 673.8435503725 915.9103568966 325.6943142162 656.5872652179 910.1078511176 634.4994967221 1464.2241019768 1072.9359887505 1015.2904652206 2250.8756591871 1635.0532869705 688.6232523485 1496.8395503179 1819.4651993593 2044.5822379463 2134.5147470600 1829.9353123176
2434.2348633909 2274.7524308301 1880.1362402575 1299.4569177574 1164.0905149424 1978.7376117484 1981.8018137137 962.3543185550 1365.5745030101 1479.7454659097 599.5389848305 1115.1351618361 1413.9492323445 661.8519883625 514.5062471063 522.9655603231 861.3221194088 1455.6490882177 494.7925382254 796.7224470255 490.3250368940 673.8090008054 658.2364987860 373.5661669419 161.5881878388 1123.4793479163 1262.4942212459 198.1156429473 812.1942233874 398.7284720692 1159.4781318367 284.4900672291 730.2019921936 284.4900672291 1159.4781318367 398.7284720692 812.1942233874 198.1156429473 1262.4942212459 1123.4793479163 161.5881878388 373.5661669419 658.2364987860 673.8090008054 490.3250368940 796.7224470255 494.7925382254 1455.6490882177 861.3221194088 522.9655603231 514.5062471063 661.8519883625 1413.9492323445 1115.1351618361 599.5389848305 1479.7454659097 1365.5745030101 962.3543185550 1981.8018137137 1978.7376117484 1164.0905149424 1299.4569177574 1880.1362402575 2274.7524308301
2345.5295038706 2474.4899036048 2788.9568900022 2910.9428539386 2339.0761487309 1218.4142918186 1378.8331912331 2100.9413873943 1661.8544083209 612.8344085356 1480.3605779108 1108.8520991664 861.0916783218 1214.0364871342 272.1835451936 1447.7572942469 702.0723000045 1076.0645482402 770.0812466248 713.0448878242 837.2657953144 531.7908271106 964.9151178035 100.0585647490 623.2521481986 476.5887292004 655.4348704403 562.4919406728 1245.7251370774 263.0009528231 855.3654672465 423.0499893339 160.0555123893 423.0499893339 855.3654672465 263.0009528231 1245.7251370774 562.4919406728 655.4348704403 476.5887292004 623.2521481986 100.0585647490 964.9151178035 531.7908271106 837.2657953144 713.0448878242 770.0812466248 1076.0645482402 702.0723000045 1447.7572942469 272.1835451936 1214.0364871342 861.0916783218 1108.8520991664 1480.3605779108 612.8344085356 1661.8544083209 2100.9413873943 1378.8331912331 1218.4142918186 2339.0761487309 2910.9428539386 2788.9568900022 2474.4899036048
3331.8479896552 3028.3973260587 2252.5298966085 1551.8106916529 2001.2808486595 2672.2946640004 2013.2150297853 1058.5724946886 2379.6444754860 1564.1744265484 1186.1848132539 2248.4944014290 647.9292928363 1254.9156461122 578.9245833160 1506.2558756707 1535.5497510414 262.2830428105 747.2364785096 458.9971299279 953.7433242905 199.4532528053 816.9795808655 209.7305045158 1167.6784577374 632.2356797501 151.5094333297 355.4932141957 854.0472589530 358.5556576786 276.4520312261 197.7354275960 515.0838883075 197.7354275960 276.4520312261 358.5556576786 854.0472589530 355.4932141957 151.5094333297 632.2356797501 1167.6784577374 209.7305045158 816.9795808655 199.4532528053 953.7433242905 458.9971299279 747.2364785096 262.2830428105 1535.5497510414 1506.2558756707 578.9245833160 1254.9156461122 647.9292928363 2248.4944014290 1186.1848132539 1564.1744265484 2379.6444754860 1058.5724946886 2013.2150297853 2672.2946640004 2001.2808486595 1551.8106916529 2252.5298966085 3028.3973260587
3632.2924996155 3712.3500259047 3951.4259905175 3930.6336434214 2710.1537002462 1341.9132407460 2923.2400849969 2382.9400020968 993.1368126681 2099.5051669922 784.5036993514 1668.8135379039 1104.6532240912 1053.5340344234 1478.5903390718 533.1208896697 1182.4812830192 50.9933217576 887.2452098857 246.2184547831 728.4130906733 195.4923455290 588.9014557529 180.4609582206 847.8598838111 516.8408609530 511.7113836063 768.6507736036 405.2987732677 152.6225058117 20.0056433906 344.1778811937 625.4226737330 344.1778811937 20.0056433906 152.6225058117 405.2987732677 768.6507736036 511.7113836063 516.8408609530 847.8598838111 180.4609582206 588.9014557529 195.4923455290 728.4130906733 246.2184547831 887.2452098857 50.9933217576 1182.4812830192 533.1208896697 1478.5903390718 1053.5340344234 1104.6532240912 1668.8135379039 784.5036993514 2099.5051669922 993.1368126681 2382.9400020968 2923.2400849969 1341.9132407460 2710.1537002462 3930.6336434214 3951.4259905175 3712.3500259047
4839.3249647035 4429.6285697925 3048.2020529252 2369.7973753665 3933.9403638814 3342.7333422478 1242.9089014003 2928.9209502495 1910.7388027799 1247.4745092046 1979.0653121847 543.7070211726 1080.2773428027 461.5799950795 1485.5264000749 918.7227986220 360.2073200866 151.6222049957 815.5286006192 626.7174571560 353.7177280269 433.8864066867 356.4739239602 601.7569962049 285.1397373465 74.4439053377 540.2124721308 848.7500922798 560.5319987056 191.9786300635 54.0163729100 170.7162695513 276.0421761055 170.7162695513 54.0163729100 191.9786300635 560.5319987056 848.7500922798 540.2124721308 74.4439053377 285.1397373465 601.7569962049 356.4739239602 433.8864066867 353.7177280269 626.7174571560 815.5286006192 151.6222049957 360.2073200866 918.7227986220 1485.5264000749 461.5799950795 1080.2773428027 543.7070211726 1979.0653121847 1247.4745092046 1910.7388027799 2928.9209502495 1242.9089014003 3342.7333422478 3933.9403638814 2369.7973753665 3048.2020529252 4429.6285697925
5762.5385611942 6249.0189603018 6817.1102785291 5322.5976269155 1989.2774398747 3670.6400215642 3324.5440208545 1159.6776131991 2670.9760885686 898.7607368038 1955.8922858594 1356.7187619045 1049.9636087714 1505.7289732909 504.9334246392 970.1686800447 86.6113726263 771.9549814998 310.0819625092 667.3472708101 116.1225099541 663.3982536887 257.1844426176 643.9931825650 540.4488209370 186.0675800681 503.3388089946 375.0519313602 267.5713942390 368.7262241112 205.2550345695 370.6875358761 687.4558570067 370.6875358761 205.2550345695 368.7262241112 267.5713942390 375.0519313602 503.3388089946 186.0675800681 540.4488209370 643.9931825650 257.1844426176 663.3982536887 116.1225099541 667.3472708101 310.0819625092 771.9549814998 86.6113726263 970.1686800447 504.9334246392 1505.7289732909 1049.9636087714 1356.7187619045 1955.8922858594 898.7607368038 2670.9760885686 1159.6776131991 3324.5440208545 3670.6400215642 1989.2774398747 5322.5976269155 6817.1102785291 6249.0189603018
8949.5308532605 7261.4963341755 3925.4985378097 5558.2238792646 5714.5725453148 1717.9099909777 3918.7321076146 2520.3927296861 1816.4040103554 2286.3086531915 858.7951001297 1793.6282592700 632.1915824850 2163.7757839175 715.1148054953 890.4874565854 140.5464320215 1344.3280318098 774.5649541571 625.9490847151 489.8713788362 689.0201136031 722.4487231247 296.3974028480 456.2264948263 463.2914055629 1006.1328643156 607.6859661212 314.8338382046 474.6428657850 497.5818489161 184.8209174048 577.0826267969 184.8209174048 497.5818489161 474.6428657850 314.8338382046 607.6859661212 1006.1328643156 463.2914055629 456.2264948263 296.3974028480 722.4487231247 689.0201136031 489.8713788362 625.9490847151 774.5649541571 1344.3280318098 140.5464320215 890.4874565854 715.1148054953 2163.7757839175 632.1915824850 1793.6282592700 858.7951001297 2286.3086531915 1816.4040103554 2520.3927296861 3918.7321076146 1717.9099909777 5714.5725453148 5558.2238792646 3925.4985378097 7261.4963341755
13097.0700769228 13578.8928949720 12011.8123411127 4715.0976466061 5440.6558675778 5214.5755083159 1767.8305072940 3904.8061081754 566.6756491159 2915.7662643358 688.8723750080 2031.3306725635 795.6987152159 1536.8673060273 572.6518427836 1417.5763226364 798.7864799346 1192.6079240121 955.2904741151 825.7919474188 1026.5476932747 444.9853329999 888.3352613444 154.7296755005 580.4503297647 290.2983178422 630.6879557362 462.1834105758 941.1263789171 257.4707069437 561.0349934930 231.4650416845 205.5243024151 231.4650416845 561.0349934930 257.4707069437 941.1263789171 462.1834105758 630.6879557362 290.2983178422 580.4503297647 154.7296755005 888.3352613444 444.9853329999 1026.5476932747 825.7919474188 955.2904741151 1192.6079240121 798.7864799346 1417.5763226364 572.6518427836 1536.8673060273 795.6987152159 2031.3306725635 688.8723750080 2915.7662643358 566.6756491159 3904.8061081754 1767.8305072940 5214.5755083159 5440.6558675778 4715.0976466061 12011.8123411127 13578.8928949720
24919.5574508137 14699.9454093824 10188.4364118533 11912.4256238150 2014.3806701536 6819.6214764693 1946.3322296987 3914.2399883718 1621.4381126712 2726.3009729485 1488.9008145709 2032.6196683303 1666.4109444349 846.5418703464 551.0016575271 1610.0632377580 1368.9938461733 706.6409526095 841.3342195134 896.0019103172 1202.8760751509 308.7748805072 813.7265324837 367.8329751673 871.9421318699 32.9935768042 278.7341622396 920.5648500607 1519.7642292989 424.9762015411 614.1938976139 193.5619184135 429.6180480861 193.5619184135 614.1938976139 424.9762015411 1519.7642292989 920.5648500607 278.7341622396 32.9935768042 871.9421318699 367.8329751673 813.7265324837 308.7748805072 1202.8760751509 896.0019103172 841.3342195134 706.6409526095 1368.9938461733 1610.0632377580 551.0016575271 846.5418703464 1666.4109444349 2032.6196683303 1488.9008145709 2726.3009729485 1621.4381126712 3914.2399883718 1946.3322296987 6819.6214764693 2014.3806701536 11912.4256238150 10188.4364118533 14699.9454093824
76488.6811432183 53423.1630428234 10153.1782173579 13518.5781471838 5728.0226112323 6052.4402663828 3676.1221062389 3489.5950715406 2663.6089325832 2263.3880377288 2015.7732916757 1641.7374717528 1665.9849410555 1233.7549910117 1495.6463808880 893.4223482505 1200.2035771257 631.4132978431 971.3407624194 572.6555601272 855.2318382685 555.5779839732 831.2235837769 519.8073475314 915.6493122597 392.1701815545 940.2416123735 393.8647340393 878.2970792408 374.8022261386 937.2441905134 177.2481540144 1079.3677037121 177.2481540144 937.2441905134 374.8022261386 878.2970792408 393.8647340393 940.2416123735 392.1701815545 915.6493122597 519.8073475314 831.2235837769 555.5779839732 855.2318382685 572.6555601272 971.3407624194 631.4132978431 1200.2035771257 893.4223482505 1495.6463808880 1233.7549910117 1665.9849410555 1641.7374717528 2015.7732916757 2263.3880377288 2663.6089325832 3489.5950715406 3676.1221062389 6052.4402663828 5728.0226112323 13518.5781471838 10153.1782173579 53423.1630428234
