11.5447051003 11.2449111237 10.1234483423 9.4802201760 9.0994681227 8.6593068986 8.4847371389 8.1978945408 8.1115824696 7.7606927087 7.7977984840 7.3776459556 7.3735088769 7.5187841646 7.6967499174 6.6181197058 6.8427425696 6.8003453111 7.0714625027 6.2428893679 6.4120769216 6.7351247423 6.8667813810 6.5194193245 6.7693997430 6.7522594077 7.2808446905 6.3735246385 5.2609503456 6.7746658459 7.0824240686 6.4868182082 7.2506355119 6.4868182082 7.0824240686 6.7746658459 5.2609503456 6.3735246385 7.2808446905 6.7522594077 6.7693997430 6.5194193245 6.8667813810 6.7351247423 6.4120769216 6.2428893679 7.0714625027 6.8003453111 6.8427425696 6.6181197058 7.6967499174 7.5187841646 7.3735088769 7.3776459556 7.7977984840 7.7606927087 8.1115824696 8.1978945408 8.4847371389 8.6593068986 9.0994681227 9.4802201760 10.1234483423 11.2449111237
11.2214583669 10.8860184140 9.5956670843 9.5163455141 8.8904788964 8.7403397764 8.3962967423 8.2196897201 8.0161189764 7.8141935963 7.7300660155 7.5125822149 7.4997197489 7.2519928487 7.3565376552 6.9460972519 7.1271481608 6.7036537490 6.9401934584 6.5611624002 6.7788106821 6.5336467132 6.7845291826 6.4983465193 6.8361540394 6.3407433669 6.8291502485 6.1602983149 6.7044578093 6.2161550077 6.8517357053 6.1942915725 6.9572302095 6.1942915725 6.8517357053 6.2161550077 6.7044578093 6.1602983149 6.8291502485 6.3407433669 6.8361540394 6.4983465193 6.7845291826 6.5336467132 6.7788106821 6.5611624002 6.9401934584 6.7036537490 7.1271481608 6.9460972519 7.3565376552 7.2519928487 7.4997197489 7.5125822149 7.7300660155 7.8141935963 8.0161189764 8.2196897201 8.3962967423 8.7403397764 8.8904788964 9.5163455141 9.5956670843 10.8860184140
9.8515781210 9.2256405468 9.2291068167 9.3937290543 8.2755033504 8.8273376272 8.0226352134 8.2820848442 7.7202531088 7.9337814231 7.5396312564 7.6664629959 7.5096868168 6.8895831821 6.7086812013 7.4201295182 7.2988123902 6.7583052640 6.8397186899 6.9228143432 7.1242151776 6.3264749506 6.7280870986 6.2909902728 6.7798964092 5.7300278886 5.8357015082 6.9197553307 7.3301108615 6.4481863228 6.4280751642 5.7914707275 5.9819810350 5.7914707275 6.4280751642 6.4481863228 7.3301108615 6.9197553307 5.8357015082 5.7300278886 6.7798964092 6.2909902728 6.7280870986 6.3264749506 7.1242151776 6.9228143432 6.8397186899 6.7583052640 7.2988123902 7.4201295182 6.7086812013 6.8895831821 7.5096868168 7.6664629959 7.5396312564 7.9337814231 7.7202531088 8.2820848442 8.0226352134 8.8273376272 8.2755033504 9.3937290543 9.2291068167 9.2256405468
9.4438280637 9.5118941470 9.3854212468 8.4587369668 8.6232137874 8.5799045994 7.7709816228 8.2768103038 7.3478219172 7.9765757848 7.1704709569 7.6234377409 7.0059808965 7.3303817153 6.8045596388 7.2715215999 6.8848861490 7.1239485896 6.9723034131 6.8408985510 6.9744336134 6.4173270764 6.8049843753 5.9405421083 6.3806949917 5.9754038195 6.4123648287 6.1164618015 6.7611550652 5.8813545735 6.3318214486 5.7104681829 5.3191454937 5.7104681829 6.3318214486 5.8813545735 6.7611550652 6.1164618015 6.4123648287 5.9754038195 6.3806949917 5.9405421083 6.8049843753 6.4173270764 6.9744336134 6.8408985510 6.9723034131 7.1239485896 6.8848861490 7.2715215999 6.8045596388 7.3303817153 7.0059808965 7.6234377409 7.1704709569 7.9765757848 7.3478219172 8.2768103038 7.7709816228 8.5799045994 8.6232137874 8.4587369668 9.3854212468 9.5118941470
8.9454072321 8.6533002212 7.6085633747 8.6018386810 8.6509497541 7.5960293250 8.2776510054 7.9051295429 7.6020422341 7.7579387500 7.0605540582 7.5068473515 6.9580520367 7.6799852295 6.9120623593 6.7987863119 6.2978792413 7.2105405252 6.7871774967 6.5178439070 6.3290478263 6.6034408511 6.6220004739 5.9573935745 6.1909097490 6.3291204016 6.9156246434 6.4417139155 5.4738901326 6.1623324031 6.2277901719 5.5824975090 6.3352886622 5.5824975090 6.2277901719 6.1623324031 5.4738901326 6.4417139155 6.9156246434 6.3291204016 6.1909097490 5.9573935745 6.6220004739 6.6034408511 6.3290478263 6.5178439070 6.7871774967 7.2105405252 6.2978792413 6.7987863119 6.9120623593 7.6799852295 6.9580520367 7.5068473515 7.0605540582 7.7579387500 7.6020422341 7.9051295429 8.2776510054 7.5960293250 8.6509497541 8.6018386810 7.6085633747 8.6533002212
8.5820174299 8.7083820285 8.8277058723 8.5594047177 7.4494456427 8.2083937136 8.1148432289 7.2025965934 7.8910669473 7.1061259338 7.5907195956 7.3117790491 7.0914154155 7.2993469193 6.3753602254 6.8802773843 6.0155193661 6.5972414466 5.8396844213 6.5008754311 5.7418465559 6.4990527001 5.8274839079 6.4826325545 6.3433819805 5.4269832830 5.9536686680 5.2839549793 5.1448473982 5.8173353057 5.3899347032 6.0123835999 6.5237272744 6.0123835999 5.3899347032 5.8173353057 5.1448473982 5.2839549793 5.9536686680 5.4269832830 6.3433819805 6.4826325545 5.8274839079 6.4990527001 5.7418465559 6.5008754311 5.8396844213 6.5972414466 6.0155193661 6.8802773843 6.3753602254 7.2993469193 7.0914154155 7.3117790491 7.5907195956 7.1061259338 7.8910669473 7.2025965934 8.1148432289 8.2083937136 7.4494456427 8.5594047177 8.8277058723 8.7083820285
8.3411702623 8.2098856889 7.5742156275 7.4780738768 8.2737785906 8.1093885550 7.1260140402 7.9807899259 7.6079848351 7.2297178949 7.5922661809 6.5361454374 6.9851631335 6.3807503830 7.2960934661 6.9016830586 5.9202985808 5.7275102927 6.7141139083 6.5173838845 6.0051354216 6.1280176248 6.0058783833 6.3897190501 5.2781019712 4.4988103440 6.3013619085 6.7164531194 6.3373369459 5.2365849337 3.9474303793 4.0089089544 3.9608906533 4.0089089544 3.9474303793 5.2365849337 6.3373369459 6.7164531194 6.3013619085 4.4988103440 5.2781019712 6.3897190501 6.0058783833 6.1280176248 6.0051354216 6.5173838845 6.7141139083 5.7275102927 5.9202985808 6.9016830586 7.2960934661 6.3807503830 6.9851631335 6.5361454374 7.5922661809 7.2297178949 7.6079848351 7.9807899259 7.1260140402 8.1093885550 8.2737785906 7.4780738768 7.5742156275 8.2098856889
8.1018642807 8.1578275083 8.2726319063 8.2702194707 7.8325666983 7.0567592629 7.9827307222 7.7765098610 6.9656207989 7.6506166668 6.8704212762 7.4000420881 7.1320448027 7.0747849261 7.3109299590 6.4416110948 7.0475181238 6.1689521501 6.7891200225 6.0265274456 6.5797106968 5.9039618433 6.3804109684 5.8118275271 6.7001289762 6.3398918837 6.3137212601 6.6002858321 5.7733772876 4.3571254887 4.1862647070 5.9134926912 6.4232300589 5.9134926912 4.1862647070 4.3571254887 5.7733772876 6.6002858321 6.3137212601 6.3398918837 6.7001289762 5.8118275271 6.3804109684 5.9039618433 6.5797106968 6.0265274456 6.7891200225 6.1689521501 7.0475181238 6.4416110948 7.3109299590 7.0747849261 7.1320448027 7.4000420881 6.8704212762 7.6506166668 6.9656207989 7.7765098610 7.9827307222 7.0567592629 7.8325666983 8.2702194707 8.2726319063 8.1578275083
8.0202191691 7.8878125838 7.3916853047 6.3415502153 7.5051643939 7.8905735857 7.5557684749 6.9018748357 7.7751265180 7.4162909277 7.2200625249 7.7195187742 6.8513091680 7.1499685958 6.6640317743 7.3477915359 7.3669970137 6.2801839063 6.6439678489 6.3979605115 6.8726014787 6.1060420566 6.7058884451 6.2086451731 7.0637614983 6.5481144441 5.1220729075 5.8341796306 6.6798833482 6.0682050986 5.4670853250 5.3774172171 6.2091558874 5.3774172171 5.4670853250 6.0682050986 6.6798833482 5.8341796306 5.1220729075 6.5481144441 7.0637614983 6.2086451731 6.7058884451 6.1060420566 6.8726014787 6.3979605115 6.6439678489 6.2801839063 7.3669970137 7.3477915359 6.6640317743 7.1499685958 6.8513091680 7.7195187742 7.2200625249 7.4162909277 7.7751265180 6.9018748357 7.5557684749 7.8905735857 7.5051643939 6.3415502153 7.3916853047 7.8878125838
7.6241604646 7.7250598194 7.9110677445 7.9782308379 7.7351311448 6.8021288800 7.1296776924 7.6499331505 7.3557525514 6.4197251988 7.3003009331 6.9239144782 6.7811888940 7.1147685113 6.4346387871 7.2665547172 6.6257844510 6.9795396338 6.7693906539 6.6858359794 6.7853246521 6.4997828266 6.8859529195 5.9450524459 6.3811322056 6.0690007227 6.4442482955 6.5604691588 7.1301870190 6.2413793270 6.7324950716 6.2114341777 5.0851996869 6.2114341777 6.7324950716 6.2413793270 7.1301870190 6.5604691588 6.4442482955 6.0690007227 6.3811322056 5.9450524459 6.8859529195 6.4997828266 6.7853246521 6.6858359794 6.7693906539 6.9795396338 6.6257844510 7.2665547172 6.4346387871 7.1147685113 6.7811888940 6.9239144782 7.3003009331 6.4197251988 7.3557525514 7.6499331505 7.1296776924 6.8021288800 7.7351311448 7.9782308379 7.9110677445 7.7250598194
7.7049894874 7.6092541329 7.3064648293 6.5365066167 6.7566941052 7.5791129254 7.5908851091 6.6663251672 7.0793400803 7.3007162539 6.3978275600 6.9790856725 7.2564532967 6.5217732809 6.3121853489 6.2024272436 6.8180017082 7.2839525971 6.4893392571 6.7086631468 6.3722126988 6.5789487077 6.5244700027 5.9770911499 5.8932133736 7.0673810972 7.1640629203 6.2039009555 6.6881853909 6.3776069105 7.0574292384 6.1782617747 6.5042620831 6.1782617747 7.0574292384 6.3776069105 6.6881853909 6.2039009555 7.1640629203 7.0673810972 5.8932133736 5.9770911499 6.5244700027 6.5789487077 6.3722126988 6.7086631468 6.4893392571 7.2839525971 6.8180017082 6.2024272436 6.3121853489 6.5217732809 7.2564532967 6.9790856725 6.3978275600 7.3007162539 7.0793400803 6.6663251672 7.5908851091 7.5791129254 6.7566941052 6.5365066167 7.3064648293 7.6092541329
7.2131160873 7.4041193194 7.6175725721 7.6169385280 7.4925531816 7.2135611894 6.3002480743 7.4204672452 7.7184607595 7.0119820414 7.0176272484 7.2897634804 6.2964952016 6.7137221951 6.5467581835 6.0599137232 6.7985424987 6.3203440970 6.2377934701 6.6000959910 5.7076503561 6.4189042524 5.8588850657 6.8691156894 6.5058015572 6.6577148447 6.8212445271 5.8700225855 6.1557707124 6.4871332991 6.7802833821 6.6047010903 7.3206265911 6.6047010903 6.7802833821 6.4871332991 6.1557707124 5.8700225855 6.8212445271 6.6577148447 6.5058015572 6.8691156894 5.8588850657 6.4189042524 5.7076503561 6.6000959910 6.2377934701 6.3203440970 6.7985424987 6.0599137232 6.5467581835 6.7137221951 6.2964952016 7.2897634804 7.0176272484 7.0119820414 7.7184607595 7.4204672452 6.3002480743 7.2135611894 7.4925531816 7.6169385280 7.6175725721 7.4041193194
7.2628709836 7.4187718491 7.4190273697 6.6804765838 6.4507730343 6.9574627449 6.9858983461 7.0081915923 6.4753237629 6.7593616204 7.2548489312 6.4544112987 7.2460206730 7.3110536345 6.1472523153 6.3343980438 5.7448063928 6.8023373234 6.8279032487 5.7933140628 6.2395588989 6.2270738051 5.8768300488 6.7998252141 6.6339688035 5.2619830632 4.8914158804 6.3556228301 6.2775345854 5.8705256977 6.1493998188 6.4354843873 7.0760899803 6.4354843873 6.1493998188 5.8705256977 6.2775345854 6.3556228301 4.8914158804 5.2619830632 6.6339688035 6.7998252141 5.8768300488 6.2270738051 6.2395588989 5.7933140628 6.8279032487 6.8023373234 5.7448063928 6.3343980438 6.1472523153 7.3110536345 7.2460206730 6.4544112987 7.2548489312 6.7593616204 6.4753237629 7.0081915923 6.9858983461 6.9574627449 6.4507730343 6.6804765838 7.4190273697 7.4187718491
7.4095308773 7.1186278415 6.7423402426 7.3381518694 7.6800720711 7.3176963373 6.1368195043 6.9608542748 7.1356201840 7.1025293859 6.4965517200 6.8146612779 7.2964303543 6.4942731022 6.9556364582 6.7579149898 6.6229767854 7.0169506007 6.0178812229 6.5299519410 6.2576915541 4.5223931170 4.2552342253 5.2658039888 4.7224873472 5.0074540916 5.6696376319 5.9507092842 5.8271496777 4.8068515689 5.5224617038 5.6670296116 5.4899191269 5.6670296116 5.5224617038 4.8068515689 5.8271496777 5.9507092842 5.6696376319 5.0074540916 4.7224873472 5.2658039888 4.2552342253 4.5223931170 6.2576915541 6.5299519410 6.0178812229 7.0169506007 6.6229767854 6.7579149898 6.9556364582 6.4942731022 7.2964303543 6.8146612779 6.4965517200 7.1025293859 7.1356201840 6.9608542748 6.1368195043 7.3176963373 7.6800720711 7.3381518694 6.7423402426 7.1186278415
7.6591730610 7.3109821380 6.3135510490 6.3520226666 6.5738404970 6.2264050888 7.3041974022 7.2995205305 6.3628980663 5.6101438960 6.2451494219 6.4885774780 5.8935292438 6.9945902649 7.3734745885 6.5760048382 6.6651509477 6.2559788160 6.9741453357 6.9823637499 6.2598668934 6.7847951018 6.0930974056 6.9969708506 6.7228522821 5.1178199647 5.0048817172 6.0689180067 5.6180716669 5.6317355594 5.4332529210 6.4307898900 6.9130692228 6.4307898900 5.4332529210 5.6317355594 5.6180716669 6.0689180067 5.0048817172 5.1178199647 6.7228522821 6.9969708506 6.0930974056 6.7847951018 6.2598668934 6.9823637499 6.9741453357 6.2559788160 6.6651509477 6.5760048382 7.3734745885 6.9945902649 5.8935292438 6.4885774780 6.2451494219 5.6101438960 6.3628980663 7.2995205305 7.3041974022 6.2264050888 6.5738404970 6.3520226666 6.3135510490 7.3109821380
5.5493359734 6.7961780890 7.3846496361 7.2574090580 6.7928913672 6.8785001711 6.8240723188 6.2806221985 7.3180459756 7.2784614295 6.2614259576 5.7890249148 6.3444893902 6.6605101365 6.3241091156 6.3226914163 6.7681806542 6.2692156028 7.1880009900 6.6406304320 7.1276407360 7.2704797072 6.2060808419 6.8091531987 5.9946789012 6.2511395162 5.7643290414 6.7787107185 6.4773459101 6.2649898544 6.6312228904 5.6090330658 6.1060040532 5.6090330658 6.6312228904 6.2649898544 6.4773459101 6.7787107185 5.7643290414 6.2511395162 5.9946789012 6.8091531987 6.2060808419 7.2704797072 7.1276407360 6.6406304320 7.1880009900 6.2692156028 6.7681806542 6.3226914163 6.3241091156 6.6605101365 6.3444893902 5.7890249148 6.2614259576 7.2784614295 7.3180459756 6.2806221985 6.8240723188 6.8785001711 6.7928913672 7.2574090580 7.3846496361 6.7961780890
6.8101424501 7.0910793141 7.2225615270 6.6843447920 4.9526278048 4.4729108140 5.8894520874 7.0762156139 7.3372947605 6.5554597315 6.7596288893 6.8210097105 5.6984286741 6.4704935441 6.6404291225 6.7600129200 6.5117497519 5.7696968817 6.4421335156 5.8935206379 6.8909197016 6.5379403412 6.1208732722 6.0562956858 6.7738857282 7.1579645800 6.3180119934 6.4027749873 6.1859799882 6.0838810625 6.5707209732 6.0267442594 4.8751973232 6.0267442594 6.5707209732 6.0838810625 6.1859799882 6.4027749873 6.3180119934 7.1579645800 6.7738857282 6.0562956858 6.1208732722 6.5379403412 6.8909197016 5.8935206379 6.4421335156 5.7696968817 6.5117497519 6.7600129200 6.6404291225 6.4704935441 5.6984286741 6.8210097105 6.7596288893 6.5554597315 7.3372947605 7.0762156139 5.8894520874 4.4729108140 4.9526278048 6.6843447920 7.2225615270 7.0910793141
6.6090510751 6.4495431327 6.5619368360 7.0847358682 7.2043931521 6.6502208082 5.0279656194 3.9511152826 5.5732296619 6.9819946087 7.2838939318 6.5144808868 6.8393307409 7.0190360595 6.0512445982 5.4533564497 5.1621856019 4.2049805053 5.3009518419 5.6740302495 5.2794920548 6.6426768188 6.8499096348 5.9143029484 6.6801856287 6.6061436404 5.2694884448 4.9462708065 4.0011753886 4.0051661989 5.1088248074 4.9589655243 3.9231545299 4.9589655243 5.1088248074 4.0051661989 4.0011753886 4.9462708065 5.2694884448 6.6061436404 6.6801856287 5.9143029484 6.8499096348 6.6426768188 5.2794920548 5.6740302495 5.3009518419 4.2049805053 5.1621856019 5.4533564497 6.0512445982 7.0190360595 6.8393307409 6.5144808868 7.2838939318 6.9819946087 5.5732296619 3.9511152826 5.0279656194 6.6502208082 7.2043931521 7.0847358682 6.5619368360 6.4495431327
7.0235593795 6.8797063216 6.7361768708 6.8630617101 6.6535917369 5.7400564225 6.7050619401 6.7892478421 6.6177190758 6.6477937463 6.2061575695 6.2717161815 6.8155528740 6.0373498579 6.9682433464 7.1880440255 6.5381579089 5.6262878896 6.2496411034 5.6587449447 6.3157769373 6.8549015575 6.3579793703 5.4766025600 5.4160681660 6.6905151114 6.7123370643 5.9374087223 6.4660451340 5.9647951225 6.7860859338 6.2481066102 2.5467432893 6.2481066102 6.7860859338 5.9647951225 6.4660451340 5.9374087223 6.7123370643 6.6905151114 5.4160681660 5.4766025600 6.3579793703 6.8549015575 6.3157769373 5.6587449447 6.2496411034 5.6262878896 6.5381579089 7.1880440255 6.9682433464 6.0373498579 6.8155528740 6.2717161815 6.2061575695 6.6477937463 6.6177190758 6.7892478421 6.7050619401 5.7400564225 6.6535917369 6.8630617101 6.7361768708 6.8797063216
5.7101506741 6.3520291467 6.7990579917 6.7175530883 6.4408653327 6.5048079049 6.4420901562 5.5102723781 6.1312202502 6.5709458285 6.6817607262 6.5984465811 5.7648659155 6.5795586711 6.9427071285 6.3962720877 5.1279113701 5.6700803257 5.3984032308 4.6858003982 4.5590984957 4.8003766341 6.4560233391 6.7715486335 6.1891768737 7.2550124110 7.0259783438 6.6315767258 7.0268914520 6.1573878984 6.7682383270 6.0944935180 6.8491109260 6.0944935180 6.7682383270 6.1573878984 7.0268914520 6.6315767258 7.0259783438 7.2550124110 6.1891768737 6.7715486335 6.4560233391 4.8003766341 4.5590984957 4.6858003982 5.3984032308 5.6700803257 5.1279113701 6.3962720877 6.9427071285 6.5795586711 5.7648659155 6.5984465811 6.6817607262 6.5709458285 6.1312202502 5.5102723781 6.4420901562 6.5048079049 6.4408653327 6.7175530883 6.7990579917 6.3520291467
6.3375402003 6.7525411786 7.0933016930 6.9349303621 6.1961821359 4.7632204806 5.8713223409 6.5922402254 6.8614425340 6.7313352284 6.1971058984 5.1312577514 6.2313174849 6.2444592786 6.1332593201 7.0768685018 6.9156306036 5.7072593345 6.2164829081 5.3160751883 5.8234200457 6.0139392603 6.5317469018 6.8402801514 6.1582670348 6.4587655047 6.2211187668 6.7485443250 6.8916424941 6.1838720676 6.6177977516 6.6685306036 7.3650488790 6.6685306036 6.6177977516 6.1838720676 6.8916424941 6.7485443250 6.2211187668 6.4587655047 6.1582670348 6.8402801514 6.5317469018 6.0139392603 5.8234200457 5.3160751883 6.2164829081 5.7072593345 6.9156306036 7.0768685018 6.1332593201 6.2444592786 6.2313174849 5.1312577514 6.1971058984 6.7313352284 6.8614425340 6.5922402254 5.8713223409 4.7632204806 6.1961821359 6.9349303621 7.0933016930 6.7525411786
6.6118887928 6.3218072938 5.7358458418 6.1002860658 6.5367207473 6.4988817493 6.0750848629 5.2806234765 5.3005810665 6.2781289027 6.5144296891 6.4181721178 6.1989717172 5.4719172801 6.8337487842 7.2527228894 6.6272917543 6.6918272962 6.8727827565 5.7270376656 6.0330594483 6.0072709598 6.5788060106 5.6840184259 6.3595728516 5.9373924164 4.5047989767 5.8539342364 5.6691377663 6.4651500861 6.7178748453 6.0622400767 6.8220584910 6.0622400767 6.7178748453 6.4651500861 5.6691377663 5.8539342364 4.5047989767 5.9373924164 6.3595728516 5.6840184259 6.5788060106 6.0072709598 6.0330594483 5.7270376656 6.8727827565 6.6918272962 6.6272917543 7.2527228894 6.8337487842 5.4719172801 6.1989717172 6.4181721178 6.5144296891 6.2781289027 5.3005810665 5.2806234765 6.0750848629 6.4988817493 6.5367207473 6.1002860658 5.7358458418 6.3218072938
6.7916606098 6.7241011352 6.7028525140 6.7904742863 6.5840296702 5.5536742234 5.8790624195 6.3799554988 6.7068373740 6.8730759606 6.4910823454 5.1402230967 5.4382630609 4.5855825907 4.8741418396 3.5209688896 6.1037192657 6.8462435814 6.4143345991 6.4971855227 6.5841193928 6.7725385878 7.4117256946 6.8495034357 6.2898709618 6.3476627632 5.6317402143 6.0594550897 5.2668630736 5.5367062571 6.1450482906 5.9039237265 5.2751508148 5.9039237265 6.1450482906 5.5367062571 5.2668630736 6.0594550897 5.6317402143 6.3476627632 6.2898709618 6.8495034357 7.4117256946 6.7725385878 6.5841193928 6.4971855227 6.4143345991 6.8462435814 6.1037192657 3.5209688896 4.8741418396 4.5855825907 5.4382630609 5.1402230967 6.4910823454 6.8730759606 6.7068373740 6.3799554988 5.8790624195 5.5536742234 6.5840296702 6.7904742863 6.7028525140 6.7241011352
6.2951684948 6.2553801990 5.9103438997 5.0481216548 5.6950693011 6.4692397471 6.4015141241 5.2010405243 5.3505800873 4.6157001978 5.9257684681 6.8712816257 6.8208014651 6.0938547806 6.9969777772 6.8285792344 5.8968254801 4.8556264627 5.5980353033 6.7857760461 6.8558906588 5.9382434816 6.7166724389 6.0735327792 6.3139592633 5.9254426159 6.5345410154 6.6013807874 5.8371789010 6.6146401879 6.1474476000 5.7026397144 6.2871875707 5.7026397144 6.1474476000 6.6146401879 5.8371789010 6.6013807874 6.5345410154 5.9254426159 6.3139592633 6.0735327792 6.7166724389 5.9382434816 6.8558906588 6.7857760461 5.5980353033 4.8556264627 5.8968254801 6.8285792344 6.9969777772 6.0938547806 6.8208014651 6.8712816257 5.9257684681 4.6157001978 5.3505800873 5.2010405243 6.4015141241 6.4692397471 5.6950693011 5.0481216548 5.9103438997 6.2553801990
6.7383373851 6.8207249697 6.7718692671 6.3655255509 6.1251788804 6.2942485485 5.6564802836 6.7438941360 7.0636288661 6.4365543704 5.0912205490 6.3811448337 6.6183788844 5.8591467641 6.6795761892 6.0111107135 6.7160955060 6.6890314878 5.2973850467 5.0504498646 5.9270795451 6.3547873807 6.1610711177 6.2930585061 6.3366376745 5.4819464867 6.4000890237 6.0913272633 6.3503645507 6.9134138607 6.5583851763 5.1771898686 5.4692464105 5.1771898686 6.5583851763 6.9134138607 6.3503645507 6.0913272633 6.4000890237 5.4819464867 6.3366376745 6.2930585061 6.1610711177 6.3547873807 5.9270795451 5.0504498646 5.2973850467 6.6890314878 6.7160955060 6.0111107135 6.6795761892 5.8591467641 6.6183788844 6.3811448337 5.0912205490 6.4365543704 7.0636288661 6.7438941360 5.6564802836 6.2942485485 6.1251788804 6.3655255509 6.7718692671 6.8207249697
6.5092442044 5.9742425501 3.5261715892 5.6743478893 6.1405123843 5.2314699423 4.3233894045 6.2496679768 6.4508426747 6.1687499630 7.0250754057 6.6387453109 5.3013734880 5.1603095055 4.6697373637 6.4012219315 7.1570923850 6.7221001460 6.7871709541 7.2439164587 6.5657287373 5.9983509009 6.2993600423 5.6251907746 4.0728099070 4.4718637776 4.2873987344 4.7883758844 5.1230122594 4.5903966469 5.3333969438 4.5140156845 4.6798698180 4.5140156845 5.3333969438 4.5903966469 5.1230122594 4.7883758844 4.2873987344 4.4718637776 4.0728099070 5.6251907746 6.2993600423 5.9983509009 6.5657287373 7.2439164587 6.7871709541 6.7221001460 7.1570923850 6.4012219315 4.6697373637 5.1603095055 5.3013734880 6.6387453109 7.0250754057 6.1687499630 6.4508426747 6.2496679768 4.3233894045 5.2314699423 6.1405123843 5.6743478893 3.5261715892 5.9742425501
7.2665444832 6.8471998679 5.6338397316 6.4483955313 6.9148628247 6.2232482823 6.2938119414 6.2397130818 5.0272264520 6.4868234816 7.1416363532 6.8417025443 5.4960785181 5.6963240043 4.9235853222 4.8942202187 5.9808263849 5.5655206419 6.7226521155 6.9544017776 6.1472672110 4.5315854306 5.5513500269 6.4921084165 6.4072894663 5.3240403116 6.1176667456 6.0954637972 5.9586840812 6.9531133142 6.8900382430 5.7510411994 6.2635252895 5.7510411994 6.8900382430 6.9531133142 5.9586840812 6.0954637972 6.1176667456 5.3240403116 6.4072894663 6.4921084165 5.5513500269 4.5315854306 6.1472672110 6.9544017776 6.7226521155 5.5655206419 5.9808263849 4.8942202187 4.9235853222 5.6963240043 5.4960785181 6.8417025443 7.1416363532 6.4868234816 5.0272264520 6.2397130818 6.2938119414 6.2232482823 6.9148628247 6.4483955313 5.6338397316 6.8471998679
6.0067913022 5.9785432608 6.8260731491 6.1381231108 6.4113024797 5.9297272492 6.7449422972 6.6459368712 5.8763152052 6.3341530311 5.2938857763 5.2410466911 6.3404681349 6.0672100042 6.2107065668 6.7675860930 6.4024105339 5.2154755251 5.4450755568 6.4169474654 6.6746950050 6.0225165319 6.1535171755 6.5710420749 6.0261863310 5.1611414110 6.0676826028 6.0727671726 5.3442919466 6.4500297984 6.3222154050 6.0848047680 6.7564526476 6.0848047680 6.3222154050 6.4500297984 5.3442919466 6.0727671726 6.0676826028 5.1611414110 6.0261863310 6.5710420749 6.1535171755 6.0225165319 6.6746950050 6.4169474654 5.4450755568 5.2154755251 6.4024105339 6.7675860930 6.2107065668 6.0672100042 6.3404681349 5.2410466911 5.2938857763 6.3341530311 5.8763152052 6.6459368712 6.7449422972 5.9297272492 6.4113024797 6.1381231108 6.8260731491 5.9785432608
5.1911665259 6.7791228147 7.3269682699 6.8481394258 5.7552162468 5.5931167789 6.3306687605 6.0070887837 6.7511567410 7.1282755020 6.7009699782 6.0874590917 6.2198595922 5.8892422823 5.6662172481 6.3715737252 6.1085575839 5.2030883983 6.5038166363 7.0171495652 6.8774126864 5.7832795322 5.2208183331 5.4664143142 6.2191815584 5.4906413287 5.5793954438 5.1093021917 6.1385225302 6.2096361191 5.6300736063 5.6959585707 5.9789034167 5.6959585707 5.6300736063 6.2096361191 6.1385225302 5.1093021917 5.5793954438 5.4906413287 6.2191815584 5.4664143142 5.2208183331 5.7832795322 6.8774126864 7.0171495652 6.5038166363 5.2030883983 6.1085575839 6.3715737252 5.6662172481 5.8892422823 6.2198595922 6.0874590917 6.7009699782 7.1282755020 6.7511567410 6.0070887837 6.3306687605 5.5931167789 5.7552162468 6.8481394258 7.3269682699 6.7791228147
6.6623558327 5.9290630107 6.0543834798 5.5547823682 6.1646672907 5.9127627969 5.2625794577 5.0344983322 5.8848689849 5.5759527123 5.9907854968 6.3418635563 5.6939892545 4.5197722081 5.6026302274 6.1044389097 5.9496573942 4.7626106810 5.2299792805 4.7850632879 5.6938656384 6.3852721392 5.8742660942 6.6789755538 6.9242698422 6.0702901630 6.9481066748 6.5562893559 6.3457492248 6.7188597141 5.8113459626 6.0426690086 6.4046084189 6.0426690086 5.8113459626 6.7188597141 6.3457492248 6.5562893559 6.9481066748 6.0702901630 6.9242698422 6.6789755538 5.8742660942 6.3852721392 5.6938656384 4.7850632879 5.2299792805 4.7626106810 5.9496573942 6.1044389097 5.6026302274 4.5197722081 5.6939892545 6.3418635563 5.9907854968 5.5759527123 5.8848689849 5.0344983322 5.2625794577 5.9127627969 6.1646672907 5.5547823682 6.0543834798 5.9290630107
7.0514657329 6.8440102462 6.4219374988 6.3315641140 6.2117677663 5.3291134350 4.0076308302 3.0447911345 5.6256480578 6.7526972327 7.0565873818 6.7649484093 6.1124770491 5.5395724197 5.5068889715 6.6381993378 6.5984379413 5.8811979592 6.7923866843 6.7691053048 6.5894659160 6.7012133200 6.2559738175 6.1976041374 6.5348728090 6.0176680604 6.8709650520 6.3886816883 5.7453842792 5.6288396714 5.9828905695 6.4315058889 6.3941559779 6.4315058889 5.9828905695 5.6288396714 5.7453842792 6.3886816883 6.8709650520 6.0176680604 6.5348728090 6.1976041374 6.2559738175 6.7012133200 6.5894659160 6.7691053048 6.7923866843 5.8811979592 6.5984379413 6.6381993378 5.5068889715 5.5395724197 6.1124770491 6.7649484093 7.0565873818 6.7526972327 5.6256480578 3.0447911345 4.0076308302 5.3291134350 6.2117677663 6.3315641140 6.4219374988 6.8440102462
5.7719090913 5.1831767031 5.2707504590 5.4487398554 5.2247834003 5.9180535440 5.1458435191 5.8440598818 5.2919744306 6.0498513477 5.6542072377 6.3021772382 6.2922666731 5.9344375956 6.3608122665 5.4591394065 5.9766190069 5.5285309496 6.1398581795 5.5764248956 6.3809109254 5.6648455305 5.9027740911 5.5860155622 4.0485279799 4.2928564942 4.5076840053 5.8453977102 5.7950111192 6.1183868098 6.4478451462 5.9006647479 6.6626659289 5.9006647479 6.4478451462 6.1183868098 5.7950111192 5.8453977102 4.5076840053 4.2928564942 4.0485279799 5.5860155622 5.9027740911 5.6648455305 6.3809109254 5.5764248956 6.1398581795 5.5285309496 5.9766190069 5.4591394065 6.3608122665 5.9344375956 6.2922666731 6.3021772382 5.6542072377 6.0498513477 5.2919744306 5.8440598818 5.1458435191 5.9180535440 5.2247834003 5.4487398554 5.2707504590 5.1831767031
7.2619270927 6.9850567286 6.0652214979 5.3304180927 6.3597168114 6.5344512014 5.6241697549 6.4400253409 6.2462693265 5.0817491030 6.5946897447 7.3259743180 7.1180216457 6.2253754542 6.9120752772 6.2570156126 4.9436681036 4.6532219662 5.1933454974 6.9107495443 7.3650489662 6.8957606900 5.7969580834 6.2875653526 5.5803054516 5.0408982386 6.3056855254 6.7572555245 6.2016692866 6.4763815042 6.4868203186 6.8272876555 7.4295208428 6.8272876555 6.4868203186 6.4763815042 6.2016692866 6.7572555245 6.3056855254 5.0408982386 5.5803054516 6.2875653526 5.7969580834 6.8957606900 7.3650489662 6.9107495443 5.1933454974 4.6532219662 4.9436681036 6.2570156126 6.9120752772 6.2253754542 7.1180216457 7.3259743180 6.5946897447 5.0817491030 6.2462693265 6.4400253409 5.6241697549 6.5344512014 6.3597168114 5.3304180927 6.0652214979 6.9850567286
5.7719090913 5.1831767031 5.2707504590 5.4487398554 5.2247834003 5.9180535440 5.1458435191 5.8440598818 5.2919744306 6.0498513477 5.6542072377 6.3021772382 6.2922666731 5.9344375956 6.3608122665 5.4591394065 5.9766190069 5.5285309496 6.1398581795 5.5764248956 6.3809109254 5.6648455305 5.9027740911 5.5860155622 4.0485279799 4.2928564942 4.5076840053 5.8453977102 5.7950111192 6.1183868098 6.4478451462 5.9006647479 6.6626659289 5.9006647479 6.4478451462 6.1183868098 5.7950111192 5.8453977102 4.5076840053 4.2928564942 4.0485279799 5.5860155622 5.9027740911 5.6648455305 6.3809109254 5.5764248956 6.1398581795 5.5285309496 5.9766190069 5.4591394065 6.3608122665 5.9344375956 6.2922666731 6.3021772382 5.6542072377 6.0498513477 5.2919744306 5.8440598818 5.1458435191 5.9180535440 5.2247834003 5.4487398554 5.2707504590 5.1831767031
7.0514657329 6.8440102462 6.4219374988 6.3315641140 6.2117677663 5.3291134350 4.0076308302 3.0447911345 5.6256480578 6.7526972327 7.0565873818 6.7649484093 6.1124770491 5.5395724197 5.5068889715 6.6381993378 6.5984379413 5.8811979592 6.7923866843 6.7691053048 6.5894659160 6.7012133200 6.2559738175 6.1976041374 6.5348728090 6.0176680604 6.8709650520 6.3886816883 5.7453842792 5.6288396714 5.9828905695 6.4315058889 6.3941559779 6.4315058889 5.9828905695 5.6288396714 5.7453842792 6.3886816883 6.8709650520 6.0176680604 6.5348728090 6.1976041374 6.2559738175 6.7012133200 6.5894659160 6.7691053048 6.7923866843 5.8811979592 6.5984379413 6.6381993378 5.5068889715 5.5395724197 6.1124770491 6.7649484093 7.0565873818 6.7526972327 5.6256480578 3.0447911345 4.0076308302 5.3291134350 6.2117677663 6.3315641140 6.4219374988 6.8440102462
6.6623558327 5.9290630107 6.0543834798 5.5547823682 6.1646672907 5.9127627969 5.2625794577 5.0344983322 5.8848689849 5.5759527123 5.9907854968 6.3418635563 5.6939892545 4.5197722081 5.6026302274 6.1044389097 5.9496573942 4.7626106810 5.2299792805 4.7850632879 5.6938656384 6.3852721392 5.8742660942 6.6789755538 6.9242698422 6.0702901630 6.9481066748 6.5562893559 6.3457492248 6.7188597141 5.8113459626 6.0426690086 6.4046084189 6.0426690086 5.8113459626 6.7188597141 6.3457492248 6.5562893559 6.9481066748 6.0702901630 6.9242698422 6.6789755538 5.8742660942 6.3852721392 5.6938656384 4.7850632879 5.2299792805 4.7626106810 5.9496573942 6.1044389097 5.6026302274 4.5197722081 5.6939892545 6.3418635563 5.9907854968 5.5759527123 5.8848689849 5.0344983322 5.2625794577 5.9127627969 6.1646672907 5.5547823682 6.0543834798 5.9290630107
5.1911665259 6.7791228147 7.3269682699 6.8481394258 5.7552162468 5.5931167789 6.3306687605 6.0070887837 6.7511567410 7.1282755020 6.7009699782 6.0874590917 6.2198595922 5.8892422823 5.6662172481 6.3715737252 6.1085575839 5.2030883983 6.5038166363 7.0171495652 6.8774126864 5.7832795322 5.2208183331 5.4664143142 6.2191815584 5.4906413287 5.5793954438 5.1093021917 6.1385225302 6.2096361191 5.6300736063 5.6959585707 5.9789034167 5.6959585707 5.6300736063 6.2096361191 6.1385225302 5.1093021917 5.5793954438 5.4906413287 6.2191815584 5.4664143142 5.2208183331 5.7832795322 6.8774126864 7.0171495652 6.5038166363 5.2030883983 6.1085575839 6.3715737252 5.6662172481 5.8892422823 6.2198595922 6.0874590917 6.7009699782 7.1282755020 6.7511567410 6.0070887837 6.3306687605 5.5931167789 5.7552162468 6.8481394258 7.3269682699 6.7791228147
6.0067913022 5.9785432608 6.8260731491 6.1381231108 6.4113024797 5.9297272492 6.7449422972 6.6459368712 5.8763152052 6.3341530311 5.2938857763 5.2410466911 6.3404681349 6.0672100042 6.2107065668 6.7675860930 6.4024105339 5.2154755251 5.4450755568 6.4169474654 6.6746950050 6.0225165319 6.1535171755 6.5710420749 6.0261863310 5.1611414110 6.0676826028 6.0727671726 5.3442919466 6.4500297984 6.3222154050 6.0848047680 6.7564526476 6.0848047680 6.3222154050 6.4500297984 5.3442919466 6.0727671726 6.0676826028 5.1611414110 6.0261863310 6.5710420749 6.1535171755 6.0225165319 6.6746950050 6.4169474654 5.4450755568 5.2154755251 6.4024105339 6.7675860930 6.2107065668 6.0672100042 6.3404681349 5.2410466911 5.2938857763 6.3341530311 5.8763152052 6.6459368712 6.7449422972 5.9297272492 6.4113024797 6.1381231108 6.8260731491 5.9785432608
7.2665444832 6.8471998679 5.6338397316 6.4483955313 6.9148628247 6.2232482823 6.2938119414 6.2397130818 5.0272264520 6.4868234816 7.1416363532 6.8417025443 5.4960785181 5.6963240043 4.9235853222 4.8942202187 5.9808263849 5.5655206419 6.7226521155 6.9544017776 6.1472672110 4.5315854306 5.5513500269 6.4921084165 6.4072894663 5.3240403116 6.1176667456 6.0954637972 5.9586840812 6.9531133142 6.8900382430 5.7510411994 6.2635252895 5.7510411994 6.8900382430 6.9531133142 5.9586840812 6.0954637972 6.1176667456 5.3240403116 6.4072894663 6.4921084165 5.5513500269 4.5315854306 6.1472672110 6.9544017776 6.7226521155 5.5655206419 5.9808263849 4.8942202187 4.9235853222 5.6963240043 5.4960785181 6.8417025443 7.1416363532 6.4868234816 5.0272264520 6.2397130818 6.2938119414 6.2232482823 6.9148628247 6.4483955313 5.6338397316 6.8471998679
6.5092442044 5.9742425501 3.5261715892 5.6743478893 6.1405123843 5.2314699423 4.3233894045 6.2496679768 6.4508426747 6.1687499630 7.0250754057 6.6387453109 5.3013734880 5.1603095055 4.6697373637 6.4012219315 7.1570923850 6.7221001460 6.7871709541 7.2439164587 6.5657287373 5.9983509009 6.2993600423 5.6251907746 4.0728099070 4.4718637776 4.2873987344 4.7883758844 5.1230122594 4.5903966469 5.3333969438 4.5140156845 4.6798698180 4.5140156845 5.3333969438 4.5903966469 5.1230122594 4.7883758844 4.2873987344 4.4718637776 4.0728099070 5.6251907746 6.2993600423 5.9983509009 6.5657287373 7.2439164587 6.7871709541 6.7221001460 7.1570923850 6.4012219315 4.6697373637 5.1603095055 5.3013734880 6.6387453109 7.0250754057 6.1687499630 6.4508426747 6.2496679768 4.3233894045 5.2314699423 6.1405123843 5.6743478893 3.5261715892 5.9742425501
6.7383373851 6.8207249697 6.7718692671 6.3655255509 6.1251788804 6.2942485485 5.6564802836 6.7438941360 7.0636288661 6.4365543704 5.0912205490 6.3811448337 6.6183788844 5.8591467641 6.6795761892 6.0111107135 6.7160955060 6.6890314878 5.2973850467 5.0504498646 5.9270795451 6.3547873807 6.1610711177 6.2930585061 6.3366376745 5.4819464867 6.4000890237 6.0913272633 6.3503645507 6.9134138607 6.5583851763 5.1771898686 5.4692464105 5.1771898686 6.5583851763 6.9134138607 6.3503645507 6.0913272633 6.4000890237 5.4819464867 6.3366376745 6.2930585061 6.1610711177 6.3547873807 5.9270795451 5.0504498646 5.2973850467 6.6890314878 6.7160955060 6.0111107135 6.6795761892 5.8591467641 6.6183788844 6.3811448337 5.0912205490 6.4365543704 7.0636288661 6.7438941360 5.6564802836 6.2942485485 6.1251788804 6.3655255509 6.7718692671 6.8207249697
6.2951684948 6.2553801990 5.9103438997 5.0481216548 5.6950693011 6.4692397471 6.4015141241 5.2010405243 5.3505800873 4.6157001978 5.9257684681 6.8712816257 6.8208014651 6.0938547806 6.9969777772 6.8285792344 5.8968254801 4.8556264627 5.5980353033 6.7857760461 6.8558906588 5.9382434816 6.7166724389 6.0735327792 6.3139592633 5.9254426159 6.5345410154 6.6013807874 5.8371789010 6.6146401879 6.1474476000 5.7026397144 6.2871875707 5.7026397144 6.1474476000 6.6146401879 5.8371789010 6.6013807874 6.5345410154 5.9254426159 6.3139592633 6.0735327792 6.7166724389 5.9382434816 6.8558906588 6.7857760461 5.5980353033 4.8556264627 5.8968254801 6.8285792344 6.9969777772 6.0938547806 6.8208014651 6.8712816257 5.9257684681 4.6157001978 5.3505800873 5.2010405243 6.4015141241 6.4692397471 5.6950693011 5.0481216548 5.9103438997 6.2553801990
6.7916606098 6.7241011352 6.7028525140 6.7904742863 6.5840296702 5.5536742234 5.8790624195 6.3799554988 6.7068373740 6.8730759606 6.4910823454 5.1402230967 5.4382630609 4.5855825907 4.8741418396 3.5209688896 6.1037192657 6.8462435814 6.4143345991 6.4971855227 6.5841193928 6.7725385878 7.4117256946 6.8495034357 6.2898709618 6.3476627632 5.6317402143 6.0594550897 5.2668630736 5.5367062571 6.1450482906 5.9039237265 5.2751508148 5.9039237265 6.1450482906 5.5367062571 5.2668630736 6.0594550897 5.6317402143 6.3476627632 6.2898709618 6.8495034357 7.4117256946 6.7725385878 6.5841193928 6.4971855227 6.4143345991 6.8462435814 6.1037192657 3.5209688896 4.8741418396 4.5855825907 5.4382630609 5.1402230967 6.4910823454 6.8730759606 6.7068373740 6.3799554988 5.8790624195 5.5536742234 6.5840296702 6.7904742863 6.7028525140 6.7241011352
6.6118887928 6.3218072938 5.7358458418 6.1002860658 6.5367207473 6.4988817493 6.0750848629 5.2806234765 5.3005810665 6.2781289027 6.5144296891 6.4181721178 6.1989717172 5.4719172801 6.8337487842 7.2527228894 6.6272917543 6.6918272962 6.8727827565 5.7270376656 6.0330594483 6.0072709598 6.5788060106 5.6840184259 6.3595728516 5.9373924164 4.5047989767 5.8539342364 5.6691377663 6.4651500861 6.7178748453 6.0622400767 6.8220584910 6.0622400767 6.7178748453 6.4651500861 5.6691377663 5.8539342364 4.5047989767 5.9373924164 6.3595728516 5.6840184259 6.5788060106 6.0072709598 6.0330594483 5.7270376656 6.8727827565 6.6918272962 6.6272917543 7.2527228894 6.8337487842 5.4719172801 6.1989717172 6.4181721178 6.5144296891 6.2781289027 5.3005810665 5.2806234765 6.0750848629 6.4988817493 6.5367207473 6.1002860658 5.7358458418 6.3218072938
6.3375402003 6.7525411786 7.0933016930 6.9349303621 6.1961821359 4.7632204806 5.8713223409 6.5922402254 6.8614425340 6.7313352284 6.1971058984 5.1312577514 6.2313174849 6.2444592786 6.1332593201 7.0768685018 6.9156306036 5.7072593345 6.2164829081 5.3160751883 5.8234200457 6.0139392603 6.5317469018 6.8402801514 6.1582670348 6.4587655047 6.2211187668 6.7485443250 6.8916424941 6.1838720676 6.6177977516 6.6685306036 7.3650488790 6.6685306036 6.6177977516 6.1838720676 6.8916424941 6.7485443250 6.2211187668 6.4587655047 6.1582670348 6.8402801514 6.5317469018 6.0139392603 5.8234200457 5.3160751883 6.2164829081 5.7072593345 6.9156306036 7.0768685018 6.1332593201 6.2444592786 6.2313174849 5.1312577514 6.1971058984 6.7313352284 6.8614425340 6.5922402254 5.8713223409 4.7632204806 6.1961821359 6.9349303621 7.0933016930 6.7525411786
5.7101506741 6.3520291467 6.7990579917 6.7175530883 6.4408653327 6.5048079049 6.4420901562 5.5102723781 6.1312202502 6.5709458285 6.6817607262 6.5984465811 5.7648659155 6.5795586711 6.9427071285 6.3962720877 5.1279113701 5.6700803257 5.3984032308 4.6858003982 4.5590984957 4.8003766341 6.4560233391 6.7715486335 6.1891768737 7.2550124110 7.0259783438 6.6315767258 7.0268914520 6.1573878984 6.7682383270 6.0944935180 6.8491109260 6.0944935180 6.7682383270 6.1573878984 7.0268914520 6.6315767258 7.0259783438 7.2550124110 6.1891768737 6.7715486335 6.4560233391 4.8003766341 4.5590984957 4.6858003982 5.3984032308 5.6700803257 5.1279113701 6.3962720877 6.9427071285 6.5795586711 5.7648659155 6.5984465811 6.6817607262 6.5709458285 6.1312202502 5.5102723781 6.4420901562 6.5048079049 6.4408653327 6.7175530883 6.7990579917 6.3520291467
7.0235593795 6.8797063216 6.7361768708 6.8630617101 6.6535917369 5.7400564225 6.7050619401 6.7892478421 6.6177190758 6.6477937463 6.2061575695 6.2717161815 6.8155528740 6.0373498579 6.9682433464 7.1880440255 6.5381579089 5.6262878896 6.2496411034 5.6587449447 6.3157769373 6.8549015575 6.3579793703 5.4766025600 5.4160681660 6.6905151114 6.7123370643 5.9374087223 6.4660451340 5.9647951225 6.7860859338 6.2481066102 2.5467432893 6.2481066102 6.7860859338 5.9647951225 6.4660451340 5.9374087223 6.7123370643 6.6905151114 5.4160681660 5.4766025600 6.3579793703 6.8549015575 6.3157769373 5.6587449447 6.2496411034 5.6262878896 6.5381579089 7.1880440255 6.9682433464 6.0373498579 6.8155528740 6.2717161815 6.2061575695 6.6477937463 6.6177190758 6.7892478421 6.7050619401 5.7400564225 6.6535917369 6.8630617101 6.7361768708 6.8797063216
6.6090510751 6.4495431327 6.5619368360 7.0847358682 7.2043931521 6.6502208082 5.0279656194 3.9511152826 5.5732296619 6.9819946087 7.2838939318 6.5144808868 6.8393307409 7.0190360595 6.0512445982 5.4533564497 5.1621856019 4.2049805053 5.3009518419 5.6740302495 5.2794920548 6.6426768188 6.8499096348 5.9143029484 6.6801856287 6.6061436404 5.2694884448 4.9462708065 4.0011753886 4.0051661989 5.1088248074 4.9589655243 3.9231545299 4.9589655243 5.1088248074 4.0051661989 4.0011753886 4.9462708065 5.2694884448 6.6061436404 6.6801856287 5.9143029484 6.8499096348 6.6426768188 5.2794920548 5.6740302495 5.3009518419 4.2049805053 5.1621856019 5.4533564497 6.0512445982 7.0190360595 6.8393307409 6.5144808868 7.2838939318 6.9819946087 5.5732296619 3.9511152826 5.0279656194 6.6502208082 7.2043931521 7.0847358682 6.5619368360 6.4495431327
6.8101424501 7.0910793141 7.2225615270 6.6843447920 4.9526278048 4.4729108140 5.8894520874 7.0762156139 7.3372947605 6.5554597315 6.7596288893 6.8210097105 5.6984286741 6.4704935441 6.6404291225 6.7600129200 6.5117497519 5.7696968817 6.4421335156 5.8935206379 6.8909197016 6.5379403412 6.1208732722 6.0562956858 6.7738857282 7.1579645800 6.3180119934 6.4027749873 6.1859799882 6.0838810625 6.5707209732 6.0267442594 4.8751973232 6.0267442594 6.5707209732 6.0838810625 6.1859799882 6.4027749873 6.3180119934 7.1579645800 6.7738857282 6.0562956858 6.1208732722 6.5379403412 6.8909197016 5.8935206379 6.4421335156 5.7696968817 6.5117497519 6.7600129200 6.6404291225 6.4704935441 5.6984286741 6.8210097105 6.7596288893 6.5554597315 7.3372947605 7.0762156139 5.8894520874 4.4729108140 4.9526278048 6.6843447920 7.2225615270 7.0910793141
5.5493359734 6.7961780890 7.3846496361 7.2574090580 6.7928913672 6.8785001711 6.8240723188 6.2806221985 7.3180459756 7.2784614295 6.2614259576 5.7890249148 6.3444893902 6.6605101365 6.3241091156 6.3226914163 6.7681806542 6.2692156028 7.1880009900 6.6406304320 7.1276407360 7.2704797072 6.2060808419 6.8091531987 5.9946789012 6.2511395162 5.7643290414 6.7787107185 6.4773459101 6.2649898544 6.6312228904 5.6090330658 6.1060040532 5.6090330658 6.6312228904 6.2649898544 6.4773459101 6.7787107185 5.7643290414 6.2511395162 5.9946789012 6.8091531987 6.2060808419 7.2704797072 7.1276407360 6.6406304320 7.1880009900 6.2692156028 6.7681806542 6.3226914163 6.3241091156 6.6605101365 6.3444893902 5.7890249148 6.2614259576 7.2784614295 7.3180459756 6.2806221985 6.8240723188 6.8785001711 6.7928913672 7.2574090580 7.3846496361 6.7961780890
7.6591730610 7.3109821380 6.3135510490 6.3520226666 6.5738404970 6.2264050888 7.3041974022 7.2995205305 6.3628980663 5.6101438960 6.2451494219 6.4885774780 5.8935292438 6.9945902649 7.3734745885 6.5760048382 6.6651509477 6.2559788160 6.9741453357 6.9823637499 6.2598668934 6.7847951018 6.0930974056 6.9969708506 6.7228522821 5.1178199647 5.0048817172 6.0689180067 5.6180716669 5.6317355594 5.4332529210 6.4307898900 6.9130692228 6.4307898900 5.4332529210 5.6317355594 5.6180716669 6.0689180067 5.0048817172 5.1178199647 6.7228522821 6.9969708506 6.0930974056 6.7847951018 6.2598668934 6.9823637499 6.9741453357 6.2559788160 6.6651509477 6.5760048382 7.3734745885 6.9945902649 5.8935292438 6.4885774780 6.2451494219 5.6101438960 6.3628980663 7.2995205305 7.3041974022 6.2264050888 6.5738404970 6.3520226666 6.3135510490 7.3109821380
7.4095308773 7.1186278415 6.7423402426 7.3381518694 7.6800720711 7.3176963373 6.1368195043 6.9608542748 7.1356201840 7.1025293859 6.4965517200 6.8146612779 7.2964303543 6.4942731022 6.9556364582 6.7579149898 6.6229767854 7.0169506007 6.0178812229 6.5299519410 6.2576915541 4.5223931170 4.2552342253 5.2658039888 4.7224873472 5.0074540916 5.6696376319 5.9507092842 5.8271496777 4.8068515689 5.5224617038 5.6670296116 5.4899191269 5.6670296116 5.5224617038 4.8068515689 5.8271496777 5.9507092842 5.6696376319 5.0074540916 4.7224873472 5.2658039888 4.2552342253 4.5223931170 6.2576915541 6.5299519410 6.0178812229 7.0169506007 6.6229767854 6.7579149898 6.9556364582 6.4942731022 7.2964303543 6.8146612779 6.4965517200 7.1025293859 7.1356201840 6.9608542748 6.1368195043 7.3176963373 7.6800720711 7.3381518694 6.7423402426 7.1186278415
7.2628709836 7.4187718491 7.4190273697 6.6804765838 6.4507730343 6.9574627449 6.9858983461 7.0081915923 6.4753237629 6.7593616204 7.2548489312 6.4544112987 7.2460206730 7.3110536345 6.1472523153 6.3343980438 5.7448063928 6.8023373234 6.8279032487 5.7933140628 6.2395588989 6.2270738051 5.8768300488 6.7998252141 6.6339688035 5.2619830632 4.8914158804 6.3556228301 6.2775345854 5.8705256977 6.1493998188 6.4354843873 7.0760899803 6.4354843873 6.1493998188 5.8705256977 6.2775345854 6.3556228301 4.8914158804 5.2619830632 6.6339688035 6.7998252141 5.8768300488 6.2270738051 6.2395588989 5.7933140628 6.8279032487 6.8023373234 5.7448063928 6.3343980438 6.1472523153 7.3110536345 7.2460206730 6.4544112987 7.2548489312 6.7593616204 6.4753237629 7.0081915923 6.9858983461 6.9574627449 6.4507730343 6.6804765838 7.4190273697 7.4187718491
7.2131160873 7.4041193194 7.6175725721 7.6169385280 7.4925531816 7.2135611894 6.3002480743 7.4204672452 7.7184607595 7.0119820414 7.0176272484 7.2897634804 6.2964952016 6.7137221951 6.5467581835 6.0599137232 6.7985424987 6.3203440970 6.2377934701 6.6000959910 5.7076503561 6.4189042524 5.8588850657 6.8691156894 6.5058015572 6.6577148447 6.8212445271 5.8700225855 6.1557707124 6.4871332991 6.7802833821 6.6047010903 7.3206265911 6.6047010903 6.7802833821 6.4871332991 6.1557707124 5.8700225855 6.8212445271 6.6577148447 6.5058015572 6.8691156894 5.8588850657 6.4189042524 5.7076503561 6.6000959910 6.2377934701 6.3203440970 6.7985424987 6.0599137232 6.5467581835 6.7137221951 6.2964952016 7.2897634804 7.0176272484 7.0119820414 7.7184607595 7.4204672452 6.3002480743 7.2135611894 7.4925531816 7.6169385280 7.6175725721 7.4041193194
7.7049894874 7.6092541329 7.3064648293 6.5365066167 6.7566941052 7.5791129254 7.5908851091 6.6663251672 7.0793400803 7.3007162539 6.3978275600 6.9790856725 7.2564532967 6.5217732809 6.3121853489 6.2024272436 6.8180017082 7.2839525971 6.4893392571 6.7086631468 6.3722126988 6.5789487077 6.5244700027 5.9770911499 5.8932133736 7.0673810972 7.1640629203 6.2039009555 6.6881853909 6.3776069105 7.0574292384 6.1782617747 6.5042620831 6.1782617747 7.0574292384 6.3776069105 6.6881853909 6.2039009555 7.1640629203 7.0673810972 5.8932133736 5.9770911499 6.5244700027 6.5789487077 6.3722126988 6.7086631468 6.4893392571 7.2839525971 6.8180017082 6.2024272436 6.3121853489 6.5217732809 7.2564532967 6.9790856725 6.3978275600 7.3007162539 7.0793400803 6.6663251672 7.5908851091 7.5791129254 6.7566941052 6.5365066167 7.3064648293 7.6092541329
7.6241604646 7.7250598194 7.9110677445 7.9782308379 7.7351311448 6.8021288800 7.1296776924 7.6499331505 7.3557525514 6.4197251988 7.3003009331 6.9239144782 6.7811888940 7.1147685113 6.4346387871 7.2665547172 6.6257844510 6.9795396338 6.7693906539 6.6858359794 6.7853246521 6.4997828266 6.8859529195 5.9450524459 6.3811322056 6.0690007227 6.4442482955 6.5604691588 7.1301870190 6.2413793270 6.7324950716 6.2114341777 5.0851996869 6.2114341777 6.7324950716 6.2413793270 7.1301870190 6.5604691588 6.4442482955 6.0690007227 6.3811322056 5.9450524459 6.8859529195 6.4997828266 6.7853246521 6.6858359794 6.7693906539 6.9795396338 6.6257844510 7.2665547172 6.4346387871 7.1147685113 6.7811888940 6.9239144782 7.3003009331 6.4197251988 7.3557525514 7.6499331505 7.1296776924 6.8021288800 7.7351311448 7.9782308379 7.9110677445 7.7250598194
8.0202191691 7.8878125838 7.3916853047 6.3415502153 7.5051643939 7.8905735857 7.5557684749 6.9018748357 7.7751265180 7.4162909277 7.2200625249 7.7195187742 6.8513091680 7.1499685958 6.6640317743 7.3477915359 7.3669970137 6.2801839063 6.6439678489 6.3979605115 6.8726014787 6.1060420566 6.7058884451 6.2086451731 7.0637614983 6.5481144441 5.1220729075 5.8341796306 6.6798833482 6.0682050986 5.4670853250 5.3774172171 6.2091558874 5.3774172171 5.4670853250 6.0682050986 6.6798833482 5.8341796306 5.1220729075 6.5481144441 7.0637614983 6.2086451731 6.7058884451 6.1060420566 6.8726014787 6.3979605115 6.6439678489 6.2801839063 7.3669970137 7.3477915359 6.6640317743 7.1499685958 6.8513091680 7.7195187742 7.2200625249 7.4162909277 7.7751265180 6.9018748357 7.5557684749 7.8905735857 7.5051643939 6.3415502153 7.3916853047 7.8878125838
8.1018642807 8.1578275083 8.2726319063 8.2702194707 7.8325666983 7.0567592629 7.9827307222 7.7765098610 6.9656207989 7.6506166668 6.8704212762 7.4000420881 7.1320448027 7.0747849261 7.3109299590 6.4416110948 7.0475181238 6.1689521501 6.7891200225 6.0265274456 6.5797106968 5.9039618433 6.3804109684 5.8118275271 6.7001289762 6.3398918837 6.3137212601 6.6002858321 5.7733772876 4.3571254887 4.1862647070 5.9134926912 6.4232300589 5.9134926912 4.1862647070 4.3571254887 5.7733772876 6.6002858321 6.3137212601 6.3398918837 6.7001289762 5.8118275271 6.3804109684 5.9039618433 6.5797106968 6.0265274456 6.7891200225 6.1689521501 7.0475181238 6.4416110948 7.3109299590 7.0747849261 7.1320448027 7.4000420881 6.8704212762 7.6506166668 6.9656207989 7.7765098610 7.9827307222 7.0567592629 7.8325666983 8.2702194707 8.2726319063 8.1578275083
8.3411702623 8.2098856889 7.5742156275 7.4780738768 8.2737785906 8.1093885550 7.1260140402 7.9807899259 7.6079848351 7.2297178949 7.5922661809 6.5361454374 6.9851631335 6.3807503830 7.2960934661 6.9016830586 5.9202985808 5.7275102927 6.7141139083 6.5173838845 6.0051354216 6.1280176248 6.0058783833 6.3897190501 5.2781019712 4.4988103440 6.3013619085 6.7164531194 6.3373369459 5.2365849337 3.9474303793 4.0089089544 3.9608906533 4.0089089544 3.9474303793 5.2365849337 6.3373369459 6.7164531194 6.3013619085 4.4988103440 5.2781019712 6.3897190501 6.0058783833 6.1280176248 6.0051354216 6.5173838845 6.7141139083 5.7275102927 5.9202985808 6.9016830586 7.2960934661 6.3807503830 6.9851631335 6.5361454374 7.5922661809 7.2297178949 7.6079848351 7.9807899259 7.1260140402 8.1093885550 8.2737785906 7.4780738768 7.5742156275 8.2098856889
8.5820174299 8.7083820285 8.8277058723 8.5594047177 7.4494456427 8.2083937136 8.1148432289 7.2025965934 7.8910669473 7.1061259338 7.5907195956 7.3117790491 7.0914154155 7.2993469193 6.3753602254 6.8802773843 6.0155193661 6.5972414466 5.8396844213 6.5008754311 5.7418465559 6.4990527001 5.8274839079 6.4826325545 6.3433819805 5.4269832830 5.9536686680 5.2839549793 5.1448473982 5.8173353057 5.3899347032 6.0123835999 6.5237272744 6.0123835999 5.3899347032 5.8173353057 5.1448473982 5.2839549793 5.9536686680 5.4269832830 6.3433819805 6.4826325545 5.8274839079 6.4990527001 5.7418465559 6.5008754311 5.8396844213 6.5972414466 6.0155193661 6.8802773843 6.3753602254 7.2993469193 7.0914154155 7.3117790491 7.5907195956 7.1061259338 7.8910669473 7.2025965934 8.1148432289 8.2083937136 7.4494456427 8.5594047177 8.8277058723 8.7083820285
8.9454072321 8.6533002212 7.6085633747 8.6018386810 8.6509497541 7.5960293250 8.2776510054 7.9051295429 7.6020422341 7.7579387500 7.0605540582 7.5068473515 6.9580520367 7.6799852295 6.9120623593 6.7987863119 6.2978792413 7.2105405252 6.7871774967 6.5178439070 6.3290478263 6.6034408511 6.6220004739 5.9573935745 6.1909097490 6.3291204016 6.9156246434 6.4417139155 5.4738901326 6.1623324031 6.2277901719 5.5824975090 6.3352886622 5.5824975090 6.2277901719 6.1623324031 5.4738901326 6.4417139155 6.9156246434 6.3291204016 6.1909097490 5.9573935745 6.6220004739 6.6034408511 6.3290478263 6.5178439070 6.7871774967 7.2105405252 6.2978792413 6.7987863119 6.9120623593 7.6799852295 6.9580520367 7.5068473515 7.0605540582 7.7579387500 7.6020422341 7.9051295429 8.2776510054 7.5960293250 8.6509497541 8.6018386810 7.6085633747 8.6533002212
9.4438280637 9.5118941470 9.3854212468 8.4587369668 8.6232137874 8.5799045994 7.7709816228 8.2768103038 7.3478219172 7.9765757848 7.1704709569 7.6234377409 7.0059808965 7.3303817153 6.8045596388 7.2715215999 6.8848861490 7.1239485896 6.9723034131 6.8408985510 6.9744336134 6.4173270764 6.8049843753 5.9405421083 6.3806949917 5.9754038195 6.4123648287 6.1164618015 6.7611550652 5.8813545735 6.3318214486 5.7104681829 5.3191454937 5.7104681829 6.3318214486 5.8813545735 6.7611550652 6.1164618015 6.4123648287 5.9754038195 6.3806949917 5.9405421083 6.8049843753 6.4173270764 6.9744336134 6.8408985510 6.9723034131 7.1239485896 6.8848861490 7.2715215999 6.8045596388 7.3303817153 7.0059808965 7.6234377409 7.1704709569 7.9765757848 7.3478219172 8.2768103038 7.7709816228 8.5799045994 8.6232137874 8.4587369668 9.3854212468 9.5118941470
9.8515781210 9.2256405468 9.2291068167 9.3937290543 8.2755033504 8.8273376272 8.0226352134 8.2820848442 7.7202531088 7.9337814231 7.5396312564 7.6664629959 7.5096868168 6.8895831821 6.7086812013 7.4201295182 7.2988123902 6.7583052640 6.8397186899 6.9228143432 7.1242151776 6.3264749506 6.7280870986 6.2909902728 6.7798964092 5.7300278886 5.8357015082 6.9197553307 7.3301108615 6.4481863228 6.4280751642 5.7914707275 5.9819810350 5.7914707275 6.4280751642 6.4481863228 7.3301108615 6.9197553307 5.8357015082 5.7300278886 6.7798964092 6.2909902728 6.7280870986 6.3264749506 7.1242151776 6.9228143432 6.8397186899 6.7583052640 7.2988123902 7.4201295182 6.7086812013 6.8895831821 7.5096868168 7.6664629959 7.5396312564 7.9337814231 7.7202531088 8.2820848442 8.0226352134 8.8273376272 8.2755033504 9.3937290543 9.2291068167 9.2256405468
11.2214583669 10.8860184140 9.5956670843 9.5163455141 8.8904788964 8.7403397764 8.3962967423 8.2196897201 8.0161189764 7.8141935963 7.7300660155 7.5125822149 7.4997197489 7.2519928487 7.3565376552 6.9460972519 7.1271481608 6.7036537490 6.9401934584 6.5611624002 6.7788106821 6.5336467132 6.7845291826 6.4983465193 6.8361540394 6.3407433669 6.8291502485 6.1602983149 6.7044578093 6.2161550077 6.8517357053 6.1942915725 6.9572302095 6.1942915725 6.8517357053 6.2161550077 6.7044578093 6.1602983149 6.8291502485 6.3407433669 6.8361540394 6.4983465193 6.7845291826 6.5336467132 6.7788106821 6.5611624002 6.9401934584 6.7036537490 7.1271481608 6.9460972519 7.3565376552 7.2519928487 7.4997197489 7.5125822149 7.7300660155 7.8141935963 8.0161189764 8.2196897201 8.3962967423 8.7403397764 8.8904788964 9.5163455141 9.5956670843 10.8860184140
