0.0000000000 -6144.0000000000 0.0000000000 6144.0000000000 0.0000000000 -6144.0000000000 0.0000000000 6144.0000000000 0.0000000000 -6144.0000000000 0.0000000000 6144.0000000000 0.0000000000 -6144.0000000000 0.0000000000 6144.0000000000 0.0000000000 -6144.0000000000 0.0000000000 6144.0000000000 0.0000000000 -6144.0000000000 0.0000000000 6144.0000000000 0.0000000000 -6144.0000000000 0.0000000000 6144.0000000000 0.0000000000 -6144.0000000000 0.0000000000 6144.0000000000 0.0000000000 -6144.0000000000 0.0000000000 6144.0000000000 0.0000000000 -6144.0000000000 0.0000000000 6144.0000000000 0.0000000000 -6144.0000000000 0.0000000000 6144.0000000000 0.0000000000 -6144.0000000000 0.0000000000 6144.0000000000 0.0000000000 -6144.0000000000 0.0000000000 6144.0000000000 0.0000000000 -6144.0000000000 0.0000000000 6144.0000000000 0.0000000000 -6144.0000000000 0.0000000000 6144.0000000000 0.0000000000 -6144.0000000000 0.0000000000 6144.0000000000
-6144.0000000000 7816.4995679951 0.0000000000 -5202.6086458372 0.0000000000 4674.7567504814 0.0000000000 -4444.8538363157 0.0000000000 4314.1996766469 0.0000000000 -4228.5824314696 0.0000000000 4167.1318153870 0.0000000000 -4120.0891393384 0.0000000000 4082.2684404492 0.0000000000 -4050.6466888818 0.0000000000 4023.3301552645 0.0000000000 -3999.0590209687 0.0000000000 3976.9484824899 0.0000000000 -3956.3432803543 0.0000000000 3936.7302936049 0.0000000000 -3917.6821391533 0.0000000000 3898.8174288418 0.0000000000 -3879.7692743902 0.0000000000 3860.1562876408 0.0000000000 -3839.5510855052 0.0000000000 3817.4405470264 0.0000000000 -3793.1694127306 0.0000000000 3765.8528791133 0.0000000000 -3734.2311275459 0.0000000000 3696.4104286567 0.0000000000 -3649.3677526081 0.0000000000 3587.9171365255 0.0000000000 -3502.2998913482 0.0000000000 3371.6457316794 0.0000000000 -3141.7428175137 0.0000000000 2613.8909221579 0.0000000000 -0.0000000000
0.0000000000 0.0000000000 0.0000000000 0.0000000000 0.0000000000 0.0000000000 0.0000000000 0.0000000000 0.0000000000 0.0000000000 0.0000000000 0.0000000000 0.0000000000 0.0000000000 0.0000000000 0.0000000000 0.0000000000 0.0000000000 0.0000000000 0.0000000000 0.0000000000 0.0000000000 0.0000000000 0.0000000000 0.0000000000 0.0000000000 0.0000000000 0.0000000000 0.0000000000 0.0000000000 0.0000000000 0.0000000000 0.0000000000 0.0000000000 0.0000000000 0.0000000000 0.0000000000 0.0000000000 0.0000000000 0.0000000000 0.0000000000 0.0000000000 0.0000000000 0.0000000000 0.0000000000 0.0000000000 0.0000000000 0.0000000000 0.0000000000 0.0000000000 0.0000000000 0.0000000000 0.0000000000 0.0000000000 0.0000000000 0.0000000000 0.0000000000 0.0000000000 0.0000000000 0.0000000000 0.0000000000 0.0000000000 0.0000000000 0.0000000000
6144.0000000000 -5202.6086458372 0.0000000000 2588.7177236794 0.0000000000 -2060.8658283235 0.0000000000 1830.9629141579 0.0000000000 -1700.3087544890 0.0000000000 1614.6915093117 0.0000000000 -1553.2408932291 0.0000000000 1506.1982171805 0.0000000000 -1468.3775182914 0.0000000000 1436.7557667239 0.0000000000 -1409.4392331066 0.0000000000 1385.1680988108 0.0000000000 -1363.0575603321 0.0000000000 1342.4523581964 0.0000000000 -1322.8393714470 0.0000000000 1303.7912169954 0.0000000000 -1284.9265066839 0.0000000000 1265.8783522323 0.0000000000 -1246.2653654829 0.0000000000 1225.6601633473 0.0000000000 -1203.5496248685 0.0000000000 1179.2784905727 0.0000000000 -1151.9619569554 0.0000000000 1120.3402053880 0.0000000000 -1082.5195064989 0.0000000000 1035.4768304502 0.0000000000 -974.0262143676 0.0000000000 888.4089691903 0.0000000000 -757.7548095215 0.0000000000 527.8518953558 0.0000000000 0.0000000000 0.0000000000 -2613.8909221579
0.0000000000 0.0000000000 0.0000000000 0.0000000000 0.0000000000 0.0000000000 0.0000000000 0.0000000000 0.0000000000 0.0000000000 0.0000000000 0.0000000000 0.0000000000 0.0000000000 0.0000000000 0.0000000000 0.0000000000 0.0000000000 0.0000000000 0.0000000000 0.0000000000 0.0000000000 0.0000000000 0.0000000000 0.0000000000 0.0000000000 0.0000000000 0.0000000000 0.0000000000 0.0000000000 0.0000000000 0.0000000000 0.0000000000 0.0000000000 0.0000000000 0.0000000000 0.0000000000 0.0000000000 0.0000000000 0.0000000000 0.0000000000 0.0000000000 0.0000000000 0.0000000000 0.0000000000 0.0000000000 0.0000000000 0.0000000000 0.0000000000 0.0000000000 0.0000000000 0.0000000000 0.0000000000 0.0000000000 0.0000000000 0.0000000000 0.0000000000 0.0000000000 0.0000000000 0.0000000000 0.0000000000 0.0000000000 0.0000000000 0.0000000000
-6144.0000000000 4674.7567504814 0.0000000000 -2060.8658283235 0.0000000000 1533.0139329677 0.0000000000 -1303.1110188020 0.0000000000 1172.4568591332 0.0000000000 -1086.8396139559 0.0000000000 1025.3889978733 0.0000000000 -978.3463218247 0.0000000000 940.5256229355 0.0000000000 -908.9038713681 0.0000000000 881.5873377508 0.0000000000 -857.3162034550 0.0000000000 835.2056649762 0.0000000000 -814.6004628406 0.0000000000 794.9874760912 0.0000000000 -775.9393216396 0.0000000000 757.0746113281 0.0000000000 -738.0264568765 0.0000000000 718.4134701271 0.0000000000 -697.8082679915 0.0000000000 675.6977295127 0.0000000000 -651.4265952169 0.0000000000 624.1100615996 0.0000000000 -592.4883100322 0.0000000000 554.6676111430 0.0000000000 -507.6249350944 0.0000000000 446.1743190118 0.0000000000 -360.5570738345 0.0000000000 229.9029141657 0.0000000000 -0.0000000000 0.0000000000 -527.8518953558 0.0000000000 3141.7428175137
0.0000000000 0.0000000000 0.0000000000 0.0000000000 0.0000000000 0.0000000000 0.0000000000 0.0000000000 0.0000000000 0.0000000000 0.0000000000 0.0000000000 0.0000000000 0.0000000000 0.0000000000 0.0000000000 0.0000000000 0.0000000000 0.0000000000 0.0000000000 0.0000000000 0.0000000000 0.0000000000 0.0000000000 0.0000000000 0.0000000000 0.0000000000 0.0000000000 0.0000000000 0.0000000000 0.0000000000 0.0000000000 0.0000000000 0.0000000000 0.0000000000 0.0000000000 0.0000000000 0.0000000000 0.0000000000 0.0000000000 0.0000000000 0.0000000000 0.0000000000 0.0000000000 0.0000000000 0.0000000000 0.0000000000 0.0000000000 0.0000000000 0.0000000000 0.0000000000 0.0000000000 0.0000000000 0.0000000000 0.0000000000 0.0000000000 0.0000000000 0.0000000000 0.0000000000 0.0000000000 0.0000000000 0.0000000000 0.0000000000 0.0000000000
6144.0000000000 -4444.8538363157 0.0000000000 1830.9629141578 0.0000000000 -1303.1110188020 0.0000000000 1073.2081046363 0.0000000000 -942.5539449675 0.0000000000 856.9366997902 0.0000000000 -795.4860837076 0.0000000000 748.4434076590 0.0000000000 -710.6227087698 0.0000000000 679.0009572024 0.0000000000 -651.6844235851 0.0000000000 627.4132892893 0.0000000000 -605.3027508106 0.0000000000 584.6975486749 0.0000000000 -565.0845619255 0.0000000000 546.0364074739 0.0000000000 -527.1716971624 0.0000000000 508.1235427108 0.0000000000 -488.5105559614 0.0000000000 467.9053538258 0.0000000000 -445.7948153470 0.0000000000 421.5236810512 0.0000000000 -394.2071474339 0.0000000000 362.5853958665 0.0000000000 -324.7646969773 0.0000000000 277.7220209287 0.0000000000 -216.2714048461 0.0000000000 130.6541596688 0.0000000000 -0.0000000000 0.0000000000 -229.9029141657 0.0000000000 757.7548095215 0.0000000000 -3371.6457316794
0.0000000000 0.0000000000 0.0000000000 0.0000000000 0.0000000000 0.0000000000 0.0000000000 0.0000000000 0.0000000000 0.0000000000 0.0000000000 0.0000000000 0.0000000000 0.0000000000 0.0000000000 0.0000000000 0.0000000000 0.0000000000 0.0000000000 0.0000000000 0.0000000000 0.0000000000 0.0000000000 0.0000000000 0.0000000000 0.0000000000 0.0000000000 0.0000000000 0.0000000000 0.0000000000 0.0000000000 0.0000000000 0.0000000000 0.0000000000 0.0000000000 0.0000000000 0.0000000000 0.0000000000 0.0000000000 0.0000000000 0.0000000000 0.0000000000 0.0000000000 0.0000000000 0.0000000000 0.0000000000 0.0000000000 0.0000000000 0.0000000000 0.0000000000 0.0000000000 0.0000000000 0.0000000000 0.0000000000 0.0000000000 0.0000000000 0.0000000000 0.0000000000 0.0000000000 0.0000000000 0.0000000000 0.0000000000 0.0000000000 0.0000000000
-6144.0000000000 4314.1996766469 0.0000000000 -1700.3087544890 0.0000000000 1172.4568591332 0.0000000000 -942.5539449675 0.0000000000 811.8997852987 0.0000000000 -726.2825401214 0.0000000000 664.8319240388 0.0000000000 -617.7892479902 0.0000000000 579.9685491010 0.0000000000 -548.3467975336 0.0000000000 521.0302639163 0.0000000000 -496.7591296205 0.0000000000 474.6485911417 0.0000000000 -454.0433890061 0.0000000000 434.4304022567 0.0000000000 -415.3822478051 0.0000000000 396.5175374936 0.0000000000 -377.4693830420 0.0000000000 357.8563962926 0.0000000000 -337.2511941570 0.0000000000 315.1406556782 0.0000000000 -290.8695213824 0.0000000000 263.5529877651 0.0000000000 -231.9312361977 0.0000000000 194.1105373085 0.0000000000 -147.0678612599 0.0000000000 85.6172451773 0.0000000000 0.0000000000 0.0000000000 -130.6541596688 0.0000000000 360.5570738345 0.0000000000 -888.4089691903 0.0000000000 3502.2998913482
0.0000000000 0.0000000000 0.0000000000 0.0000000000 0.0000000000 0.0000000000 0.0000000000 0.0000000000 0.0000000000 0.0000000000 0.0000000000 0.0000000000 0.0000000000 0.0000000000 0.0000000000 0.0000000000 0.0000000000 0.0000000000 0.0000000000 0.0000000000 0.0000000000 0.0000000000 0.0000000000 0.0000000000 0.0000000000 0.0000000000 0.0000000000 0.0000000000 0.0000000000 0.0000000000 0.0000000000 0.0000000000 0.0000000000 0.0000000000 0.0000000000 0.0000000000 0.0000000000 0.0000000000 0.0000000000 0.0000000000 0.0000000000 0.0000000000 0.0000000000 0.0000000000 0.0000000000 0.0000000000 0.0000000000 0.0000000000 0.0000000000 0.0000000000 0.0000000000 0.0000000000 0.0000000000 0.0000000000 0.0000000000 0.0000000000 0.0000000000 0.0000000000 0.0000000000 0.0000000000 0.0000000000 0.0000000000 0.0000000000 0.0000000000
6144.0000000000 -4228.5824314696 0.0000000000 1614.6915093117 0.0000000000 -1086.8396139559 0.0000000000 856.9366997902 0.0000000000 -726.2825401214 0.0000000000 640.6652949441 0.0000000000 -579.2146788615 0.0000000000 532.1720028129 0.0000000000 -494.3513039237 0.0000000000 462.7295523563 0.0000000000 -435.4130187390 0.0000000000 411.1418844432 0.0000000000 -389.0313459644 0.0000000000 368.4261438288 0.0000000000 -348.8131570794 0.0000000000 329.7650026278 0.0000000000 -310.9002923163 0.0000000000 291.8521378647 0.0000000000 -272.2391511153 0.0000000000 251.6339489796 0.0000000000 -229.5234105009 0.0000000000 205.2522762051 0.0000000000 -177.9357425878 0.0000000000 146.3139910204 0.0000000000 -108.4932921312 0.0000000000 61.4506160826 0.0000000000 0.0000000000 0.0000000000 -85.6172451773 0.0000000000 216.2714048461 0.0000000000 -446.1743190118 0.0000000000 974.0262143676 0.0000000000 -3587.9171365255
0.0000000000 0.0000000000 0.0000000000 0.0000000000 0.0000000000 0.0000000000 0.0000000000 0.0000000000 0.0000000000 0.0000000000 0.0000000000 0.0000000000 0.0000000000 0.0000000000 0.0000000000 0.0000000000 0.0000000000 0.0000000000 0.0000000000 0.0000000000 0.0000000000 0.0000000000 0.0000000000 0.0000000000 0.0000000000 0.0000000000 0.0000000000 0.0000000000 0.0000000000 0.0000000000 0.0000000000 0.0000000000 0.0000000000 0.0000000000 0.0000000000 0.0000000000 0.0000000000 0.0000000000 0.0000000000 0.0000000000 0.0000000000 0.0000000000 0.0000000000 0.0000000000 0.0000000000 0.0000000000 0.0000000000 0.0000000000 0.0000000000 0.0000000000 0.0000000000 0.0000000000 0.0000000000 0.0000000000 0.0000000000 0.0000000000 0.0000000000 0.0000000000 0.0000000000 0.0000000000 0.0000000000 0.0000000000 0.0000000000 0.0000000000
-6144.0000000000 4167.1318153870 0.0000000000 -1553.2408932291 0.0000000000 1025.3889978733 0.0000000000 -795.4860837076 0.0000000000 664.8319240388 0.0000000000 -579.2146788615 0.0000000000 517.7640627789 0.0000000000 -470.7213867303 0.0000000000 432.9006878411 0.0000000000 -401.2789362737 0.0000000000 373.9624026564 0.0000000000 -349.6912683606 0.0000000000 327.5807298818 0.0000000000 -306.9755277462 0.0000000000 287.3625409968 0.0000000000 -268.3143865452 0.0000000000 249.4496762337 0.0000000000 -230.4015217821 0.0000000000 210.7885350327 0.0000000000 -190.1833328971 0.0000000000 168.0727944183 0.0000000000 -143.8016601225 0.0000000000 116.4851265052 0.0000000000 -84.8633749378 0.0000000000 47.0426760486 0.0000000000 0.0000000000 0.0000000000 -61.4506160826 0.0000000000 147.0678612599 0.0000000000 -277.7220209287 0.0000000000 507.6249350944 0.0000000000 -1035.4768304502 0.0000000000 3649.3677526081
0.0000000000 0.0000000000 0.0000000000 0.0000000000 0.0000000000 0.0000000000 0.0000000000 0.0000000000 0.0000000000 0.0000000000 0.0000000000 0.0000000000 0.0000000000 0.0000000000 0.0000000000 0.0000000000 0.0000000000 0.0000000000 0.0000000000 0.0000000000 0.0000000000 0.0000000000 0.0000000000 0.0000000000 0.0000000000 0.0000000000 0.0000000000 0.0000000000 0.0000000000 0.0000000000 0.0000000000 0.0000000000 0.0000000000 0.0000000000 0.0000000000 0.0000000000 0.0000000000 0.0000000000 0.0000000000 0.0000000000 0.0000000000 0.0000000000 0.0000000000 0.0000000000 0.0000000000 0.0000000000 0.0000000000 0.0000000000 0.0000000000 0.0000000000 0.0000000000 0.0000000000 0.0000000000 0.0000000000 0.0000000000 0.0000000000 0.0000000000 0.0000000000 0.0000000000 0.0000000000 0.0000000000 0.0000000000 0.0000000000 0.0000000000
6144.0000000000 -4120.0891393384 0.0000000000 1506.1982171805 0.0000000000 -978.3463218247 0.0000000000 748.4434076590 0.0000000000 -617.7892479902 0.0000000000 532.1720028129 0.0000000000 -470.7213867303 0.0000000000 423.6787106817 0.0000000000 -385.8580117925 0.0000000000 354.2362602251 0.0000000000 -326.9197266078 0.0000000000 302.6485923120 0.0000000000 -280.5380538332 0.0000000000 259.9328516976 0.0000000000 -240.3198649482 0.0000000000 221.2717104966 0.0000000000 -202.4070001851 0.0000000000 183.3588457335 0.0000000000 -163.7458589841 0.0000000000 143.1406568484 0.0000000000 -121.0301183697 0.0000000000 96.7589840739 0.0000000000 -69.4424504566 0.0000000000 37.8206988892 0.0000000000 0.0000000000 0.0000000000 -47.0426760486 0.0000000000 108.4932921312 0.0000000000 -194.1105373085 0.0000000000 324.7646969773 0.0000000000 -554.6676111430 0.0000000000 1082.5195064989 0.0000000000 -3696.4104286567
0.0000000000 0.0000000000 0.0000000000 0.0000000000 0.0000000000 0.0000000000 0.0000000000 0.0000000000 0.0000000000 0.0000000000 0.0000000000 0.0000000000 0.0000000000 0.0000000000 0.0000000000 0.0000000000 0.0000000000 0.0000000000 0.0000000000 0.0000000000 0.0000000000 0.0000000000 0.0000000000 0.0000000000 0.0000000000 0.0000000000 0.0000000000 0.0000000000 0.0000000000 0.0000000000 0.0000000000 0.0000000000 0.0000000000 0.0000000000 0.0000000000 0.0000000000 0.0000000000 0.0000000000 0.0000000000 0.0000000000 0.0000000000 0.0000000000 0.0000000000 0.0000000000 0.0000000000 0.0000000000 0.0000000000 0.0000000000 0.0000000000 0.0000000000 0.0000000000 0.0000000000 0.0000000000 0.0000000000 0.0000000000 0.0000000000 0.0000000000 0.0000000000 0.0000000000 0.0000000000 0.0000000000 0.0000000000 0.0000000000 0.0000000000
-6144.0000000000 4082.2684404492 0.0000000000 -1468.3775182914 0.0000000000 940.5256229355 0.0000000000 -710.6227087698 0.0000000000 579.9685491010 0.0000000000 -494.3513039237 0.0000000000 432.9006878411 0.0000000000 -385.8580117925 0.0000000000 348.0373129034 0.0000000000 -316.4155613359 0.0000000000 289.0990277186 0.0000000000 -264.8278934228 0.0000000000 242.7173549441 0.0000000000 -222.1121528084 0.0000000000 202.4991660590 0.0000000000 -183.4510116074 0.0000000000 164.5863012959 0.0000000000 -145.5381468443 0.0000000000 125.9251600949 0.0000000000 -105.3199579593 0.0000000000 83.2094194805 0.0000000000 -58.9382851847 0.0000000000 31.6217515674 0.0000000000 -0.0000000000 0.0000000000 -37.8206988892 0.0000000000 84.8633749378 0.0000000000 -146.3139910204 0.0000000000 231.9312361977 0.0000000000 -362.5853958665 0.0000000000 592.4883100322 0.0000000000 -1120.3402053880 0.0000000000 3734.2311275459
0.0000000000 0.0000000000 0.0000000000 0.0000000000 0.0000000000 0.0000000000 0.0000000000 0.0000000000 0.0000000000 0.0000000000 0.0000000000 0.0000000000 0.0000000000 0.0000000000 0.0000000000 0.0000000000 0.0000000000 0.0000000000 0.0000000000 0.0000000000 0.0000000000 0.0000000000 0.0000000000 0.0000000000 0.0000000000 0.0000000000 0.0000000000 0.0000000000 0.0000000000 0.0000000000 0.0000000000 0.0000000000 0.0000000000 0.0000000000 0.0000000000 0.0000000000 0.0000000000 0.0000000000 0.0000000000 0.0000000000 0.0000000000 0.0000000000 0.0000000000 0.0000000000 0.0000000000 0.0000000000 0.0000000000 0.0000000000 0.0000000000 0.0000000000 0.0000000000 0.0000000000 0.0000000000 0.0000000000 0.0000000000 0.0000000000 0.0000000000 0.0000000000 0.0000000000 0.0000000000 0.0000000000 0.0000000000 0.0000000000 0.0000000000
6144.0000000000 -4050.6466888818 0.0000000000 1436.7557667239 0.0000000000 -908.9038713681 0.0000000000 679.0009572024 0.0000000000 -548.3467975336 0.0000000000 462.7295523563 0.0000000000 -401.2789362737 0.0000000000 354.2362602251 0.0000000000 -316.4155613359 0.0000000000 284.7938097685 0.0000000000 -257.4772761512 0.0000000000 233.2061418554 0.0000000000 -211.0956033766 0.0000000000 190.4904012410 0.0000000000 -170.8774144916 0.0000000000 151.8292600400 0.0000000000 -132.9645497285 0.0000000000 113.9163952769 0.0000000000 -94.3034085275 0.0000000000 73.6982063918 0.0000000000 -51.5876679131 0.0000000000 27.3165336173 0.0000000000 0.0000000000 0.0000000000 -31.6217515674 0.0000000000 69.4424504566 0.0000000000 -116.4851265052 0.0000000000 177.9357425878 0.0000000000 -263.5529877651 0.0000000000 394.2071474339 0.0000000000 -624.1100615996 0.0000000000 1151.9619569554 0.0000000000 -3765.8528791133
0.0000000000 0.0000000000 0.0000000000 0.0000000000 0.0000000000 0.0000000000 0.0000000000 0.0000000000 0.0000000000 0.0000000000 0.0000000000 0.0000000000 0.0000000000 0.0000000000 0.0000000000 0.0000000000 0.0000000000 0.0000000000 0.0000000000 0.0000000000 0.0000000000 0.0000000000 0.0000000000 0.0000000000 0.0000000000 0.0000000000 0.0000000000 0.0000000000 0.0000000000 0.0000000000 0.0000000000 0.0000000000 0.0000000000 0.0000000000 0.0000000000 0.0000000000 0.0000000000 0.0000000000 0.0000000000 0.0000000000 0.0000000000 0.0000000000 0.0000000000 0.0000000000 0.0000000000 0.0000000000 0.0000000000 0.0000000000 0.0000000000 0.0000000000 0.0000000000 0.0000000000 0.0000000000 0.0000000000 0.0000000000 0.0000000000 0.0000000000 0.0000000000 0.0000000000 0.0000000000 0.0000000000 0.0000000000 0.0000000000 0.0000000000
-6144.0000000000 4023.3301552645 0.0000000000 -1409.4392331066 0.0000000000 881.5873377508 0.0000000000 -651.6844235851 0.0000000000 521.0302639163 0.0000000000 -435.4130187390 0.0000000000 373.9624026564 0.0000000000 -326.9197266078 0.0000000000 289.0990277186 0.0000000000 -257.4772761512 0.0000000000 230.1607425339 0.0000000000 -205.8896082381 0.0000000000 183.7790697593 0.0000000000 -163.1738676237 0.0000000000 143.5608808743 0.0000000000 -124.5127264227 0.0000000000 105.6480161112 0.0000000000 -86.5998616596 0.0000000000 66.9868749102 0.0000000000 -46.3816727745 0.0000000000 24.2711342958 0.0000000000 0.0000000000 0.0000000000 -27.3165336173 0.0000000000 58.9382851847 0.0000000000 -96.7589840739 0.0000000000 143.8016601225 0.0000000000 -205.2522762051 0.0000000000 290.8695213824 0.0000000000 -421.5236810512 0.0000000000 651.4265952169 0.0000000000 -1179.2784905727 0.0000000000 3793.1694127306
0.0000000000 0.0000000000 0.0000000000 0.0000000000 0.0000000000 0.0000000000 0.0000000000 0.0000000000 0.0000000000 0.0000000000 0.0000000000 0.0000000000 0.0000000000 0.0000000000 0.0000000000 0.0000000000 0.0000000000 0.0000000000 0.0000000000 0.0000000000 0.0000000000 0.0000000000 0.0000000000 0.0000000000 0.0000000000 0.0000000000 0.0000000000 0.0000000000 0.0000000000 0.0000000000 0.0000000000 0.0000000000 0.0000000000 0.0000000000 0.0000000000 0.0000000000 0.0000000000 0.0000000000 0.0000000000 0.0000000000 0.0000000000 0.0000000000 0.0000000000 0.0000000000 0.0000000000 0.0000000000 0.0000000000 0.0000000000 0.0000000000 0.0000000000 0.0000000000 0.0000000000 0.0000000000 0.0000000000 0.0000000000 0.0000000000 0.0000000000 0.0000000000 0.0000000000 0.0000000000 0.0000000000 0.0000000000 0.0000000000 0.0000000000
6144.0000000000 -3999.0590209687 0.0000000000 1385.1680988108 0.0000000000 -857.3162034550 0.0000000000 627.4132892893 0.0000000000 -496.7591296205 0.0000000000 411.1418844432 0.0000000000 -349.6912683606 0.0000000000 302.6485923120 0.0000000000 -264.8278934228 0.0000000000 233.2061418554 0.0000000000 -205.8896082381 0.0000000000 181.6184739423 0.0000000000 -159.5079354635 0.0000000000 138.9027333279 0.0000000000 -119.2897465785 0.0000000000 100.2415921269 0.0000000000 -81.3768818154 0.0000000000 62.3287273638 0.0000000000 -42.7157406144 0.0000000000 22.1105384787 0.0000000000 -0.0000000000 0.0000000000 -24.2711342958 0.0000000000 51.5876679131 0.0000000000 -83.2094194805 0.0000000000 121.0301183697 0.0000000000 -168.0727944183 0.0000000000 229.5234105009 0.0000000000 -315.1406556782 0.0000000000 445.7948153470 0.0000000000 -675.6977295127 0.0000000000 1203.5496248685 0.0000000000 -3817.4405470264
0.0000000000 0.0000000000 0.0000000000 0.0000000000 0.0000000000 0.0000000000 0.0000000000 0.0000000000 0.0000000000 0.0000000000 0.0000000000 0.0000000000 0.0000000000 0.0000000000 0.0000000000 0.0000000000 0.0000000000 0.0000000000 0.0000000000 0.0000000000 0.0000000000 0.0000000000 0.0000000000 0.0000000000 0.0000000000 0.0000000000 0.0000000000 0.0000000000 0.0000000000 0.0000000000 0.0000000000 0.0000000000 0.0000000000 0.0000000000 0.0000000000 0.0000000000 0.0000000000 0.0000000000 0.0000000000 0.0000000000 0.0000000000 0.0000000000 0.0000000000 0.0000000000 0.0000000000 0.0000000000 0.0000000000 0.0000000000 0.0000000000 0.0000000000 0.0000000000 0.0000000000 0.0000000000 0.0000000000 0.0000000000 0.0000000000 0.0000000000 0.0000000000 0.0000000000 0.0000000000 0.0000000000 0.0000000000 0.0000000000 0.0000000000
-6144.0000000000 3976.9484824899 0.0000000000 -1363.0575603321 0.0000000000 835.2056649762 0.0000000000 -605.3027508106 0.0000000000 474.6485911417 0.0000000000 -389.0313459644 0.0000000000 327.5807298818 0.0000000000 -280.5380538332 0.0000000000 242.7173549441 0.0000000000 -211.0956033766 0.0000000000 183.7790697593 0.0000000000 -159.5079354635 0.0000000000 137.3973969848 0.0000000000 -116.7921948491 0.0000000000 97.1792080998 0.0000000000 -78.1310536481 0.0000000000 59.2663433367 0.0000000000 -40.2181888850 0.0000000000 20.6052021357 0.0000000000 0.0000000000 0.0000000000 -22.1105384787 0.0000000000 46.3816727745 0.0000000000 -73.6982063918 0.0000000000 105.3199579593 0.0000000000 -143.1406568484 0.0000000000 190.1833328971 0.0000000000 -251.6339489796 0.0000000000 337.2511941570 0.0000000000 -467.9053538258 0.0000000000 697.8082679915 0.0000000000 -1225.6601633473 0.0000000000 3839.5510855052
0.0000000000 0.0000000000 0.0000000000 0.0000000000 0.0000000000 0.0000000000 0.0000000000 0.0000000000 0.0000000000 0.0000000000 0.0000000000 0.0000000000 0.0000000000 0.0000000000 0.0000000000 0.0000000000 0.0000000000 0.0000000000 0.0000000000 0.0000000000 0.0000000000 0.0000000000 0.0000000000 0.0000000000 0.0000000000 0.0000000000 0.0000000000 0.0000000000 0.0000000000 0.0000000000 0.0000000000 0.0000000000 0.0000000000 0.0000000000 0.0000000000 0.0000000000 0.0000000000 0.0000000000 0.0000000000 0.0000000000 0.0000000000 0.0000000000 0.0000000000 0.0000000000 0.0000000000 0.0000000000 0.0000000000 0.0000000000 0.0000000000 0.0000000000 0.0000000000 0.0000000000 0.0000000000 0.0000000000 0.0000000000 0.0000000000 0.0000000000 0.0000000000 0.0000000000 0.0000000000 0.0000000000 0.0000000000 0.0000000000 0.0000000000
6144.0000000000 -3956.3432803543 0.0000000000 1342.4523581964 0.0000000000 -814.6004628406 0.0000000000 584.6975486749 0.0000000000 -454.0433890061 0.0000000000 368.4261438288 0.0000000000 -306.9755277462 0.0000000000 259.9328516976 0.0000000000 -222.1121528084 0.0000000000 190.4904012410 0.0000000000 -163.1738676237 0.0000000000 138.9027333279 0.0000000000 -116.7921948491 0.0000000000 96.1869927135 0.0000000000 -76.5740059641 0.0000000000 57.5258515125 0.0000000000 -38.6611412010 0.0000000000 19.6129867494 0.0000000000 0.0000000000 0.0000000000 -20.6052021357 0.0000000000 42.7157406144 0.0000000000 -66.9868749102 0.0000000000 94.3034085275 0.0000000000 -125.9251600949 0.0000000000 163.7458589841 0.0000000000 -210.7885350327 0.0000000000 272.2391511153 0.0000000000 -357.8563962926 0.0000000000 488.5105559614 0.0000000000 -718.4134701271 0.0000000000 1246.2653654829 0.0000000000 -3860.1562876408
0.0000000000 0.0000000000 0.0000000000 0.0000000000 0.0000000000 0.0000000000 0.0000000000 0.0000000000 0.0000000000 0.0000000000 0.0000000000 0.0000000000 0.0000000000 0.0000000000 0.0000000000 0.0000000000 0.0000000000 0.0000000000 0.0000000000 0.0000000000 0.0000000000 0.0000000000 0.0000000000 0.0000000000 0.0000000000 0.0000000000 0.0000000000 0.0000000000 0.0000000000 0.0000000000 0.0000000000 0.0000000000 0.0000000000 0.0000000000 0.0000000000 0.0000000000 0.0000000000 0.0000000000 0.0000000000 0.0000000000 0.0000000000 0.0000000000 0.0000000000 0.0000000000 0.0000000000 0.0000000000 0.0000000000 0.0000000000 0.0000000000 0.0000000000 0.0000000000 0.0000000000 0.0000000000 0.0000000000 0.0000000000 0.0000000000 0.0000000000 0.0000000000 0.0000000000 0.0000000000 0.0000000000 0.0000000000 0.0000000000 0.0000000000
-6144.0000000000 3936.7302936049 0.0000000000 -1322.8393714470 0.0000000000 794.9874760912 0.0000000000 -565.0845619255 0.0000000000 434.4304022567 0.0000000000 -348.8131570794 0.0000000000 287.3625409968 0.0000000000 -240.3198649482 0.0000000000 202.4991660590 0.0000000000 -170.8774144916 0.0000000000 143.5608808743 0.0000000000 -119.2897465785 0.0000000000 97.1792080998 0.0000000000 -76.5740059641 0.0000000000 56.9610192147 0.0000000000 -37.9128647631 0.0000000000 19.0481544516 0.0000000000 0.0000000000 0.0000000000 -19.6129867494 0.0000000000 40.2181888850 0.0000000000 -62.3287273638 0.0000000000 86.5998616596 0.0000000000 -113.9163952769 0.0000000000 145.5381468443 0.0000000000 -183.3588457335 0.0000000000 230.4015217821 0.0000000000 -291.8521378647 0.0000000000 377.4693830420 0.0000000000 -508.1235427108 0.0000000000 738.0264568765 0.0000000000 -1265.8783522323 0.0000000000 3879.7692743902
0.0000000000 0.0000000000 0.0000000000 0.0000000000 0.0000000000 0.0000000000 0.0000000000 0.0000000000 0.0000000000 0.0000000000 0.0000000000 0.0000000000 0.0000000000 0.0000000000 0.0000000000 0.0000000000 0.0000000000 0.0000000000 0.0000000000 0.0000000000 0.0000000000 0.0000000000 0.0000000000 0.0000000000 0.0000000000 0.0000000000 0.0000000000 0.0000000000 0.0000000000 0.0000000000 0.0000000000 0.0000000000 0.0000000000 0.0000000000 0.0000000000 0.0000000000 0.0000000000 0.0000000000 0.0000000000 0.0000000000 0.0000000000 0.0000000000 0.0000000000 0.0000000000 0.0000000000 0.0000000000 0.0000000000 0.0000000000 0.0000000000 0.0000000000 0.0000000000 0.0000000000 0.0000000000 0.0000000000 0.0000000000 0.0000000000 0.0000000000 0.0000000000 0.0000000000 0.0000000000 0.0000000000 0.0000000000 0.0000000000 0.0000000000
6144.0000000000 -3917.6821391533 0.0000000000 1303.7912169954 0.0000000000 -775.9393216396 0.0000000000 546.0364074739 0.0000000000 -415.3822478051 0.0000000000 329.7650026278 0.0000000000 -268.3143865452 0.0000000000 221.2717104966 0.0000000000 -183.4510116074 0.0000000000 151.8292600400 0.0000000000 -124.5127264227 0.0000000000 100.2415921269 0.0000000000 -78.1310536481 0.0000000000 57.5258515125 0.0000000000 -37.9128647631 0.0000000000 18.8647103115 0.0000000000 0.0000000000 0.0000000000 -19.0481544516 0.0000000000 38.6611412010 0.0000000000 -59.2663433367 0.0000000000 81.3768818154 0.0000000000 -105.6480161112 0.0000000000 132.9645497285 0.0000000000 -164.5863012959 0.0000000000 202.4070001851 0.0000000000 -249.4496762337 0.0000000000 310.9002923163 0.0000000000 -396.5175374936 0.0000000000 527.1716971624 0.0000000000 -757.0746113281 0.0000000000 1284.9265066839 0.0000000000 -3898.8174288418
0.0000000000 0.0000000000 0.0000000000 0.0000000000 0.0000000000 0.0000000000 0.0000000000 0.0000000000 0.0000000000 0.0000000000 0.0000000000 0.0000000000 0.0000000000 0.0000000000 0.0000000000 0.0000000000 0.0000000000 0.0000000000 0.0000000000 0.0000000000 0.0000000000 0.0000000000 0.0000000000 0.0000000000 0.0000000000 0.0000000000 0.0000000000 0.0000000000 0.0000000000 0.0000000000 0.0000000000 0.0000000000 0.0000000000 0.0000000000 0.0000000000 0.0000000000 0.0000000000 0.0000000000 0.0000000000 0.0000000000 0.0000000000 0.0000000000 0.0000000000 0.0000000000 0.0000000000 0.0000000000 0.0000000000 0.0000000000 0.0000000000 0.0000000000 0.0000000000 0.0000000000 0.0000000000 0.0000000000 0.0000000000 0.0000000000 0.0000000000 0.0000000000 0.0000000000 0.0000000000 0.0000000000 0.0000000000 0.0000000000 0.0000000000
-6144.0000000000 3898.8174288418 0.0000000000 -1284.9265066839 0.0000000000 757.0746113281 0.0000000000 -527.1716971624 0.0000000000 396.5175374936 0.0000000000 -310.9002923163 0.0000000000 249.4496762337 0.0000000000 -202.4070001851 0.0000000000 164.5863012959 0.0000000000 -132.9645497285 0.0000000000 105.6480161112 0.0000000000 -81.3768818154 0.0000000000 59.2663433367 0.0000000000 -38.6611412010 0.0000000000 19.0481544516 0.0000000000 0.0000000000 0.0000000000 -18.8647103115 0.0000000000 37.9128647631 0.0000000000 -57.5258515125 0.0000000000 78.1310536481 0.0000000000 -100.2415921269 0.0000000000 124.5127264227 0.0000000000 -151.8292600400 0.0000000000 183.4510116074 0.0000000000 -221.2717104966 0.0000000000 268.3143865452 0.0000000000 -329.7650026278 0.0000000000 415.3822478051 0.0000000000 -546.0364074739 0.0000000000 775.9393216396 0.0000000000 -1303.7912169954 0.0000000000 3917.6821391533
0.0000000000 0.0000000000 0.0000000000 0.0000000000 0.0000000000 0.0000000000 0.0000000000 0.0000000000 0.0000000000 0.0000000000 0.0000000000 0.0000000000 0.0000000000 0.0000000000 0.0000000000 0.0000000000 0.0000000000 0.0000000000 0.0000000000 0.0000000000 0.0000000000 0.0000000000 0.0000000000 0.0000000000 0.0000000000 0.0000000000 0.0000000000 0.0000000000 0.0000000000 0.0000000000 0.0000000000 0.0000000000 0.0000000000 0.0000000000 0.0000000000 0.0000000000 0.0000000000 0.0000000000 0.0000000000 0.0000000000 0.0000000000 0.0000000000 0.0000000000 0.0000000000 0.0000000000 0.0000000000 0.0000000000 0.0000000000 0.0000000000 0.0000000000 0.0000000000 0.0000000000 0.0000000000 0.0000000000 0.0000000000 0.0000000000 0.0000000000 0.0000000000 0.0000000000 0.0000000000 0.0000000000 0.0000000000 0.0000000000 0.0000000000
6144.0000000000 -3879.7692743902 0.0000000000 1265.8783522323 0.0000000000 -738.0264568765 0.0000000000 508.1235427108 0.0000000000 -377.4693830420 0.0000000000 291.8521378647 0.0000000000 -230.4015217821 0.0000000000 183.3588457335 0.0000000000 -145.5381468443 0.0000000000 113.9163952769 0.0000000000 -86.5998616596 0.0000000000 62.3287273638 0.0000000000 -40.2181888850 0.0000000000 19.6129867494 0.0000000000 -0.0000000000 0.0000000000 -19.0481544516 0.0000000000 37.9128647631 0.0000000000 -56.9610192147 0.0000000000 76.5740059641 0.0000000000 -97.1792080998 0.0000000000 119.2897465785 0.0000000000 -143.5608808743 0.0000000000 170.8774144916 0.0000000000 -202.4991660590 0.0000000000 240.3198649482 0.0000000000 -287.3625409968 0.0000000000 348.8131570794 0.0000000000 -434.4304022567 0.0000000000 565.0845619255 0.0000000000 -794.9874760912 0.0000000000 1322.8393714470 0.0000000000 -3936.7302936049
0.0000000000 0.0000000000 0.0000000000 0.0000000000 0.0000000000 0.0000000000 0.0000000000 0.0000000000 0.0000000000 0.0000000000 0.0000000000 0.0000000000 0.0000000000 0.0000000000 0.0000000000 0.0000000000 0.0000000000 0.0000000000 0.0000000000 0.0000000000 0.0000000000 0.0000000000 0.0000000000 0.0000000000 0.0000000000 0.0000000000 0.0000000000 0.0000000000 0.0000000000 0.0000000000 0.0000000000 0.0000000000 0.0000000000 0.0000000000 0.0000000000 0.0000000000 0.0000000000 0.0000000000 0.0000000000 0.0000000000 0.0000000000 0.0000000000 0.0000000000 0.0000000000 0.0000000000 0.0000000000 0.0000000000 0.0000000000 0.0000000000 0.0000000000 0.0000000000 0.0000000000 0.0000000000 0.0000000000 0.0000000000 0.0000000000 0.0000000000 0.0000000000 0.0000000000 0.0000000000 0.0000000000 0.0000000000 0.0000000000 0.0000000000
-6144.0000000000 3860.1562876408 0.0000000000 -1246.2653654829 0.0000000000 718.4134701271 0.0000000000 -488.5105559614 0.0000000000 357.8563962926 0.0000000000 -272.2391511153 0.0000000000 210.7885350327 0.0000000000 -163.7458589841 0.0000000000 125.9251600949 0.0000000000 -94.3034085275 0.0000000000 66.9868749102 0.0000000000 -42.7157406144 0.0000000000 20.6052021357 0.0000000000 -0.0000000000 0.0000000000 -19.6129867494 0.0000000000 38.6611412010 0.0000000000 -57.5258515125 0.0000000000 76.5740059641 0.0000000000 -96.1869927135 0.0000000000 116.7921948491 0.0000000000 -138.9027333279 0.0000000000 163.1738676237 0.0000000000 -190.4904012410 0.0000000000 222.1121528084 0.0000000000 -259.9328516976 0.0000000000 306.9755277462 0.0000000000 -368.4261438288 0.0000000000 454.0433890061 0.0000000000 -584.6975486749 0.0000000000 814.6004628406 0.0000000000 -1342.4523581964 0.0000000000 3956.3432803543
0.0000000000 0.0000000000 0.0000000000 0.0000000000 0.0000000000 0.0000000000 0.0000000000 0.0000000000 0.0000000000 0.0000000000 0.0000000000 0.0000000000 0.0000000000 0.0000000000 0.0000000000 0.0000000000 0.0000000000 0.0000000000 0.0000000000 0.0000000000 0.0000000000 0.0000000000 0.0000000000 0.0000000000 0.0000000000 0.0000000000 0.0000000000 0.0000000000 0.0000000000 0.0000000000 0.0000000000 0.0000000000 0.0000000000 0.0000000000 0.0000000000 0.0000000000 0.0000000000 0.0000000000 0.0000000000 0.0000000000 0.0000000000 0.0000000000 0.0000000000 0.0000000000 0.0000000000 0.0000000000 0.0000000000 0.0000000000 0.0000000000 0.0000000000 0.0000000000 0.0000000000 0.0000000000 0.0000000000 0.0000000000 0.0000000000 0.0000000000 0.0000000000 0.0000000000 0.0000000000 0.0000000000 0.0000000000 0.0000000000 0.0000000000
6144.0000000000 -3839.5510855051 0.0000000000 1225.6601633473 0.0000000000 -697.8082679915 0.0000000000 467.9053538258 0.0000000000 -337.2511941570 0.0000000000 251.6339489796 0.0000000000 -190.1833328971 0.0000000000 143.1406568484 0.0000000000 -105.3199579593 0.0000000000 73.6982063918 0.0000000000 -46.3816727745 0.0000000000 22.1105384787 0.0000000000 0.0000000000 0.0000000000 -20.6052021357 0.0000000000 40.2181888850 0.0000000000 -59.2663433367 0.0000000000 78.1310536481 0.0000000000 -97.1792080998 0.0000000000 116.7921948491 0.0000000000 -137.3973969848 0.0000000000 159.5079354635 0.0000000000 -183.7790697593 0.0000000000 211.0956033766 0.0000000000 -242.7173549441 0.0000000000 280.5380538332 0.0000000000 -327.5807298818 0.0000000000 389.0313459644 0.0000000000 -474.6485911417 0.0000000000 605.3027508106 0.0000000000 -835.2056649762 0.0000000000 1363.0575603321 0.0000000000 -3976.9484824899
0.0000000000 0.0000000000 0.0000000000 0.0000000000 0.0000000000 0.0000000000 0.0000000000 0.0000000000 0.0000000000 0.0000000000 0.0000000000 0.0000000000 0.0000000000 0.0000000000 0.0000000000 0.0000000000 0.0000000000 0.0000000000 0.0000000000 0.0000000000 0.0000000000 0.0000000000 0.0000000000 0.0000000000 0.0000000000 0.0000000000 0.0000000000 0.0000000000 0.0000000000 0.0000000000 0.0000000000 0.0000000000 0.0000000000 0.0000000000 0.0000000000 0.0000000000 0.0000000000 0.0000000000 0.0000000000 0.0000000000 0.0000000000 0.0000000000 0.0000000000 0.0000000000 0.0000000000 0.0000000000 0.0000000000 0.0000000000 0.0000000000 0.0000000000 0.0000000000 0.0000000000 0.0000000000 0.0000000000 0.0000000000 0.0000000000 0.0000000000 0.0000000000 0.0000000000 0.0000000000 0.0000000000 0.0000000000 0.0000000000 0.0000000000
-6144.0000000000 3817.4405470264 0.0000000000 -1203.5496248685 0.0000000000 675.6977295127 0.0000000000 -445.7948153470 0.0000000000 315.1406556782 0.0000000000 -229.5234105009 0.0000000000 168.0727944183 0.0000000000 -121.0301183697 0.0000000000 83.2094194805 0.0000000000 -51.5876679131 0.0000000000 24.2711342958 0.0000000000 -0.0000000000 0.0000000000 -22.1105384787 0.0000000000 42.7157406144 0.0000000000 -62.3287273638 0.0000000000 81.3768818154 0.0000000000 -100.2415921269 0.0000000000 119.2897465785 0.0000000000 -138.9027333279 0.0000000000 159.5079354635 0.0000000000 -181.6184739423 0.0000000000 205.8896082381 0.0000000000 -233.2061418554 0.0000000000 264.8278934228 0.0000000000 -302.6485923120 0.0000000000 349.6912683606 0.0000000000 -411.1418844432 0.0000000000 496.7591296205 0.0000000000 -627.4132892893 0.0000000000 857.3162034550 0.0000000000 -1385.1680988108 0.0000000000 3999.0590209687
0.0000000000 0.0000000000 0.0000000000 0.0000000000 0.0000000000 0.0000000000 0.0000000000 0.0000000000 0.0000000000 0.0000000000 0.0000000000 0.0000000000 0.0000000000 0.0000000000 0.0000000000 0.0000000000 0.0000000000 0.0000000000 0.0000000000 0.0000000000 0.0000000000 0.0000000000 0.0000000000 0.0000000000 0.0000000000 0.0000000000 0.0000000000 0.0000000000 0.0000000000 0.0000000000 0.0000000000 0.0000000000 0.0000000000 0.0000000000 0.0000000000 0.0000000000 0.0000000000 0.0000000000 0.0000000000 0.0000000000 0.0000000000 0.0000000000 0.0000000000 0.0000000000 0.0000000000 0.0000000000 0.0000000000 0.0000000000 0.0000000000 0.0000000000 0.0000000000 0.0000000000 0.0000000000 0.0000000000 0.0000000000 0.0000000000 0.0000000000 0.0000000000 0.0000000000 0.0000000000 0.0000000000 0.0000000000 0.0000000000 0.0000000000
6144.0000000000 -3793.1694127306 0.0000000000 1179.2784905727 0.0000000000 -651.4265952169 0.0000000000 421.5236810512 0.0000000000 -290.8695213824 0.0000000000 205.2522762051 0.0000000000 -143.8016601225 0.0000000000 96.7589840739 0.0000000000 -58.9382851847 0.0000000000 27.3165336173 0.0000000000 -0.0000000000 0.0000000000 -24.2711342958 0.0000000000 46.3816727745 0.0000000000 -66.9868749102 0.0000000000 86.5998616596 0.0000000000 -105.6480161112 0.0000000000 124.5127264227 0.0000000000 -143.5608808743 0.0000000000 163.1738676237 0.0000000000 -183.7790697593 0.0000000000 205.8896082381 0.0000000000 -230.1607425339 0.0000000000 257.4772761512 0.0000000000 -289.0990277186 0.0000000000 326.9197266078 0.0000000000 -373.9624026564 0.0000000000 435.4130187390 0.0000000000 -521.0302639163 0.0000000000 651.6844235851 0.0000000000 -881.5873377508 0.0000000000 1409.4392331066 0.0000000000 -4023.3301552645
0.0000000000 0.0000000000 0.0000000000 0.0000000000 0.0000000000 0.0000000000 0.0000000000 0.0000000000 0.0000000000 0.0000000000 0.0000000000 0.0000000000 0.0000000000 0.0000000000 0.0000000000 0.0000000000 0.0000000000 0.0000000000 0.0000000000 0.0000000000 0.0000000000 0.0000000000 0.0000000000 0.0000000000 0.0000000000 0.0000000000 0.0000000000 0.0000000000 0.0000000000 0.0000000000 0.0000000000 0.0000000000 0.0000000000 0.0000000000 0.0000000000 0.0000000000 0.0000000000 0.0000000000 0.0000000000 0.0000000000 0.0000000000 0.0000000000 0.0000000000 0.0000000000 0.0000000000 0.0000000000 0.0000000000 0.0000000000 0.0000000000 0.0000000000 0.0000000000 0.0000000000 0.0000000000 0.0000000000 0.0000000000 0.0000000000 0.0000000000 0.0000000000 0.0000000000 0.0000000000 0.0000000000 0.0000000000 0.0000000000 0.0000000000
-6144.0000000000 3765.8528791133 0.0000000000 -1151.9619569554 0.0000000000 624.1100615996 0.0000000000 -394.2071474339 0.0000000000 263.5529877651 0.0000000000 -177.9357425878 0.0000000000 116.4851265052 0.0000000000 -69.4424504566 0.0000000000 31.6217515674 0.0000000000 -0.0000000000 0.0000000000 -27.3165336173 0.0000000000 51.5876679131 0.0000000000 -73.6982063918 0.0000000000 94.3034085275 0.0000000000 -113.9163952769 0.0000000000 132.9645497285 0.0000000000 -151.8292600400 0.0000000000 170.8774144916 0.0000000000 -190.4904012410 0.0000000000 211.0956033766 0.0000000000 -233.2061418554 0.0000000000 257.4772761512 0.0000000000 -284.7938097685 0.0000000000 316.4155613359 0.0000000000 -354.2362602251 0.0000000000 401.2789362737 0.0000000000 -462.7295523563 0.0000000000 548.3467975336 0.0000000000 -679.0009572024 0.0000000000 908.9038713681 0.0000000000 -1436.7557667239 0.0000000000 4050.6466888818
0.0000000000 0.0000000000 0.0000000000 0.0000000000 0.0000000000 0.0000000000 0.0000000000 0.0000000000 0.0000000000 0.0000000000 0.0000000000 0.0000000000 0.0000000000 0.0000000000 0.0000000000 0.0000000000 0.0000000000 0.0000000000 0.0000000000 0.0000000000 0.0000000000 0.0000000000 0.0000000000 0.0000000000 0.0000000000 0.0000000000 0.0000000000 0.0000000000 0.0000000000 0.0000000000 0.0000000000 0.0000000000 0.0000000000 0.0000000000 0.0000000000 0.0000000000 0.0000000000 0.0000000000 0.0000000000 0.0000000000 0.0000000000 0.0000000000 0.0000000000 0.0000000000 0.0000000000 0.0000000000 0.0000000000 0.0000000000 0.0000000000 0.0000000000 0.0000000000 0.0000000000 0.0000000000 0.0000000000 0.0000000000 0.0000000000 0.0000000000 0.0000000000 0.0000000000 0.0000000000 0.0000000000 0.0000000000 0.0000000000 0.0000000000
6144.0000000000 -3734.2311275459 0.0000000000 1120.3402053880 0.0000000000 -592.4883100322 0.0000000000 362.5853958665 0.0000000000 -231.9312361977 0.0000000000 146.3139910204 0.0000000000 -84.8633749378 0.0000000000 37.8206988892 0.0000000000 0.0000000000 0.0000000000 -31.6217515674 0.0000000000 58.9382851847 0.0000000000 -83.2094194805 0.0000000000 105.3199579593 0.0000000000 -125.9251600949 0.0000000000 145.5381468443 0.0000000000 -164.5863012959 0.0000000000 183.4510116074 0.0000000000 -202.4991660590 0.0000000000 222.1121528084 0.0000000000 -242.7173549441 0.0000000000 264.8278934228 0.0000000000 -289.0990277186 0.0000000000 316.4155613359 0.0000000000 -348.0373129034 0.0000000000 385.8580117925 0.0000000000 -432.9006878411 0.0000000000 494.3513039237 0.0000000000 -579.9685491010 0.0000000000 710.6227087698 0.0000000000 -940.5256229355 0.0000000000 1468.3775182914 0.0000000000 -4082.2684404492
0.0000000000 0.0000000000 0.0000000000 0.0000000000 0.0000000000 0.0000000000 0.0000000000 0.0000000000 0.0000000000 0.0000000000 0.0000000000 0.0000000000 0.0000000000 0.0000000000 0.0000000000 0.0000000000 0.0000000000 0.0000000000 0.0000000000 0.0000000000 0.0000000000 0.0000000000 0.0000000000 0.0000000000 0.0000000000 0.0000000000 0.0000000000 0.0000000000 0.0000000000 0.0000000000 0.0000000000 0.0000000000 0.0000000000 0.0000000000 0.0000000000 0.0000000000 0.0000000000 0.0000000000 0.0000000000 0.0000000000 0.0000000000 0.0000000000 0.0000000000 0.0000000000 0.0000000000 0.0000000000 0.0000000000 0.0000000000 0.0000000000 0.0000000000 0.0000000000 0.0000000000 0.0000000000 0.0000000000 0.0000000000 0.0000000000 0.0000000000 0.0000000000 0.0000000000 0.0000000000 0.0000000000 0.0000000000 0.0000000000 0.0000000000
-6144.0000000000 3696.4104286567 0.0000000000 -1082.5195064988 0.0000000000 554.6676111430 0.0000000000 -324.7646969773 0.0000000000 194.1105373085 0.0000000000 -108.4932921312 0.0000000000 47.0426760486 0.0000000000 0.0000000000 0.0000000000 -37.8206988892 0.0000000000 69.4424504566 0.0000000000 -96.7589840739 0.0000000000 121.0301183697 0.0000000000 -143.1406568484 0.0000000000 163.7458589841 0.0000000000 -183.3588457335 0.0000000000 202.4070001851 0.0000000000 -221.2717104966 0.0000000000 240.3198649482 0.0000000000 -259.9328516976 0.0000000000 280.5380538332 0.0000000000 -302.6485923120 0.0000000000 326.9197266078 0.0000000000 -354.2362602251 0.0000000000 385.8580117925 0.0000000000 -423.6787106817 0.0000000000 470.7213867303 0.0000000000 -532.1720028129 0.0000000000 617.7892479902 0.0000000000 -748.4434076590 0.0000000000 978.3463218247 0.0000000000 -1506.1982171805 0.0000000000 4120.0891393384
0.0000000000 0.0000000000 0.0000000000 0.0000000000 0.0000000000 0.0000000000 0.0000000000 0.0000000000 0.0000000000 0.0000000000 0.0000000000 0.0000000000 0.0000000000 0.0000000000 0.0000000000 0.0000000000 0.0000000000 0.0000000000 0.0000000000 0.0000000000 0.0000000000 0.0000000000 0.0000000000 0.0000000000 0.0000000000 0.0000000000 0.0000000000 0.0000000000 0.0000000000 0.0000000000 0.0000000000 0.0000000000 0.0000000000 0.0000000000 0.0000000000 0.0000000000 0.0000000000 0.0000000000 0.0000000000 0.0000000000 0.0000000000 0.0000000000 0.0000000000 0.0000000000 0.0000000000 0.0000000000 0.0000000000 0.0000000000 0.0000000000 0.0000000000 0.0000000000 0.0000000000 0.0000000000 0.0000000000 0.0000000000 0.0000000000 0.0000000000 0.0000000000 0.0000000000 0.0000000000 0.0000000000 0.0000000000 0.0000000000 0.0000000000
6144.0000000000 -3649.3677526081 0.0000000000 1035.4768304502 0.0000000000 -507.6249350944 0.0000000000 277.7220209287 0.0000000000 -147.0678612599 0.0000000000 61.4506160826 0.0000000000 0.0000000000 0.0000000000 -47.0426760486 0.0000000000 84.8633749378 0.0000000000 -116.4851265052 0.0000000000 143.8016601225 0.0000000000 -168.0727944183 0.0000000000 190.1833328971 0.0000000000 -210.7885350327 0.0000000000 230.4015217821 0.0000000000 -249.4496762337 0.0000000000 268.3143865452 0.0000000000 -287.3625409968 0.0000000000 306.9755277462 0.0000000000 -327.5807298818 0.0000000000 349.6912683606 0.0000000000 -373.9624026564 0.0000000000 401.2789362737 0.0000000000 -432.9006878411 0.0000000000 470.7213867303 0.0000000000 -517.7640627789 0.0000000000 579.2146788615 0.0000000000 -664.8319240388 0.0000000000 795.4860837076 0.0000000000 -1025.3889978733 0.0000000000 1553.2408932291 0.0000000000 -4167.1318153870
0.0000000000 0.0000000000 0.0000000000 0.0000000000 0.0000000000 0.0000000000 0.0000000000 0.0000000000 0.0000000000 0.0000000000 0.0000000000 0.0000000000 0.0000000000 0.0000000000 0.0000000000 0.0000000000 0.0000000000 0.0000000000 0.0000000000 0.0000000000 0.0000000000 0.0000000000 0.0000000000 0.0000000000 0.0000000000 0.0000000000 0.0000000000 0.0000000000 0.0000000000 0.0000000000 0.0000000000 0.0000000000 0.0000000000 0.0000000000 0.0000000000 0.0000000000 0.0000000000 0.0000000000 0.0000000000 0.0000000000 0.0000000000 0.0000000000 0.0000000000 0.0000000000 0.0000000000 0.0000000000 0.0000000000 0.0000000000 0.0000000000 0.0000000000 0.0000000000 0.0000000000 0.0000000000 0.0000000000 0.0000000000 0.0000000000 0.0000000000 0.0000000000 0.0000000000 0.0000000000 0.0000000000 0.0000000000 0.0000000000 0.0000000000
-6144.0000000000 3587.9171365255 0.0000000000 -974.0262143676 0.0000000000 446.1743190118 0.0000000000 -216.2714048461 0.0000000000 85.6172451773 0.0000000000 0.0000000000 0.0000000000 -61.4506160826 0.0000000000 108.4932921312 0.0000000000 -146.3139910204 0.0000000000 177.9357425878 0.0000000000 -205.2522762051 0.0000000000 229.5234105009 0.0000000000 -251.6339489796 0.0000000000 272.2391511153 0.0000000000 -291.8521378647 0.0000000000 310.9002923163 0.0000000000 -329.7650026278 0.0000000000 348.8131570794 0.0000000000 -368.4261438288 0.0000000000 389.0313459644 0.0000000000 -411.1418844432 0.0000000000 435.4130187390 0.0000000000 -462.7295523563 0.0000000000 494.3513039237 0.0000000000 -532.1720028129 0.0000000000 579.2146788615 0.0000000000 -640.6652949441 0.0000000000 726.2825401214 0.0000000000 -856.9366997902 0.0000000000 1086.8396139559 0.0000000000 -1614.6915093117 0.0000000000 4228.5824314696
0.0000000000 0.0000000000 0.0000000000 0.0000000000 0.0000000000 0.0000000000 0.0000000000 0.0000000000 0.0000000000 0.0000000000 0.0000000000 0.0000000000 0.0000000000 0.0000000000 0.0000000000 0.0000000000 0.0000000000 0.0000000000 0.0000000000 0.0000000000 0.0000000000 0.0000000000 0.0000000000 0.0000000000 0.0000000000 0.0000000000 0.0000000000 0.0000000000 0.0000000000 0.0000000000 0.0000000000 0.0000000000 0.0000000000 0.0000000000 0.0000000000 0.0000000000 0.0000000000 0.0000000000 0.0000000000 0.0000000000 0.0000000000 0.0000000000 0.0000000000 0.0000000000 0.0000000000 0.0000000000 0.0000000000 0.0000000000 0.0000000000 0.0000000000 0.0000000000 0.0000000000 0.0000000000 0.0000000000 0.0000000000 0.0000000000 0.0000000000 0.0000000000 0.0000000000 0.0000000000 0.0000000000 0.0000000000 0.0000000000 0.0000000000
6144.0000000000 -3502.2998913482 0.0000000000 888.4089691903 0.0000000000 -360.5570738345 0.0000000000 130.6541596688 0.0000000000 -0.0000000000 0.0000000000 -85.6172451773 0.0000000000 147.0678612599 0.0000000000 -194.1105373085 0.0000000000 231.9312361977 0.0000000000 -263.5529877651 0.0000000000 290.8695213824 0.0000000000 -315.1406556782 0.0000000000 337.2511941570 0.0000000000 -357.8563962926 0.0000000000 377.4693830420 0.0000000000 -396.5175374936 0.0000000000 415.3822478051 0.0000000000 -434.4304022567 0.0000000000 454.0433890061 0.0000000000 -474.6485911417 0.0000000000 496.7591296205 0.0000000000 -521.0302639163 0.0000000000 548.3467975336 0.0000000000 -579.9685491010 0.0000000000 617.7892479902 0.0000000000 -664.8319240388 0.0000000000 726.2825401214 0.0000000000 -811.8997852987 0.0000000000 942.5539449675 0.0000000000 -1172.4568591332 0.0000000000 1700.3087544890 0.0000000000 -4314.1996766469
0.0000000000 0.0000000000 0.0000000000 0.0000000000 0.0000000000 0.0000000000 0.0000000000 0.0000000000 0.0000000000 0.0000000000 0.0000000000 0.0000000000 0.0000000000 0.0000000000 0.0000000000 0.0000000000 0.0000000000 0.0000000000 0.0000000000 0.0000000000 0.0000000000 0.0000000000 0.0000000000 0.0000000000 0.0000000000 0.0000000000 0.0000000000 0.0000000000 0.0000000000 0.0000000000 0.0000000000 0.0000000000 0.0000000000 0.0000000000 0.0000000000 0.0000000000 0.0000000000 0.0000000000 0.0000000000 0.0000000000 0.0000000000 0.0000000000 0.0000000000 0.0000000000 0.0000000000 0.0000000000 0.0000000000 0.0000000000 0.0000000000 0.0000000000 0.0000000000 0.0000000000 0.0000000000 0.0000000000 0.0000000000 0.0000000000 0.0000000000 0.0000000000 0.0000000000 0.0000000000 0.0000000000 0.0000000000 0.0000000000 0.0000000000
-6144.0000000000 3371.6457316794 0.0000000000 -757.7548095215 0.0000000000 229.9029141657 0.0000000000 0.0000000000 0.0000000000 -130.6541596688 0.0000000000 216.2714048461 0.0000000000 -277.7220209287 0.0000000000 324.7646969773 0.0000000000 -362.5853958665 0.0000000000 394.2071474339 0.0000000000 -421.5236810512 0.0000000000 445.7948153470 0.0000000000 -467.9053538258 0.0000000000 488.5105559614 0.0000000000 -508.1235427108 0.0000000000 527.1716971624 0.0000000000 -546.0364074739 0.0000000000 565.0845619255 0.0000000000 -584.6975486749 0.0000000000 605.3027508106 0.0000000000 -627.4132892893 0.0000000000 651.6844235851 0.0000000000 -679.0009572024 0.0000000000 710.6227087698 0.0000000000 -748.4434076590 0.0000000000 795.4860837076 0.0000000000 -856.9366997902 0.0000000000 942.5539449675 0.0000000000 -1073.2081046363 0.0000000000 1303.1110188020 0.0000000000 -1830.9629141578 0.0000000000 4444.8538363157
0.0000000000 0.0000000000 0.0000000000 0.0000000000 0.0000000000 0.0000000000 0.0000000000 0.0000000000 0.0000000000 0.0000000000 0.0000000000 0.0000000000 0.0000000000 0.0000000000 0.0000000000 0.0000000000 0.0000000000 0.0000000000 0.0000000000 0.0000000000 0.0000000000 0.0000000000 0.0000000000 0.0000000000 0.0000000000 0.0000000000 0.0000000000 0.0000000000 0.0000000000 0.0000000000 0.0000000000 0.0000000000 0.0000000000 0.0000000000 0.0000000000 0.0000000000 0.0000000000 0.0000000000 0.0000000000 0.0000000000 0.0000000000 0.0000000000 0.0000000000 0.0000000000 0.0000000000 0.0000000000 0.0000000000 0.0000000000 0.0000000000 0.0000000000 0.0000000000 0.0000000000 0.0000000000 0.0000000000 0.0000000000 0.0000000000 0.0000000000 0.0000000000 0.0000000000 0.0000000000 0.0000000000 0.0000000000 0.0000000000 0.0000000000
6144.0000000000 -3141.7428175137 0.0000000000 527.8518953558 0.0000000000 0.0000000000 0.0000000000 -229.9029141657 0.0000000000 360.5570738345 0.0000000000 -446.1743190118 0.0000000000 507.6249350944 0.0000000000 -554.6676111430 0.0000000000 592.4883100322 0.0000000000 -624.1100615996 0.0000000000 651.4265952169 0.0000000000 -675.6977295127 0.0000000000 697.8082679915 0.0000000000 -718.4134701271 0.0000000000 738.0264568765 0.0000000000 -757.0746113281 0.0000000000 775.9393216396 0.0000000000 -794.9874760912 0.0000000000 814.6004628406 0.0000000000 -835.2056649762 0.0000000000 857.3162034550 0.0000000000 -881.5873377508 0.0000000000 908.9038713681 0.0000000000 -940.5256229355 0.0000000000 978.3463218247 0.0000000000 -1025.3889978733 0.0000000000 1086.8396139559 0.0000000000 -1172.4568591332 0.0000000000 1303.1110188020 0.0000000000 -1533.0139329677 0.0000000000 2060.8658283235 0.0000000000 -4674.7567504814
0.0000000000 0.0000000000 0.0000000000 0.0000000000 0.0000000000 0.0000000000 0.0000000000 0.0000000000 0.0000000000 0.0000000000 0.0000000000 0.0000000000 0.0000000000 0.0000000000 0.0000000000 0.0000000000 0.0000000000 0.0000000000 0.0000000000 0.0000000000 0.0000000000 0.0000000000 0.0000000000 0.0000000000 0.0000000000 0.0000000000 0.0000000000 0.0000000000 0.0000000000 0.0000000000 0.0000000000 0.0000000000 0.0000000000 0.0000000000 0.0000000000 0.0000000000 0.0000000000 0.0000000000 0.0000000000 0.0000000000 0.0000000000 0.0000000000 0.0000000000 0.0000000000 0.0000000000 0.0000000000 0.0000000000 0.0000000000 0.0000000000 0.0000000000 0.0000000000 0.0000000000 0.0000000000 0.0000000000 0.0000000000 0.0000000000 0.0000000000 0.0000000000 0.0000000000 0.0000000000 0.0000000000 0.0000000000 0.0000000000 0.0000000000
-6144.0000000000 2613.8909221579 0.0000000000 0.0000000000 0.0000000000 -527.8518953558 0.0000000000 757.7548095215 0.0000000000 -888.4089691903 0.0000000000 974.0262143676 0.0000000000 -1035.4768304502 0.0000000000 1082.5195064989 0.0000000000 -1120.3402053880 0.0000000000 1151.9619569554 0.0000000000 -1179.2784905727 0.0000000000 1203.5496248685 0.0000000000 -1225.6601633473 0.0000000000 1246.2653654829 0.0000000000 -1265.8783522323 0.0000000000 1284.9265066839 0.0000000000 -1303.7912169954 0.0000000000 1322.8393714470 0.0000000000 -1342.4523581964 0.0000000000 1363.0575603321 0.0000000000 -1385.1680988108 0.0000000000 1409.4392331066 0.0000000000 -1436.7557667239 0.0000000000 1468.3775182914 0.0000000000 -1506.1982171805 0.0000000000 1553.2408932291 0.0000000000 -1614.6915093117 0.0000000000 1700.3087544890 0.0000000000 -1830.9629141578 0.0000000000 2060.8658283235 0.0000000000 -2588.7177236794 0.0000000000 5202.6086458372
0.0000000000 0.0000000000 0.0000000000 0.0000000000 0.0000000000 0.0000000000 0.0000000000 0.0000000000 0.0000000000 0.0000000000 0.0000000000 0.0000000000 0.0000000000 0.0000000000 0.0000000000 0.0000000000 0.0000000000 0.0000000000 0.0000000000 0.0000000000 0.0000000000 0.0000000000 0.0000000000 0.0000000000 0.0000000000 0.0000000000 0.0000000000 0.0000000000 0.0000000000 0.0000000000 0.0000000000 0.0000000000 0.0000000000 0.0000000000 0.0000000000 0.0000000000 0.0000000000 0.0000000000 0.0000000000 0.0000000000 0.0000000000 0.0000000000 0.0000000000 0.0000000000 0.0000000000 0.0000000000 0.0000000000 0.0000000000 0.0000000000 0.0000000000 0.0000000000 0.0000000000 0.0000000000 0.0000000000 0.0000000000 0.0000000000 0.0000000000 0.0000000000 0.0000000000 0.0000000000 0.0000000000 0.0000000000 0.0000000000 0.0000000000
6144.0000000000 0.0000000000 0.0000000000 -2613.8909221579 0.0000000000 3141.7428175137 0.0000000000 -3371.6457316794 0.0000000000 3502.2998913482 0.0000000000 -3587.9171365255 0.0000000000 3649.3677526081 0.0000000000 -3696.4104286567 0.0000000000 3734.2311275459 0.0000000000 -3765.8528791133 0.0000000000 3793.1694127306 0.0000000000 -3817.4405470264 0.0000000000 3839.5510855052 0.0000000000 -3860.1562876408 0.0000000000 3879.7692743902 0.0000000000 -3898.8174288418 0.0000000000 3917.6821391533 0.0000000000 -3936.7302936049 0.0000000000 3956.3432803543 0.0000000000 -3976.9484824899 0.0000000000 3999.0590209687 0.0000000000 -4023.3301552645 0.0000000000 4050.6466888818 0.0000000000 -4082.2684404492 0.0000000000 4120.0891393384 0.0000000000 -4167.1318153870 0.0000000000 4228.5824314696 0.0000000000 -4314.1996766469 0.0000000000 4444.8538363157 0.0000000000 -4674.7567504814 0.0000000000 5202.6086458372 0.0000000000 -7816.4995679951
