196608.0000000000 -125063.9930879213 0.0000000000 41419.4835788697 0.0000000000 -24528.2229274834 0.0000000000 17171.3296741815 0.0000000000 -12990.3965647789 0.0000000000 10250.6447191051 0.0000000000 -8284.2250044624 0.0000000000 6778.8593709065 0.0000000000 -5568.5970064536 0.0000000000 4556.7009562954 0.0000000000 -3682.5718805417 0.0000000000 2905.8955830763 0.0000000000 -2198.3583517564 0.0000000000 1538.9918834154 0.0000000000 -911.3763074356 0.0000000000 301.8353649836 0.0000000000 301.8353649836 0.0000000000 -911.3763074356 0.0000000000 1538.9918834154 0.0000000000 -2198.3583517564 0.0000000000 2905.8955830763 0.0000000000 -3682.5718805417 0.0000000000 4556.7009562954 0.0000000000 -5568.5970064536 0.0000000000 6778.8593709065 0.0000000000 -8284.2250044624 0.0000000000 10250.6447191051 0.0000000000 -12990.3965647789 0.0000000000 17171.3296741815 0.0000000000 -24528.2229274834 0.0000000000 41419.4835788697 0.0000000000 -125063.9930879213
-125063.9930879213 79362.2519485251 0.0000000000 -26155.2799072928 0.0000000000 15410.6077405893 0.0000000000 -10730.8264143995 0.0000000000 8071.2998971906 0.0000000000 -6328.5208348434 0.0000000000 5077.6648086389 0.0000000000 -4120.0891393384 0.0000000000 3350.2311275459 0.0000000000 -2706.5555872693 0.0000000000 2150.5147715955 0.0000000000 -1656.4644832157 0.0000000000 1206.3941330406 0.0000000000 -786.9656080619 0.0000000000 387.7340912558 0.0000000000 -0.0000000000 0.0000000000 -384.0000000000 0.0000000000 771.7340912558 0.0000000000 -1170.9656080619 0.0000000000 1590.3941330406 0.0000000000 -2040.4644832157 0.0000000000 2534.5147715955 0.0000000000 -3090.5555872693 0.0000000000 3734.2311275459 0.0000000000 -4504.0891393384 0.0000000000 5461.6648086389 0.0000000000 -6712.5208348434 0.0000000000 8455.2998971906 0.0000000000 -11114.8264143995 0.0000000000 15794.6077405893 0.0000000000 -26539.2799072928 0.0000000000 79746.2519485251
0.0000000000 0.0000000000 0.0000000000 0.0000000000 0.0000000000 0.0000000000 0.0000000000 0.0000000000 0.0000000000 0.0000000000 0.0000000000 0.0000000000 0.0000000000 0.0000000000 0.0000000000 0.0000000000 0.0000000000 0.0000000000 0.0000000000 0.0000000000 0.0000000000 0.0000000000 0.0000000000 0.0000000000 0.0000000000 0.0000000000 0.0000000000 0.0000000000 0.0000000000 0.0000000000 0.0000000000 0.0000000000 0.0000000000 0.0000000000 0.0000000000 0.0000000000 0.0000000000 0.0000000000 0.0000000000 0.0000000000 0.0000000000 0.0000000000 0.0000000000 0.0000000000 0.0000000000 0.0000000000 0.0000000000 0.0000000000 0.0000000000 0.0000000000 0.0000000000 0.0000000000 0.0000000000 0.0000000000 0.0000000000 0.0000000000 0.0000000000 0.0000000000 0.0000000000 0.0000000000 0.0000000000 0.0000000000 0.0000000000 0.0000000000
41419.4835788697 -26155.2799072928 0.0000000000 8533.8586626193 0.0000000000 -4975.3702329699 0.0000000000 3425.4906792558 0.0000000000 -2544.6918802788 0.0000000000 1967.5072968333 0.0000000000 -1553.2408932291 0.0000000000 1236.1049316240 0.0000000000 -981.1384901232 0.0000000000 767.9619569554 0.0000000000 -583.8088456935 0.0000000000 420.1861490129 0.0000000000 -271.1290062004 0.0000000000 132.2200166989 0.0000000000 -0.0000000000 0.0000000000 -128.4122266466 0.0000000000 255.5877733534 0.0000000000 -384.0000000000 0.0000000000 516.2200166989 0.0000000000 -655.1290062004 0.0000000000 804.1861490129 0.0000000000 -967.8088456935 0.0000000000 1151.9619569554 0.0000000000 -1365.1384901232 0.0000000000 1620.1049316240 0.0000000000 -1937.2408932291 0.0000000000 2351.5072968333 0.0000000000 -2928.6918802788 0.0000000000 3809.4906792558 0.0000000000 -5359.3702329699 0.0000000000 8917.8586626193 0.0000000000 -26539.2799072928
0.0000000000 0.0000000000 0.0000000000 0.0000000000 0.0000000000 0.0000000000 0.0000000000 0.0000000000 0.0000000000 0.0000000000 0.0000000000 0.0000000000 0.0000000000 0.0000000000 0.0000000000 0.0000000000 0.0000000000 0.0000000000 0.0000000000 0.0000000000 0.0000000000 0.0000000000 0.0000000000 0.0000000000 0.0000000000 0.0000000000 0.0000000000 0.0000000000 0.0000000000 0.0000000000 0.0000000000 0.0000000000 0.0000000000 0.0000000000 0.0000000000 0.0000000000 0.0000000000 0.0000000000 0.0000000000 0.0000000000 0.0000000000 0.0000000000 0.0000000000 0.0000000000 0.0000000000 0.0000000000 0.0000000000 0.0000000000 0.0000000000 0.0000000000 0.0000000000 0.0000000000 0.0000000000 0.0000000000 0.0000000000 0.0000000000 0.0000000000 0.0000000000 0.0000000000 0.0000000000 0.0000000000 0.0000000000 0.0000000000 0.0000000000
-24528.2229274834 15410.6077405893 0.0000000000 -4975.3702329699 0.0000000000 2868.0673420223 0.0000000000 -1950.2434601320 0.0000000000 1428.6428164536 0.0000000000 -1086.8396139559 0.0000000000 841.5150029037 0.0000000000 -653.7101127302 0.0000000000 502.7214191061 0.0000000000 -376.4803104141 0.0000000000 267.4265952169 0.0000000000 -170.5307956222 0.0000000000 82.2605780354 0.0000000000 -0.0000000000 0.0000000000 -78.2994321716 0.0000000000 154.3439274103 0.0000000000 -229.6560725897 0.0000000000 305.7005678284 0.0000000000 -384.0000000000 0.0000000000 466.2605780354 0.0000000000 -554.5307956222 0.0000000000 651.4265952169 0.0000000000 -760.4803104141 0.0000000000 886.7214191061 0.0000000000 -1037.7101127302 0.0000000000 1225.5150029037 0.0000000000 -1470.8396139559 0.0000000000 1812.6428164536 0.0000000000 -2334.2434601320 0.0000000000 3252.0673420223 0.0000000000 -5359.3702329699 0.0000000000 15794.6077405893
0.0000000000 0.0000000000 0.0000000000 0.0000000000 0.0000000000 0.0000000000 0.0000000000 0.0000000000 0.0000000000 0.0000000000 0.0000000000 0.0000000000 0.0000000000 0.0000000000 0.0000000000 0.0000000000 0.0000000000 0.0000000000 0.0000000000 0.0000000000 0.0000000000 0.0000000000 0.0000000000 0.0000000000 0.0000000000 0.0000000000 0.0000000000 0.0000000000 0.0000000000 0.0000000000 0.0000000000 0.0000000000 0.0000000000 0.0000000000 0.0000000000 0.0000000000 0.0000000000 0.0000000000 0.0000000000 0.0000000000 0.0000000000 0.0000000000 0.0000000000 0.0000000000 0.0000000000 0.0000000000 0.0000000000 0.0000000000 0.0000000000 0.0000000000 0.0000000000 0.0000000000 0.0000000000 0.0000000000 0.0000000000 0.0000000000 0.0000000000 0.0000000000 0.0000000000 0.0000000000 0.0000000000 0.0000000000 0.0000000000 0.0000000000
17171.3296741815 -10730.8264143995 0.0000000000 3425.4906792558 0.0000000000 -1950.2434601320 0.0000000000 1307.7078591890 0.0000000000 -942.5539449675 0.0000000000 703.2697746005 0.0000000000 -531.5268078955 0.0000000000 400.0513360227 0.0000000000 -294.3495637028 0.0000000000 205.9726885336 0.0000000000 -129.6280914798 0.0000000000 61.7948153470 0.0000000000 -0.0000000000 0.0000000000 -57.5876821085 0.0000000000 112.4023079823 0.0000000000 -165.6383333361 0.0000000000 218.3616666639 0.0000000000 -271.5976920177 0.0000000000 326.4123178915 0.0000000000 -384.0000000000 0.0000000000 445.7948153470 0.0000000000 -513.6280914798 0.0000000000 589.9726885336 0.0000000000 -678.3495637028 0.0000000000 784.0513360227 0.0000000000 -915.5268078955 0.0000000000 1087.2697746005 0.0000000000 -1326.5539449675 0.0000000000 1691.7078591890 0.0000000000 -2334.2434601320 0.0000000000 3809.4906792558 0.0000000000 -11114.8264143995
0.0000000000 0.0000000000 0.0000000000 0.0000000000 0.0000000000 0.0000000000 0.0000000000 0.0000000000 0.0000000000 0.0000000000 0.0000000000 0.0000000000 0.0000000000 0.0000000000 0.0000000000 0.0000000000 0.0000000000 0.0000000000 0.0000000000 0.0000000000 0.0000000000 0.0000000000 0.0000000000 0.0000000000 0.0000000000 0.0000000000 0.0000000000 0.0000000000 0.0000000000 0.0000000000 0.0000000000 0.0000000000 0.0000000000 0.0000000000 0.0000000000 0.0000000000 0.0000000000 0.0000000000 0.0000000000 0.0000000000 0.0000000000 0.0000000000 0.0000000000 0.0000000000 0.0000000000 0.0000000000 0.0000000000 0.0000000000 0.0000000000 0.0000000000 0.0000000000 0.0000000000 0.0000000000 0.0000000000 0.0000000000 0.0000000000 0.0000000000 0.0000000000 0.0000000000 0.0000000000 0.0000000000 0.0000000000 0.0000000000 0.0000000000
-12990.3965647789 8071.2998971906 0.0000000000 -2544.6918802788 0.0000000000 1428.6428164536 0.0000000000 -942.5539449675 0.0000000000 666.3089340730 0.0000000000 -485.2864784029 0.0000000000 355.3600669343 0.0000000000 -255.8966852058 0.0000000000 175.9315359664 0.0000000000 -109.0729596425 0.0000000000 51.3170018847 0.0000000000 -0.0000000000 0.0000000000 -46.7488058430 0.0000000000 90.3148454003 0.0000000000 -131.7830217828 0.0000000000 172.0569606099 0.0000000000 -211.9430393901 0.0000000000 252.2169782172 0.0000000000 -293.6851545997 0.0000000000 337.2511941570 0.0000000000 -384.0000000000 0.0000000000 435.3170018847 0.0000000000 -493.0729596425 0.0000000000 559.9315359664 0.0000000000 -639.8966852058 0.0000000000 739.3600669343 0.0000000000 -869.2864784029 0.0000000000 1050.3089340730 0.0000000000 -1326.5539449675 0.0000000000 1812.6428164536 0.0000000000 -2928.6918802788 0.0000000000 8455.2998971906
0.0000000000 0.0000000000 0.0000000000 0.0000000000 0.0000000000 0.0000000000 0.0000000000 0.0000000000 0.0000000000 0.0000000000 0.0000000000 0.0000000000 0.0000000000 0.0000000000 0.0000000000 0.0000000000 0.0000000000 0.0000000000 0.0000000000 0.0000000000 0.0000000000 0.0000000000 0.0000000000 0.0000000000 0.0000000000 0.0000000000 0.0000000000 0.0000000000 0.0000000000 0.0000000000 0.0000000000 0.0000000000 0.0000000000 0.0000000000 0.0000000000 0.0000000000 0.0000000000 0.0000000000 0.0000000000 0.0000000000 0.0000000000 0.0000000000 0.0000000000 0.0000000000 0.0000000000 0.0000000000 0.0000000000 0.0000000000 0.0000000000 0.0000000000 0.0000000000 0.0000000000 0.0000000000 0.0000000000 0.0000000000 0.0000000000 0.0000000000 0.0000000000 0.0000000000 0.0000000000 0.0000000000 0.0000000000 0.0000000000 0.0000000000
10250.6447191051 -6328.5208348434 0.0000000000 1967.5072968333 0.0000000000 -1086.8396139559 0.0000000000 703.2697746005 0.0000000000 -485.2864784029 0.0000000000 342.4427345648 0.0000000000 -239.9185755100 0.0000000000 161.4326121620 0.0000000000 -98.3325881807 0.0000000000 45.5748829864 0.0000000000 -0.0000000000 0.0000000000 -40.4939411777 0.0000000000 77.3831460107 0.0000000000 -111.7608488847 0.0000000000 144.4831403965 0.0000000000 -176.2630661514 0.0000000000 207.7369338486 0.0000000000 -239.5168596035 0.0000000000 272.2391511153 0.0000000000 -306.6168539893 0.0000000000 343.5060588223 0.0000000000 -384.0000000000 0.0000000000 429.5748829864 0.0000000000 -482.3325881807 0.0000000000 545.4326121620 0.0000000000 -623.9185755100 0.0000000000 726.4427345648 0.0000000000 -869.2864784029 0.0000000000 1087.2697746005 0.0000000000 -1470.8396139559 0.0000000000 2351.5072968333 0.0000000000 -6712.5208348434
0.0000000000 0.0000000000 0.0000000000 0.0000000000 0.0000000000 0.0000000000 0.0000000000 0.0000000000 0.0000000000 0.0000000000 0.0000000000 0.0000000000 0.0000000000 0.0000000000 0.0000000000 0.0000000000 0.0000000000 0.0000000000 0.0000000000 0.0000000000 0.0000000000 0.0000000000 0.0000000000 0.0000000000 0.0000000000 0.0000000000 0.0000000000 0.0000000000 0.0000000000 0.0000000000 0.0000000000 0.0000000000 0.0000000000 0.0000000000 0.0000000000 0.0000000000 0.0000000000 0.0000000000 0.0000000000 0.0000000000 0.0000000000 0.0000000000 0.0000000000 0.0000000000 0.0000000000 0.0000000000 0.0000000000 0.0000000000 0.0000000000 0.0000000000 0.0000000000 0.0000000000 0.0000000000 0.0000000000 0.0000000000 0.0000000000 0.0000000000 0.0000000000 0.0000000000 0.0000000000 0.0000000000 0.0000000000 0.0000000000 0.0000000000
-8284.2250044624 5077.6648086389 0.0000000000 -1553.2408932291 0.0000000000 841.5150029037 0.0000000000 -531.5268078955 0.0000000000 355.3600669343 0.0000000000 -239.9185755100 0.0000000000 157.0620113350 0.0000000000 -93.6323054108 0.0000000000 42.6369962598 0.0000000000 -0.0000000000 0.0000000000 -36.8320818404 0.0000000000 69.5579180416 0.0000000000 -99.3705280233 0.0000000000 127.1534269091 0.0000000000 -153.5984782179 0.0000000000 179.2819413359 0.0000000000 -204.7180586641 0.0000000000 230.4015217821 0.0000000000 -256.8465730909 0.0000000000 284.6294719767 0.0000000000 -314.4420819584 0.0000000000 347.1679181596 0.0000000000 -384.0000000000 0.0000000000 426.6369962598 0.0000000000 -477.6323054108 0.0000000000 541.0620113350 0.0000000000 -623.9185755100 0.0000000000 739.3600669343 0.0000000000 -915.5268078955 0.0000000000 1225.5150029037 0.0000000000 -1937.2408932291 0.0000000000 5461.6648086389
0.0000000000 0.0000000000 0.0000000000 0.0000000000 0.0000000000 0.0000000000 0.0000000000 0.0000000000 0.0000000000 0.0000000000 0.0000000000 0.0000000000 0.0000000000 0.0000000000 0.0000000000 0.0000000000 0.0000000000 0.0000000000 0.0000000000 0.0000000000 0.0000000000 0.0000000000 0.0000000000 0.0000000000 0.0000000000 0.0000000000 0.0000000000 0.0000000000 0.0000000000 0.0000000000 0.0000000000 0.0000000000 0.0000000000 0.0000000000 0.0000000000 0.0000000000 0.0000000000 0.0000000000 0.0000000000 0.0000000000 0.0000000000 0.0000000000 0.0000000000 0.0000000000 0.0000000000 0.0000000000 0.0000000000 0.0000000000 0.0000000000 0.0000000000 0.0000000000 0.0000000000 0.0000000000 0.0000000000 0.0000000000 0.0000000000 0.0000000000 0.0000000000 0.0000000000 0.0000000000 0.0000000000 0.0000000000 0.0000000000 0.0000000000
6778.8593709065 -4120.0891393384 0.0000000000 1236.1049316240 0.0000000000 -653.7101127302 0.0000000000 400.0513360227 0.0000000000 -255.8966852058 0.0000000000 161.4326121620 0.0000000000 -93.6323054108 0.0000000000 41.7287107876 0.0000000000 0.0000000000 0.0000000000 -34.8892263896 0.0000000000 65.0283767627 0.0000000000 -91.8074467763 0.0000000000 116.2026666595 0.0000000000 -138.9370038318 0.0000000000 160.5766000260 0.0000000000 -181.5929998149 0.0000000000 202.4070001851 0.0000000000 -223.4233999740 0.0000000000 245.0629961682 0.0000000000 -267.7973333405 0.0000000000 292.1925532237 0.0000000000 -318.9716232373 0.0000000000 349.1107736104 0.0000000000 -384.0000000000 0.0000000000 425.7287107876 0.0000000000 -477.6323054108 0.0000000000 545.4326121620 0.0000000000 -639.8966852058 0.0000000000 784.0513360227 0.0000000000 -1037.7101127302 0.0000000000 1620.1049316240 0.0000000000 -4504.0891393384
0.0000000000 0.0000000000 0.0000000000 0.0000000000 0.0000000000 0.0000000000 0.0000000000 0.0000000000 0.0000000000 0.0000000000 0.0000000000 0.0000000000 0.0000000000 0.0000000000 0.0000000000 0.0000000000 0.0000000000 0.0000000000 0.0000000000 0.0000000000 0.0000000000 0.0000000000 0.0000000000 0.0000000000 0.0000000000 0.0000000000 0.0000000000 0.0000000000 0.0000000000 0.0000000000 0.0000000000 0.0000000000 0.0000000000 0.0000000000 0.0000000000 0.0000000000 0.0000000000 0.0000000000 0.0000000000 0.0000000000 0.0000000000 0.0000000000 0.0000000000 0.0000000000 0.0000000000 0.0000000000 0.0000000000 0.0000000000 0.0000000000 0.0000000000 0.0000000000 0.0000000000 0.0000000000 0.0000000000 0.0000000000 0.0000000000 0.0000000000 0.0000000000 0.0000000000 0.0000000000 0.0000000000 0.0000000000 0.0000000000 0.0000000000
-5568.5970064536 3350.2311275459 0.0000000000 -981.1384901232 0.0000000000 502.7214191061 0.0000000000 -294.3495637028 0.0000000000 175.9315359664 0.0000000000 -98.3325881807 0.0000000000 42.6369962598 0.0000000000 0.0000000000 0.0000000000 -34.2786833685 0.0000000000 62.9389683811 0.0000000000 -87.6972312925 0.0000000000 109.6953051504 0.0000000000 -129.7351291061 0.0000000000 148.4105957288 0.0000000000 -166.1867707451 0.0000000000 183.4510116074 0.0000000000 -200.5489883926 0.0000000000 217.8132292549 0.0000000000 -235.5894042712 0.0000000000 254.2648708939 0.0000000000 -274.3046948496 0.0000000000 296.3027687075 0.0000000000 -321.0610316189 0.0000000000 349.7213166315 0.0000000000 -384.0000000000 0.0000000000 426.6369962598 0.0000000000 -482.3325881807 0.0000000000 559.9315359664 0.0000000000 -678.3495637028 0.0000000000 886.7214191061 0.0000000000 -1365.1384901232 0.0000000000 3734.2311275459
0.0000000000 0.0000000000 0.0000000000 0.0000000000 0.0000000000 0.0000000000 0.0000000000 0.0000000000 0.0000000000 0.0000000000 0.0000000000 0.0000000000 0.0000000000 0.0000000000 0.0000000000 0.0000000000 0.0000000000 0.0000000000 0.0000000000 0.0000000000 0.0000000000 0.0000000000 0.0000000000 0.0000000000 0.0000000000 0.0000000000 0.0000000000 0.0000000000 0.0000000000 0.0000000000 0.0000000000 0.0000000000 0.0000000000 0.0000000000 0.0000000000 0.0000000000 0.0000000000 0.0000000000 0.0000000000 0.0000000000 0.0000000000 0.0000000000 0.0000000000 0.0000000000 0.0000000000 0.0000000000 0.0000000000 0.0000000000 0.0000000000 0.0000000000 0.0000000000 0.0000000000 0.0000000000 0.0000000000 0.0000000000 0.0000000000 0.0000000000 0.0000000000 0.0000000000 0.0000000000 0.0000000000 0.0000000000 0.0000000000 0.0000000000
4556.7009562954 -2706.5555872693 0.0000000000 767.9619569554 0.0000000000 -376.4803104141 0.0000000000 205.9726885336 0.0000000000 -109.0729596425 0.0000000000 45.5748829864 0.0000000000 0.0000000000 0.0000000000 -34.8892263896 0.0000000000 62.9389683811 0.0000000000 -86.3912577052 0.0000000000 106.6505797847 0.0000000000 -124.6512797938 0.0000000000 141.0495727349 0.0000000000 -156.3314321549 0.0000000000 170.8774144916 0.0000000000 -185.0044886461 0.0000000000 198.9955113539 0.0000000000 -213.1225855084 0.0000000000 227.6685678451 0.0000000000 -242.9504272651 0.0000000000 259.3487202062 0.0000000000 -277.3494202153 0.0000000000 297.6087422948 0.0000000000 -321.0610316189 0.0000000000 349.1107736104 0.0000000000 -384.0000000000 0.0000000000 429.5748829864 0.0000000000 -493.0729596425 0.0000000000 589.9726885336 0.0000000000 -760.4803104141 0.0000000000 1151.9619569554 0.0000000000 -3090.5555872693
0.0000000000 0.0000000000 0.0000000000 0.0000000000 0.0000000000 0.0000000000 0.0000000000 0.0000000000 0.0000000000 0.0000000000 0.0000000000 0.0000000000 0.0000000000 0.0000000000 0.0000000000 0.0000000000 0.0000000000 0.0000000000 0.0000000000 0.0000000000 0.0000000000 0.0000000000 0.0000000000 0.0000000000 0.0000000000 0.0000000000 0.0000000000 0.0000000000 0.0000000000 0.0000000000 0.0000000000 0.0000000000 0.0000000000 0.0000000000 0.0000000000 0.0000000000 0.0000000000 0.0000000000 0.0000000000 0.0000000000 0.0000000000 0.0000000000 0.0000000000 0.0000000000 0.0000000000 0.0000000000 0.0000000000 0.0000000000 0.0000000000 0.0000000000 0.0000000000 0.0000000000 0.0000000000 0.0000000000 0.0000000000 0.0000000000 0.0000000000 0.0000000000 0.0000000000 0.0000000000 0.0000000000 0.0000000000 0.0000000000 0.0000000000
-3682.5718805417 2150.5147715955 0.0000000000 -583.8088456935 0.0000000000 267.4265952169 0.0000000000 -129.6280914798 0.0000000000 51.3170018847 0.0000000000 -0.0000000000 0.0000000000 -36.8320818404 0.0000000000 65.0283767627 0.0000000000 -87.6972312925 0.0000000000 106.6505797847 0.0000000000 -123.0234799431 0.0000000000 137.5710379942 0.0000000000 -150.8235847497 0.0000000000 163.1738676237 0.0000000000 -174.9294394818 0.0000000000 186.3464638894 0.0000000000 -197.6535361106 0.0000000000 209.0705605182 0.0000000000 -220.8261323763 0.0000000000 233.1764152503 0.0000000000 -246.4289620058 0.0000000000 260.9765200569 0.0000000000 -277.3494202153 0.0000000000 296.3027687075 0.0000000000 -318.9716232373 0.0000000000 347.1679181596 0.0000000000 -384.0000000000 0.0000000000 435.3170018847 0.0000000000 -513.6280914798 0.0000000000 651.4265952169 0.0000000000 -967.8088456935 0.0000000000 2534.5147715955
0.0000000000 0.0000000000 0.0000000000 0.0000000000 0.0000000000 0.0000000000 0.0000000000 0.0000000000 0.0000000000 0.0000000000 0.0000000000 0.0000000000 0.0000000000 0.0000000000 0.0000000000 0.0000000000 0.0000000000 0.0000000000 0.0000000000 0.0000000000 0.0000000000 0.0000000000 0.0000000000 0.0000000000 0.0000000000 0.0000000000 0.0000000000 0.0000000000 0.0000000000 0.0000000000 0.0000000000 0.0000000000 0.0000000000 0.0000000000 0.0000000000 0.0000000000 0.0000000000 0.0000000000 0.0000000000 0.0000000000 0.0000000000 0.0000000000 0.0000000000 0.0000000000 0.0000000000 0.0000000000 0.0000000000 0.0000000000 0.0000000000 0.0000000000 0.0000000000 0.0000000000 0.0000000000 0.0000000000 0.0000000000 0.0000000000 0.0000000000 0.0000000000 0.0000000000 0.0000000000 0.0000000000 0.0000000000 0.0000000000 0.0000000000
2905.8955830763 -1656.4644832157 0.0000000000 420.1861490129 0.0000000000 -170.5307956222 0.0000000000 61.7948153470 0.0000000000 -0.0000000000 0.0000000000 -40.4939411777 0.0000000000 69.5579180416 0.0000000000 -91.8074467763 0.0000000000 109.6953051504 0.0000000000 -124.6512797938 0.0000000000 137.5710379942 0.0000000000 -149.0504295871 0.0000000000 159.5079354635 0.0000000000 -169.2534702738 0.0000000000 178.5297221563 0.0000000000 -187.5388282576 0.0000000000 196.4611717424 0.0000000000 -205.4702778437 0.0000000000 214.7465297262 0.0000000000 -224.4920645365 0.0000000000 234.9495704129 0.0000000000 -246.4289620058 0.0000000000 259.3487202062 0.0000000000 -274.3046948496 0.0000000000 292.1925532237 0.0000000000 -314.4420819584 0.0000000000 343.5060588223 0.0000000000 -384.0000000000 0.0000000000 445.7948153470 0.0000000000 -554.5307956222 0.0000000000 804.1861490129 0.0000000000 -2040.4644832157
0.0000000000 0.0000000000 0.0000000000 0.0000000000 0.0000000000 0.0000000000 0.0000000000 0.0000000000 0.0000000000 0.0000000000 0.0000000000 0.0000000000 0.0000000000 0.0000000000 0.0000000000 0.0000000000 0.0000000000 0.0000000000 0.0000000000 0.0000000000 0.0000000000 0.0000000000 0.0000000000 0.0000000000 0.0000000000 0.0000000000 0.0000000000 0.0000000000 0.0000000000 0.0000000000 0.0000000000 0.0000000000 0.0000000000 0.0000000000 0.0000000000 0.0000000000 0.0000000000 0.0000000000 0.0000000000 0.0000000000 0.0000000000 0.0000000000 0.0000000000 0.0000000000 0.0000000000 0.0000000000 0.0000000000 0.0000000000 0.0000000000 0.0000000000 0.0000000000 0.0000000000 0.0000000000 0.0000000000 0.0000000000 0.0000000000 0.0000000000 0.0000000000 0.0000000000 0.0000000000 0.0000000000 0.0000000000 0.0000000000 0.0000000000
-2198.3583517564 1206.3941330406 0.0000000000 -271.1290062004 0.0000000000 82.2605780354 0.0000000000 -0.0000000000 0.0000000000 -46.7488058430 0.0000000000 77.3831460107 0.0000000000 -99.3705280233 0.0000000000 116.2026666595 0.0000000000 -129.7351291061 0.0000000000 141.0495727349 0.0000000000 -150.8235847497 0.0000000000 159.5079354635 0.0000000000 -167.4192126326 0.0000000000 174.7918718455 0.0000000000 -181.8095107165 0.0000000000 188.6250493598 0.0000000000 -195.3749506402 0.0000000000 202.1904892835 0.0000000000 -209.2081281545 0.0000000000 216.5807873674 0.0000000000 -224.4920645365 0.0000000000 233.1764152503 0.0000000000 -242.9504272651 0.0000000000 254.2648708939 0.0000000000 -267.7973333405 0.0000000000 284.6294719767 0.0000000000 -306.6168539893 0.0000000000 337.2511941570 0.0000000000 -384.0000000000 0.0000000000 466.2605780354 0.0000000000 -655.1290062004 0.0000000000 1590.3941330406
0.0000000000 0.0000000000 0.0000000000 0.0000000000 0.0000000000 0.0000000000 0.0000000000 0.0000000000 0.0000000000 0.0000000000 0.0000000000 0.0000000000 0.0000000000 0.0000000000 0.0000000000 0.0000000000 0.0000000000 0.0000000000 0.0000000000 0.0000000000 0.0000000000 0.0000000000 0.0000000000 0.0000000000 0.0000000000 0.0000000000 0.0000000000 0.0000000000 0.0000000000 0.0000000000 0.0000000000 0.0000000000 0.0000000000 0.0000000000 0.0000000000 0.0000000000 0.0000000000 0.0000000000 0.0000000000 0.0000000000 0.0000000000 0.0000000000 0.0000000000 0.0000000000 0.0000000000 0.0000000000 0.0000000000 0.0000000000 0.0000000000 0.0000000000 0.0000000000 0.0000000000 0.0000000000 0.0000000000 0.0000000000 0.0000000000 0.0000000000 0.0000000000 0.0000000000 0.0000000000 0.0000000000 0.0000000000 0.0000000000 0.0000000000
1538.9918834154 -786.9656080619 0.0000000000 132.2200166989 0.0000000000 -0.0000000000 0.0000000000 -57.5876821085 0.0000000000 90.3148454003 0.0000000000 -111.7608488847 0.0000000000 127.1534269091 0.0000000000 -138.9370038318 0.0000000000 148.4105957288 0.0000000000 -156.3314321549 0.0000000000 163.1738676237 0.0000000000 -169.2534702738 0.0000000000 174.7918718455 0.0000000000 -179.9532062926 0.0000000000 184.8660037238 0.0000000000 -189.6373180296 0.0000000000 194.3626819704 0.0000000000 -199.1339962762 0.0000000000 204.0467937074 0.0000000000 -209.2081281545 0.0000000000 214.7465297262 0.0000000000 -220.8261323763 0.0000000000 227.6685678451 0.0000000000 -235.5894042712 0.0000000000 245.0629961682 0.0000000000 -256.8465730909 0.0000000000 272.2391511153 0.0000000000 -293.6851545997 0.0000000000 326.4123178915 0.0000000000 -384.0000000000 0.0000000000 516.2200166989 0.0000000000 -1170.9656080619
0.0000000000 0.0000000000 0.0000000000 0.0000000000 0.0000000000 0.0000000000 0.0000000000 0.0000000000 0.0000000000 0.0000000000 0.0000000000 0.0000000000 0.0000000000 0.0000000000 0.0000000000 0.0000000000 0.0000000000 0.0000000000 0.0000000000 0.0000000000 0.0000000000 0.0000000000 0.0000000000 0.0000000000 0.0000000000 0.0000000000 0.0000000000 0.0000000000 0.0000000000 0.0000000000 0.0000000000 0.0000000000 0.0000000000 0.0000000000 0.0000000000 0.0000000000 0.0000000000 0.0000000000 0.0000000000 0.0000000000 0.0000000000 0.0000000000 0.0000000000 0.0000000000 0.0000000000 0.0000000000 0.0000000000 0.0000000000 0.0000000000 0.0000000000 0.0000000000 0.0000000000 0.0000000000 0.0000000000 0.0000000000 0.0000000000 0.0000000000 0.0000000000 0.0000000000 0.0000000000 0.0000000000 0.0000000000 0.0000000000 0.0000000000
-911.3763074356 387.7340912558 0.0000000000 0.0000000000 0.0000000000 -78.2994321716 0.0000000000 112.4023079823 0.0000000000 -131.7830217828 0.0000000000 144.4831403965 0.0000000000 -153.5984782179 0.0000000000 160.5766000260 0.0000000000 -166.1867707451 0.0000000000 170.8774144916 0.0000000000 -174.9294394818 0.0000000000 178.5297221563 0.0000000000 -181.8095107165 0.0000000000 184.8660037238 0.0000000000 -187.7753154818 0.0000000000 190.6008422832 0.0000000000 -193.3991577168 0.0000000000 196.2246845182 0.0000000000 -199.1339962762 0.0000000000 202.1904892835 0.0000000000 -205.4702778437 0.0000000000 209.0705605182 0.0000000000 -213.1225855084 0.0000000000 217.8132292549 0.0000000000 -223.4233999740 0.0000000000 230.4015217821 0.0000000000 -239.5168596035 0.0000000000 252.2169782172 0.0000000000 -271.5976920177 0.0000000000 305.7005678284 0.0000000000 -384.0000000000 0.0000000000 771.7340912558
0.0000000000 0.0000000000 0.0000000000 0.0000000000 0.0000000000 0.0000000000 0.0000000000 0.0000000000 0.0000000000 0.0000000000 0.0000000000 0.0000000000 0.0000000000 0.0000000000 0.0000000000 0.0000000000 0.0000000000 0.0000000000 0.0000000000 0.0000000000 0.0000000000 0.0000000000 0.0000000000 0.0000000000 0.0000000000 0.0000000000 0.0000000000 0.0000000000 0.0000000000 0.0000000000 0.0000000000 0.0000000000 0.0000000000 0.0000000000 0.0000000000 0.0000000000 0.0000000000 0.0000000000 0.0000000000 0.0000000000 0.0000000000 0.0000000000 0.0000000000 0.0000000000 0.0000000000 0.0000000000 0.0000000000 0.0000000000 0.0000000000 0.0000000000 0.0000000000 0.0000000000 0.0000000000 0.0000000000 0.0000000000 0.0000000000 0.0000000000 0.0000000000 0.0000000000 0.0000000000 0.0000000000 0.0000000000 0.0000000000 0.0000000000
301.8353649836 -0.0000000000 0.0000000000 -128.4122266466 0.0000000000 154.3439274103 0.0000000000 -165.6383333361 0.0000000000 172.0569606099 0.0000000000 -176.2630661514 0.0000000000 179.2819413359 0.0000000000 -181.5929998149 0.0000000000 183.4510116074 0.0000000000 -185.0044886461 0.0000000000 186.3464638894 0.0000000000 -187.5388282576 0.0000000000 188.6250493598 0.0000000000 -189.6373180296 0.0000000000 190.6008422832 0.0000000000 -191.5366181053 0.0000000000 192.4633818947 0.0000000000 -193.3991577168 0.0000000000 194.3626819704 0.0000000000 -195.3749506402 0.0000000000 196.4611717424 0.0000000000 -197.6535361106 0.0000000000 198.9955113539 0.0000000000 -200.5489883926 0.0000000000 202.4070001851 0.0000000000 -204.7180586641 0.0000000000 207.7369338486 0.0000000000 -211.9430393901 0.0000000000 218.3616666639 0.0000000000 -229.6560725897 0.0000000000 255.5877733534 0.0000000000 -384.0000000000
0.0000000000 0.0000000000 0.0000000000 0.0000000000 0.0000000000 0.0000000000 0.0000000000 0.0000000000 0.0000000000 0.0000000000 0.0000000000 0.0000000000 0.0000000000 0.0000000000 0.0000000000 0.0000000000 0.0000000000 0.0000000000 0.0000000000 0.0000000000 0.0000000000 0.0000000000 0.0000000000 0.0000000000 0.0000000000 0.0000000000 0.0000000000 0.0000000000 0.0000000000 0.0000000000 0.0000000000 0.0000000000 0.0000000000 0.0000000000 0.0000000000 0.0000000000 0.0000000000 0.0000000000 0.0000000000 0.0000000000 0.0000000000 0.0000000000 0.0000000000 0.0000000000 0.0000000000 0.0000000000 0.0000000000 0.0000000000 0.0000000000 0.0000000000 0.0000000000 0.0000000000 0.0000000000 0.0000000000 0.0000000000 0.0000000000 0.0000000000 0.0000000000 0.0000000000 0.0000000000 0.0000000000 0.0000000000 0.0000000000 0.0000000000
301.8353649836 -384.0000000000 0.0000000000 255.5877733534 0.0000000000 -229.6560725897 0.0000000000 218.3616666639 0.0000000000 -211.9430393901 0.0000000000 207.7369338486 0.0000000000 -204.7180586641 0.0000000000 202.4070001851 0.0000000000 -200.5489883926 0.0000000000 198.9955113539 0.0000000000 -197.6535361106 0.0000000000 196.4611717424 0.0000000000 -195.3749506402 0.0000000000 194.3626819704 0.0000000000 -193.3991577168 0.0000000000 192.4633818947 0.0000000000 -191.5366181053 0.0000000000 190.6008422832 0.0000000000 -189.6373180296 0.0000000000 188.6250493598 0.0000000000 -187.5388282576 0.0000000000 186.3464638894 0.0000000000 -185.0044886461 0.0000000000 183.4510116074 0.0000000000 -181.5929998149 0.0000000000 179.2819413359 0.0000000000 -176.2630661514 0.0000000000 172.0569606099 0.0000000000 -165.6383333361 0.0000000000 154.3439274103 0.0000000000 -128.4122266466 0.0000000000 0.0000000000
0.0000000000 0.0000000000 0.0000000000 0.0000000000 0.0000000000 0.0000000000 0.0000000000 0.0000000000 0.0000000000 0.0000000000 0.0000000000 0.0000000000 0.0000000000 0.0000000000 0.0000000000 0.0000000000 0.0000000000 0.0000000000 0.0000000000 0.0000000000 0.0000000000 0.0000000000 0.0000000000 0.0000000000 0.0000000000 0.0000000000 0.0000000000 0.0000000000 0.0000000000 0.0000000000 0.0000000000 0.0000000000 0.0000000000 0.0000000000 0.0000000000 0.0000000000 0.0000000000 0.0000000000 0.0000000000 0.0000000000 0.0000000000 0.0000000000 0.0000000000 0.0000000000 0.0000000000 0.0000000000 0.0000000000 0.0000000000 0.0000000000 0.0000000000 0.0000000000 0.0000000000 0.0000000000 0.0000000000 0.0000000000 0.0000000000 0.0000000000 0.0000000000 0.0000000000 0.0000000000 0.0000000000 0.0000000000 0.0000000000 0.0000000000
-911.3763074356 771.7340912558 0.0000000000 -384.0000000000 0.0000000000 305.7005678284 0.0000000000 -271.5976920177 0.0000000000 252.2169782172 0.0000000000 -239.5168596035 0.0000000000 230.4015217821 0.0000000000 -223.4233999740 0.0000000000 217.8132292549 0.0000000000 -213.1225855084 0.0000000000 209.0705605182 0.0000000000 -205.4702778437 0.0000000000 202.1904892835 0.0000000000 -199.1339962762 0.0000000000 196.2246845182 0.0000000000 -193.3991577168 0.0000000000 190.6008422832 0.0000000000 -187.7753154818 0.0000000000 184.8660037238 0.0000000000 -181.8095107165 0.0000000000 178.5297221563 0.0000000000 -174.9294394818 0.0000000000 170.8774144916 0.0000000000 -166.1867707451 0.0000000000 160.5766000260 0.0000000000 -153.5984782179 0.0000000000 144.4831403965 0.0000000000 -131.7830217828 0.0000000000 112.4023079823 0.0000000000 -78.2994321716 0.0000000000 0.0000000000 0.0000000000 387.7340912558
0.0000000000 0.0000000000 0.0000000000 0.0000000000 0.0000000000 0.0000000000 0.0000000000 0.0000000000 0.0000000000 0.0000000000 0.0000000000 0.0000000000 0.0000000000 0.0000000000 0.0000000000 0.0000000000 0.0000000000 0.0000000000 0.0000000000 0.0000000000 0.0000000000 0.0000000000 0.0000000000 0.0000000000 0.0000000000 0.0000000000 0.0000000000 0.0000000000 0.0000000000 0.0000000000 0.0000000000 0.0000000000 0.0000000000 0.0000000000 0.0000000000 0.0000000000 0.0000000000 0.0000000000 0.0000000000 0.0000000000 0.0000000000 0.0000000000 0.0000000000 0.0000000000 0.0000000000 0.0000000000 0.0000000000 0.0000000000 0.0000000000 0.0000000000 0.0000000000 0.0000000000 0.0000000000 0.0000000000 0.0000000000 0.0000000000 0.0000000000 0.0000000000 0.0000000000 0.0000000000 0.0000000000 0.0000000000 0.0000000000 0.0000000000
1538.9918834154 -1170.9656080619 0.0000000000 516.2200166989 0.0000000000 -384.0000000000 0.0000000000 326.4123178915 0.0000000000 -293.6851545997 0.0000000000 272.2391511153 0.0000000000 -256.8465730909 0.0000000000 245.0629961682 0.0000000000 -235.5894042712 0.0000000000 227.6685678451 0.0000000000 -220.8261323763 0.0000000000 214.7465297262 0.0000000000 -209.2081281545 0.0000000000 204.0467937074 0.0000000000 -199.1339962762 0.0000000000 194.3626819704 0.0000000000 -189.6373180296 0.0000000000 184.8660037238 0.0000000000 -179.9532062926 0.0000000000 174.7918718455 0.0000000000 -169.2534702738 0.0000000000 163.1738676237 0.0000000000 -156.3314321549 0.0000000000 148.4105957288 0.0000000000 -138.9370038318 0.0000000000 127.1534269091 0.0000000000 -111.7608488847 0.0000000000 90.3148454003 0.0000000000 -57.5876821085 0.0000000000 0.0000000000 0.0000000000 132.2200166989 0.0000000000 -786.9656080619
0.0000000000 0.0000000000 0.0000000000 0.0000000000 0.0000000000 0.0000000000 0.0000000000 0.0000000000 0.0000000000 0.0000000000 0.0000000000 0.0000000000 0.0000000000 0.0000000000 0.0000000000 0.0000000000 0.0000000000 0.0000000000 0.0000000000 0.0000000000 0.0000000000 0.0000000000 0.0000000000 0.0000000000 0.0000000000 0.0000000000 0.0000000000 0.0000000000 0.0000000000 0.0000000000 0.0000000000 0.0000000000 0.0000000000 0.0000000000 0.0000000000 0.0000000000 0.0000000000 0.0000000000 0.0000000000 0.0000000000 0.0000000000 0.0000000000 0.0000000000 0.0000000000 0.0000000000 0.0000000000 0.0000000000 0.0000000000 0.0000000000 0.0000000000 0.0000000000 0.0000000000 0.0000000000 0.0000000000 0.0000000000 0.0000000000 0.0000000000 0.0000000000 0.0000000000 0.0000000000 0.0000000000 0.0000000000 0.0000000000 0.0000000000
-2198.3583517564 1590.3941330406 0.0000000000 -655.1290062004 0.0000000000 466.2605780354 0.0000000000 -384.0000000000 0.0000000000 337.2511941570 0.0000000000 -306.6168539893 0.0000000000 284.6294719767 0.0000000000 -267.7973333405 0.0000000000 254.2648708939 0.0000000000 -242.9504272651 0.0000000000 233.1764152503 0.0000000000 -224.4920645365 0.0000000000 216.5807873674 0.0000000000 -209.2081281545 0.0000000000 202.1904892835 0.0000000000 -195.3749506402 0.0000000000 188.6250493598 0.0000000000 -181.8095107165 0.0000000000 174.7918718455 0.0000000000 -167.4192126326 0.0000000000 159.5079354635 0.0000000000 -150.8235847497 0.0000000000 141.0495727349 0.0000000000 -129.7351291061 0.0000000000 116.2026666595 0.0000000000 -99.3705280233 0.0000000000 77.3831460107 0.0000000000 -46.7488058430 0.0000000000 -0.0000000000 0.0000000000 82.2605780354 0.0000000000 -271.1290062004 0.0000000000 1206.3941330406
0.0000000000 0.0000000000 0.0000000000 0.0000000000 0.0000000000 0.0000000000 0.0000000000 0.0000000000 0.0000000000 0.0000000000 0.0000000000 0.0000000000 0.0000000000 0.0000000000 0.0000000000 0.0000000000 0.0000000000 0.0000000000 0.0000000000 0.0000000000 0.0000000000 0.0000000000 0.0000000000 0.0000000000 0.0000000000 0.0000000000 0.0000000000 0.0000000000 0.0000000000 0.0000000000 0.0000000000 0.0000000000 0.0000000000 0.0000000000 0.0000000000 0.0000000000 0.0000000000 0.0000000000 0.0000000000 0.0000000000 0.0000000000 0.0000000000 0.0000000000 0.0000000000 0.0000000000 0.0000000000 0.0000000000 0.0000000000 0.0000000000 0.0000000000 0.0000000000 0.0000000000 0.0000000000 0.0000000000 0.0000000000 0.0000000000 0.0000000000 0.0000000000 0.0000000000 0.0000000000 0.0000000000 0.0000000000 0.0000000000 0.0000000000
2905.8955830763 -2040.4644832157 0.0000000000 804.1861490129 0.0000000000 -554.5307956222 0.0000000000 445.7948153470 0.0000000000 -384.0000000000 0.0000000000 343.5060588223 0.0000000000 -314.4420819584 0.0000000000 292.1925532237 0.0000000000 -274.3046948496 0.0000000000 259.3487202062 0.0000000000 -246.4289620058 0.0000000000 234.9495704129 0.0000000000 -224.4920645365 0.0000000000 214.7465297262 0.0000000000 -205.4702778437 0.0000000000 196.4611717424 0.0000000000 -187.5388282576 0.0000000000 178.5297221563 0.0000000000 -169.2534702738 0.0000000000 159.5079354635 0.0000000000 -149.0504295871 0.0000000000 137.5710379942 0.0000000000 -124.6512797938 0.0000000000 109.6953051504 0.0000000000 -91.8074467763 0.0000000000 69.5579180416 0.0000000000 -40.4939411777 0.0000000000 -0.0000000000 0.0000000000 61.7948153470 0.0000000000 -170.5307956222 0.0000000000 420.1861490129 0.0000000000 -1656.4644832157
0.0000000000 0.0000000000 0.0000000000 0.0000000000 0.0000000000 0.0000000000 0.0000000000 0.0000000000 0.0000000000 0.0000000000 0.0000000000 0.0000000000 0.0000000000 0.0000000000 0.0000000000 0.0000000000 0.0000000000 0.0000000000 0.0000000000 0.0000000000 0.0000000000 0.0000000000 0.0000000000 0.0000000000 0.0000000000 0.0000000000 0.0000000000 0.0000000000 0.0000000000 0.0000000000 0.0000000000 0.0000000000 0.0000000000 0.0000000000 0.0000000000 0.0000000000 0.0000000000 0.0000000000 0.0000000000 0.0000000000 0.0000000000 0.0000000000 0.0000000000 0.0000000000 0.0000000000 0.0000000000 0.0000000000 0.0000000000 0.0000000000 0.0000000000 0.0000000000 0.0000000000 0.0000000000 0.0000000000 0.0000000000 0.0000000000 0.0000000000 0.0000000000 0.0000000000 0.0000000000 0.0000000000 0.0000000000 0.0000000000 0.0000000000
-3682.5718805417 2534.5147715955 0.0000000000 -967.8088456935 0.0000000000 651.4265952169 0.0000000000 -513.6280914798 0.0000000000 435.3170018847 0.0000000000 -384.0000000000 0.0000000000 347.1679181596 0.0000000000 -318.9716232373 0.0000000000 296.3027687075 0.0000000000 -277.3494202153 0.0000000000 260.9765200569 0.0000000000 -246.4289620058 0.0000000000 233.1764152503 0.0000000000 -220.8261323763 0.0000000000 209.0705605182 0.0000000000 -197.6535361106 0.0000000000 186.3464638894 0.0000000000 -174.9294394818 0.0000000000 163.1738676237 0.0000000000 -150.8235847497 0.0000000000 137.5710379942 0.0000000000 -123.0234799431 0.0000000000 106.6505797847 0.0000000000 -87.6972312925 0.0000000000 65.0283767627 0.0000000000 -36.8320818404 0.0000000000 0.0000000000 0.0000000000 51.3170018847 0.0000000000 -129.6280914798 0.0000000000 267.4265952169 0.0000000000 -583.8088456935 0.0000000000 2150.5147715955
0.0000000000 0.0000000000 0.0000000000 0.0000000000 0.0000000000 0.0000000000 0.0000000000 0.0000000000 0.0000000000 0.0000000000 0.0000000000 0.0000000000 0.0000000000 0.0000000000 0.0000000000 0.0000000000 0.0000000000 0.0000000000 0.0000000000 0.0000000000 0.0000000000 0.0000000000 0.0000000000 0.0000000000 0.0000000000 0.0000000000 0.0000000000 0.0000000000 0.0000000000 0.0000000000 0.0000000000 0.0000000000 0.0000000000 0.0000000000 0.0000000000 0.0000000000 0.0000000000 0.0000000000 0.0000000000 0.0000000000 0.0000000000 0.0000000000 0.0000000000 0.0000000000 0.0000000000 0.0000000000 0.0000000000 0.0000000000 0.0000000000 0.0000000000 0.0000000000 0.0000000000 0.0000000000 0.0000000000 0.0000000000 0.0000000000 0.0000000000 0.0000000000 0.0000000000 0.0000000000 0.0000000000 0.0000000000 0.0000000000 0.0000000000
4556.7009562954 -3090.5555872693 0.0000000000 1151.9619569554 0.0000000000 -760.4803104141 0.0000000000 589.9726885336 0.0000000000 -493.0729596425 0.0000000000 429.5748829864 0.0000000000 -384.0000000000 0.0000000000 349.1107736104 0.0000000000 -321.0610316189 0.0000000000 297.6087422948 0.0000000000 -277.3494202153 0.0000000000 259.3487202062 0.0000000000 -242.9504272651 0.0000000000 227.6685678451 0.0000000000 -213.1225855084 0.0000000000 198.9955113539 0.0000000000 -185.0044886461 0.0000000000 170.8774144916 0.0000000000 -156.3314321549 0.0000000000 141.0495727349 0.0000000000 -124.6512797938 0.0000000000 106.6505797847 0.0000000000 -86.3912577052 0.0000000000 62.9389683811 0.0000000000 -34.8892263896 0.0000000000 -0.0000000000 0.0000000000 45.5748829864 0.0000000000 -109.0729596425 0.0000000000 205.9726885336 0.0000000000 -376.4803104141 0.0000000000 767.9619569554 0.0000000000 -2706.5555872693
0.0000000000 0.0000000000 0.0000000000 0.0000000000 0.0000000000 0.0000000000 0.0000000000 0.0000000000 0.0000000000 0.0000000000 0.0000000000 0.0000000000 0.0000000000 0.0000000000 0.0000000000 0.0000000000 0.0000000000 0.0000000000 0.0000000000 0.0000000000 0.0000000000 0.0000000000 0.0000000000 0.0000000000 0.0000000000 0.0000000000 0.0000000000 0.0000000000 0.0000000000 0.0000000000 0.0000000000 0.0000000000 0.0000000000 0.0000000000 0.0000000000 0.0000000000 0.0000000000 0.0000000000 0.0000000000 0.0000000000 0.0000000000 0.0000000000 0.0000000000 0.0000000000 0.0000000000 0.0000000000 0.0000000000 0.0000000000 0.0000000000 0.0000000000 0.0000000000 0.0000000000 0.0000000000 0.0000000000 0.0000000000 0.0000000000 0.0000000000 0.0000000000 0.0000000000 0.0000000000 0.0000000000 0.0000000000 0.0000000000 0.0000000000
-5568.5970064536 3734.2311275459 0.0000000000 -1365.1384901232 0.0000000000 886.7214191061 0.0000000000 -678.3495637028 0.0000000000 559.9315359664 0.0000000000 -482.3325881807 0.0000000000 426.6369962598 0.0000000000 -384.0000000000 0.0000000000 349.7213166315 0.0000000000 -321.0610316189 0.0000000000 296.3027687075 0.0000000000 -274.3046948496 0.0000000000 254.2648708939 0.0000000000 -235.5894042712 0.0000000000 217.8132292549 0.0000000000 -200.5489883926 0.0000000000 183.4510116074 0.0000000000 -166.1867707451 0.0000000000 148.4105957288 0.0000000000 -129.7351291061 0.0000000000 109.6953051504 0.0000000000 -87.6972312925 0.0000000000 62.9389683811 0.0000000000 -34.2786833685 0.0000000000 0.0000000000 0.0000000000 42.6369962598 0.0000000000 -98.3325881807 0.0000000000 175.9315359664 0.0000000000 -294.3495637028 0.0000000000 502.7214191061 0.0000000000 -981.1384901232 0.0000000000 3350.2311275459
0.0000000000 0.0000000000 0.0000000000 0.0000000000 0.0000000000 0.0000000000 0.0000000000 0.0000000000 0.0000000000 0.0000000000 0.0000000000 0.0000000000 0.0000000000 0.0000000000 0.0000000000 0.0000000000 0.0000000000 0.0000000000 0.0000000000 0.0000000000 0.0000000000 0.0000000000 0.0000000000 0.0000000000 0.0000000000 0.0000000000 0.0000000000 0.0000000000 0.0000000000 0.0000000000 0.0000000000 0.0000000000 0.0000000000 0.0000000000 0.0000000000 0.0000000000 0.0000000000 0.0000000000 0.0000000000 0.0000000000 0.0000000000 0.0000000000 0.0000000000 0.0000000000 0.0000000000 0.0000000000 0.0000000000 0.0000000000 0.0000000000 0.0000000000 0.0000000000 0.0000000000 0.0000000000 0.0000000000 0.0000000000 0.0000000000 0.0000000000 0.0000000000 0.0000000000 0.0000000000 0.0000000000 0.0000000000 0.0000000000 0.0000000000
6778.8593709065 -4504.0891393384 0.0000000000 1620.1049316240 0.0000000000 -1037.7101127302 0.0000000000 784.0513360227 0.0000000000 -639.8966852058 0.0000000000 545.4326121620 0.0000000000 -477.6323054108 0.0000000000 425.7287107876 0.0000000000 -384.0000000000 0.0000000000 349.1107736104 0.0000000000 -318.9716232373 0.0000000000 292.1925532237 0.0000000000 -267.7973333405 0.0000000000 245.0629961682 0.0000000000 -223.4233999740 0.0000000000 202.4070001851 0.0000000000 -181.5929998149 0.0000000000 160.5766000260 0.0000000000 -138.9370038318 0.0000000000 116.2026666595 0.0000000000 -91.8074467763 0.0000000000 65.0283767627 0.0000000000 -34.8892263896 0.0000000000 0.0000000000 0.0000000000 41.7287107876 0.0000000000 -93.6323054108 0.0000000000 161.4326121620 0.0000000000 -255.8966852058 0.0000000000 400.0513360227 0.0000000000 -653.7101127302 0.0000000000 1236.1049316240 0.0000000000 -4120.0891393384
0.0000000000 0.0000000000 0.0000000000 0.0000000000 0.0000000000 0.0000000000 0.0000000000 0.0000000000 0.0000000000 0.0000000000 0.0000000000 0.0000000000 0.0000000000 0.0000000000 0.0000000000 0.0000000000 0.0000000000 0.0000000000 0.0000000000 0.0000000000 0.0000000000 0.0000000000 0.0000000000 0.0000000000 0.0000000000 0.0000000000 0.0000000000 0.0000000000 0.0000000000 0.0000000000 0.0000000000 0.0000000000 0.0000000000 0.0000000000 0.0000000000 0.0000000000 0.0000000000 0.0000000000 0.0000000000 0.0000000000 0.0000000000 0.0000000000 0.0000000000 0.0000000000 0.0000000000 0.0000000000 0.0000000000 0.0000000000 0.0000000000 0.0000000000 0.0000000000 0.0000000000 0.0000000000 0.0000000000 0.0000000000 0.0000000000 0.0000000000 0.0000000000 0.0000000000 0.0000000000 0.0000000000 0.0000000000 0.0000000000 0.0000000000
-8284.2250044624 5461.6648086389 0.0000000000 -1937.2408932291 0.0000000000 1225.5150029037 0.0000000000 -915.5268078955 0.0000000000 739.3600669343 0.0000000000 -623.9185755100 0.0000000000 541.0620113350 0.0000000000 -477.6323054108 0.0000000000 426.6369962598 0.0000000000 -384.0000000000 0.0000000000 347.1679181596 0.0000000000 -314.4420819584 0.0000000000 284.6294719767 0.0000000000 -256.8465730909 0.0000000000 230.4015217821 0.0000000000 -204.7180586641 0.0000000000 179.2819413359 0.0000000000 -153.5984782179 0.0000000000 127.1534269091 0.0000000000 -99.3705280233 0.0000000000 69.5579180416 0.0000000000 -36.8320818404 0.0000000000 -0.0000000000 0.0000000000 42.6369962598 0.0000000000 -93.6323054108 0.0000000000 157.0620113350 0.0000000000 -239.9185755100 0.0000000000 355.3600669343 0.0000000000 -531.5268078955 0.0000000000 841.5150029037 0.0000000000 -1553.2408932291 0.0000000000 5077.6648086389
0.0000000000 0.0000000000 0.0000000000 0.0000000000 0.0000000000 0.0000000000 0.0000000000 0.0000000000 0.0000000000 0.0000000000 0.0000000000 0.0000000000 0.0000000000 0.0000000000 0.0000000000 0.0000000000 0.0000000000 0.0000000000 0.0000000000 0.0000000000 0.0000000000 0.0000000000 0.0000000000 0.0000000000 0.0000000000 0.0000000000 0.0000000000 0.0000000000 0.0000000000 0.0000000000 0.0000000000 0.0000000000 0.0000000000 0.0000000000 0.0000000000 0.0000000000 0.0000000000 0.0000000000 0.0000000000 0.0000000000 0.0000000000 0.0000000000 0.0000000000 0.0000000000 0.0000000000 0.0000000000 0.0000000000 0.0000000000 0.0000000000 0.0000000000 0.0000000000 0.0000000000 0.0000000000 0.0000000000 0.0000000000 0.0000000000 0.0000000000 0.0000000000 0.0000000000 0.0000000000 0.0000000000 0.0000000000 0.0000000000 0.0000000000
10250.6447191051 -6712.5208348434 0.0000000000 2351.5072968333 0.0000000000 -1470.8396139559 0.0000000000 1087.2697746005 0.0000000000 -869.2864784029 0.0000000000 726.4427345648 0.0000000000 -623.9185755100 0.0000000000 545.4326121620 0.0000000000 -482.3325881807 0.0000000000 429.5748829864 0.0000000000 -384.0000000000 0.0000000000 343.5060588223 0.0000000000 -306.6168539893 0.0000000000 272.2391511153 0.0000000000 -239.5168596035 0.0000000000 207.7369338486 0.0000000000 -176.2630661514 0.0000000000 144.4831403965 0.0000000000 -111.7608488847 0.0000000000 77.3831460107 0.0000000000 -40.4939411777 0.0000000000 0.0000000000 0.0000000000 45.5748829864 0.0000000000 -98.3325881807 0.0000000000 161.4326121620 0.0000000000 -239.9185755100 0.0000000000 342.4427345648 0.0000000000 -485.2864784029 0.0000000000 703.2697746005 0.0000000000 -1086.8396139559 0.0000000000 1967.5072968333 0.0000000000 -6328.5208348434
0.0000000000 0.0000000000 0.0000000000 0.0000000000 0.0000000000 0.0000000000 0.0000000000 0.0000000000 0.0000000000 0.0000000000 0.0000000000 0.0000000000 0.0000000000 0.0000000000 0.0000000000 0.0000000000 0.0000000000 0.0000000000 0.0000000000 0.0000000000 0.0000000000 0.0000000000 0.0000000000 0.0000000000 0.0000000000 0.0000000000 0.0000000000 0.0000000000 0.0000000000 0.0000000000 0.0000000000 0.0000000000 0.0000000000 0.0000000000 0.0000000000 0.0000000000 0.0000000000 0.0000000000 0.0000000000 0.0000000000 0.0000000000 0.0000000000 0.0000000000 0.0000000000 0.0000000000 0.0000000000 0.0000000000 0.0000000000 0.0000000000 0.0000000000 0.0000000000 0.0000000000 0.0000000000 0.0000000000 0.0000000000 0.0000000000 0.0000000000 0.0000000000 0.0000000000 0.0000000000 0.0000000000 0.0000000000 0.0000000000 0.0000000000
-12990.3965647789 8455.2998971906 0.0000000000 -2928.6918802788 0.0000000000 1812.6428164536 0.0000000000 -1326.5539449675 0.0000000000 1050.3089340730 0.0000000000 -869.2864784029 0.0000000000 739.3600669343 0.0000000000 -639.8966852058 0.0000000000 559.9315359664 0.0000000000 -493.0729596425 0.0000000000 435.3170018847 0.0000000000 -384.0000000000 0.0000000000 337.2511941570 0.0000000000 -293.6851545997 0.0000000000 252.2169782172 0.0000000000 -211.9430393901 0.0000000000 172.0569606099 0.0000000000 -131.7830217828 0.0000000000 90.3148454003 0.0000000000 -46.7488058430 0.0000000000 0.0000000000 0.0000000000 51.3170018847 0.0000000000 -109.0729596425 0.0000000000 175.9315359664 0.0000000000 -255.8966852058 0.0000000000 355.3600669343 0.0000000000 -485.2864784029 0.0000000000 666.3089340730 0.0000000000 -942.5539449675 0.0000000000 1428.6428164536 0.0000000000 -2544.6918802788 0.0000000000 8071.2998971906
0.0000000000 0.0000000000 0.0000000000 0.0000000000 0.0000000000 0.0000000000 0.0000000000 0.0000000000 0.0000000000 0.0000000000 0.0000000000 0.0000000000 0.0000000000 0.0000000000 0.0000000000 0.0000000000 0.0000000000 0.0000000000 0.0000000000 0.0000000000 0.0000000000 0.0000000000 0.0000000000 0.0000000000 0.0000000000 0.0000000000 0.0000000000 0.0000000000 0.0000000000 0.0000000000 0.0000000000 0.0000000000 0.0000000000 0.0000000000 0.0000000000 0.0000000000 0.0000000000 0.0000000000 0.0000000000 0.0000000000 0.0000000000 0.0000000000 0.0000000000 0.0000000000 0.0000000000 0.0000000000 0.0000000000 0.0000000000 0.0000000000 0.0000000000 0.0000000000 0.0000000000 0.0000000000 0.0000000000 0.0000000000 0.0000000000 0.0000000000 0.0000000000 0.0000000000 0.0000000000 0.0000000000 0.0000000000 0.0000000000 0.0000000000
17171.3296741815 -11114.8264143995 0.0000000000 3809.4906792558 0.0000000000 -2334.2434601320 0.0000000000 1691.7078591890 0.0000000000 -1326.5539449675 0.0000000000 1087.2697746005 0.0000000000 -915.5268078955 0.0000000000 784.0513360227 0.0000000000 -678.3495637028 0.0000000000 589.9726885336 0.0000000000 -513.6280914798 0.0000000000 445.7948153470 0.0000000000 -384.0000000000 0.0000000000 326.4123178915 0.0000000000 -271.5976920177 0.0000000000 218.3616666639 0.0000000000 -165.6383333361 0.0000000000 112.4023079823 0.0000000000 -57.5876821085 0.0000000000 -0.0000000000 0.0000000000 61.7948153470 0.0000000000 -129.6280914798 0.0000000000 205.9726885336 0.0000000000 -294.3495637028 0.0000000000 400.0513360227 0.0000000000 -531.5268078955 0.0000000000 703.2697746005 0.0000000000 -942.5539449675 0.0000000000 1307.7078591890 0.0000000000 -1950.2434601320 0.0000000000 3425.4906792558 0.0000000000 -10730.8264143995
0.0000000000 0.0000000000 0.0000000000 0.0000000000 0.0000000000 0.0000000000 0.0000000000 0.0000000000 0.0000000000 0.0000000000 0.0000000000 0.0000000000 0.0000000000 0.0000000000 0.0000000000 0.0000000000 0.0000000000 0.0000000000 0.0000000000 0.0000000000 0.0000000000 0.0000000000 0.0000000000 0.0000000000 0.0000000000 0.0000000000 0.0000000000 0.0000000000 0.0000000000 0.0000000000 0.0000000000 0.0000000000 0.0000000000 0.0000000000 0.0000000000 0.0000000000 0.0000000000 0.0000000000 0.0000000000 0.0000000000 0.0000000000 0.0000000000 0.0000000000 0.0000000000 0.0000000000 0.0000000000 0.0000000000 0.0000000000 0.0000000000 0.0000000000 0.0000000000 0.0000000000 0.0000000000 0.0000000000 0.0000000000 0.0000000000 0.0000000000 0.0000000000 0.0000000000 0.0000000000 0.0000000000 0.0000000000 0.0000000000 0.0000000000
-24528.2229274834 15794.6077405893 0.0000000000 -5359.3702329699 0.0000000000 3252.0673420223 0.0000000000 -2334.2434601320 0.0000000000 1812.6428164536 0.0000000000 -1470.8396139559 0.0000000000 1225.5150029037 0.0000000000 -1037.7101127302 0.0000000000 886.7214191061 0.0000000000 -760.4803104141 0.0000000000 651.4265952169 0.0000000000 -554.5307956222 0.0000000000 466.2605780354 0.0000000000 -384.0000000000 0.0000000000 305.7005678284 0.0000000000 -229.6560725897 0.0000000000 154.3439274103 0.0000000000 -78.2994321716 0.0000000000 -0.0000000000 0.0000000000 82.2605780354 0.0000000000 -170.5307956222 0.0000000000 267.4265952169 0.0000000000 -376.4803104141 0.0000000000 502.7214191061 0.0000000000 -653.7101127302 0.0000000000 841.5150029037 0.0000000000 -1086.8396139559 0.0000000000 1428.6428164536 0.0000000000 -1950.2434601320 0.0000000000 2868.0673420223 0.0000000000 -4975.3702329699 0.0000000000 15410.6077405893
0.0000000000 0.0000000000 0.0000000000 0.0000000000 0.0000000000 0.0000000000 0.0000000000 0.0000000000 0.0000000000 0.0000000000 0.0000000000 0.0000000000 0.0000000000 0.0000000000 0.0000000000 0.0000000000 0.0000000000 0.0000000000 0.0000000000 0.0000000000 0.0000000000 0.0000000000 0.0000000000 0.0000000000 0.0000000000 0.0000000000 0.0000000000 0.0000000000 0.0000000000 0.0000000000 0.0000000000 0.0000000000 0.0000000000 0.0000000000 0.0000000000 0.0000000000 0.0000000000 0.0000000000 0.0000000000 0.0000000000 0.0000000000 0.0000000000 0.0000000000 0.0000000000 0.0000000000 0.0000000000 0.0000000000 0.0000000000 0.0000000000 0.0000000000 0.0000000000 0.0000000000 0.0000000000 0.0000000000 0.0000000000 0.0000000000 0.0000000000 0.0000000000 0.0000000000 0.0000000000 0.0000000000 0.0000000000 0.0000000000 0.0000000000
41419.4835788697 -26539.2799072928 0.0000000000 8917.8586626193 0.0000000000 -5359.3702329699 0.0000000000 3809.4906792558 0.0000000000 -2928.6918802788 0.0000000000 2351.5072968333 0.0000000000 -1937.2408932291 0.0000000000 1620.1049316240 0.0000000000 -1365.1384901232 0.0000000000 1151.9619569554 0.0000000000 -967.8088456935 0.0000000000 804.1861490129 0.0000000000 -655.1290062004 0.0000000000 516.2200166989 0.0000000000 -384.0000000000 0.0000000000 255.5877733534 0.0000000000 -128.4122266466 0.0000000000 -0.0000000000 0.0000000000 132.2200166989 0.0000000000 -271.1290062004 0.0000000000 420.1861490129 0.0000000000 -583.8088456935 0.0000000000 767.9619569554 0.0000000000 -981.1384901232 0.0000000000 1236.1049316240 0.0000000000 -1553.2408932291 0.0000000000 1967.5072968333 0.0000000000 -2544.6918802788 0.0000000000 3425.4906792558 0.0000000000 -4975.3702329699 0.0000000000 8533.8586626193 0.0000000000 -26155.2799072928
0.0000000000 0.0000000000 0.0000000000 0.0000000000 0.0000000000 0.0000000000 0.0000000000 0.0000000000 0.0000000000 0.0000000000 0.0000000000 0.0000000000 0.0000000000 0.0000000000 0.0000000000 0.0000000000 0.0000000000 0.0000000000 0.0000000000 0.0000000000 0.0000000000 0.0000000000 0.0000000000 0.0000000000 0.0000000000 0.0000000000 0.0000000000 0.0000000000 0.0000000000 0.0000000000 0.0000000000 0.0000000000 0.0000000000 0.0000000000 0.0000000000 0.0000000000 0.0000000000 0.0000000000 0.0000000000 0.0000000000 0.0000000000 0.0000000000 0.0000000000 0.0000000000 0.0000000000 0.0000000000 0.0000000000 0.0000000000 0.0000000000 0.0000000000 0.0000000000 0.0000000000 0.0000000000 0.0000000000 0.0000000000 0.0000000000 0.0000000000 0.0000000000 0.0000000000 0.0000000000 0.0000000000 0.0000000000 0.0000000000 0.0000000000
-125063.9930879213 79746.2519485251 0.0000000000 -26539.2799072928 0.0000000000 15794.6077405893 0.0000000000 -11114.8264143995 0.0000000000 8455.2998971906 0.0000000000 -6712.5208348434 0.0000000000 5461.6648086389 0.0000000000 -4504.0891393384 0.0000000000 3734.2311275459 0.0000000000 -3090.5555872693 0.0000000000 2534.5147715955 0.0000000000 -2040.4644832157 0.0000000000 1590.3941330406 0.0000000000 -1170.9656080619 0.0000000000 771.7340912558 0.0000000000 -384.0000000000 0.0000000000 -0.0000000000 0.0000000000 387.7340912558 0.0000000000 -786.9656080619 0.0000000000 1206.3941330406 0.0000000000 -1656.4644832157 0.0000000000 2150.5147715955 0.0000000000 -2706.5555872693 0.0000000000 3350.2311275459 0.0000000000 -4120.0891393384 0.0000000000 5077.6648086389 0.0000000000 -6328.5208348434 0.0000000000 8071.2998971906 0.0000000000 -10730.8264143995 0.0000000000 15410.6077405893 0.0000000000 -26155.2799072928 0.0000000000 79362.2519485251
