196608.0000000000 125214.8198221585 0.0000000000 41872.6922461436 0.0000000000 25286.0130503075 0.0000000000 18237.4148052685 0.0000000000 14370.0779020233 0.0000000000 11950.9185068478 0.0000000000 10313.9284428660 0.0000000000 9148.8616980762 0.0000000000 8292.0448997991 0.0000000000 7649.3306638623 0.0000000000 7163.1048893170 0.0000000000 6796.5406744713 0.0000000000 6525.4513593113 0.0000000000 6333.8165443292 0.0000000000 6211.2271552210 0.0000000000 6151.4096423141 0.0000000000 6151.4096423141 0.0000000000 6211.2271552210 0.0000000000 6333.8165443292 0.0000000000 6525.4513593113 0.0000000000 6796.5406744713 0.0000000000 7163.1048893170 0.0000000000 7649.3306638623 0.0000000000 8292.0448997991 0.0000000000 9148.8616980762 0.0000000000 10313.9284428660 0.0000000000 11950.9185068478 0.0000000000 14370.0779020233 0.0000000000 18237.4148052685 0.0000000000 25286.0130503075 0.0000000000 41872.6922461436 0.0000000000 125214.8198221585
125214.8198221585 79746.2519485251 0.0000000000 26667.6921339395 0.0000000000 16104.0423996735 0.0000000000 11614.9628136376 0.0000000000 9151.9506598522 0.0000000000 7611.2472917900 0.0000000000 6568.6884136561 0.0000000000 5826.6859390384 0.0000000000 5281.0003056111 0.0000000000 4871.6713502789 0.0000000000 4562.0060632479 0.0000000000 4328.5502928054 0.0000000000 4155.9001475750 0.0000000000 4033.8526274861 0.0000000000 3955.7784480565 0.0000000000 3917.6821391533 0.0000000000 3917.6821391533 0.0000000000 3955.7784480565 0.0000000000 4033.8526274861 0.0000000000 4155.9001475750 0.0000000000 4328.5502928054 0.0000000000 4562.0060632479 0.0000000000 4871.6713502788 0.0000000000 5281.0003056111 0.0000000000 5826.6859390384 0.0000000000 6568.6884136561 0.0000000000 7611.2472917900 0.0000000000 9151.9506598522 0.0000000000 11614.9628136376 0.0000000000 16104.0423996735 0.0000000000 26667.6921339395 0.0000000000 79746.2519485251
0.0000000000 0.0000000000 0.0000000000 0.0000000000 0.0000000000 0.0000000000 0.0000000000 0.0000000000 0.0000000000 0.0000000000 0.0000000000 0.0000000000 0.0000000000 0.0000000000 0.0000000000 0.0000000000 0.0000000000 0.0000000000 0.0000000000 0.0000000000 0.0000000000 0.0000000000 0.0000000000 0.0000000000 0.0000000000 0.0000000000 0.0000000000 0.0000000000 0.0000000000 0.0000000000 0.0000000000 0.0000000000 0.0000000000 0.0000000000 0.0000000000 0.0000000000 0.0000000000 0.0000000000 0.0000000000 0.0000000000 0.0000000000 0.0000000000 0.0000000000 0.0000000000 0.0000000000 0.0000000000 0.0000000000 0.0000000000 0.0000000000 0.0000000000 0.0000000000 0.0000000000 0.0000000000 0.0000000000 0.0000000000 0.0000000000 0.0000000000 0.0000000000 0.0000000000 0.0000000000 0.0000000000 0.0000000000 0.0000000000 0.0000000000
41872.6922461436 26667.6921339395 0.0000000000 8917.8586626193 0.0000000000 5385.3019337336 0.0000000000 3884.1230138462 0.0000000000 3060.4749020616 0.0000000000 2545.2531570230 0.0000000000 2196.6143368371 0.0000000000 1948.4836338607 0.0000000000 1766.0026254298 0.0000000000 1629.1202228642 0.0000000000 1525.5660327007 0.0000000000 1447.4968261746 0.0000000000 1389.7614366436 0.0000000000 1348.9479110933 0.0000000000 1322.8393714470 0.0000000000 1310.0997051624 0.0000000000 1310.0997051624 0.0000000000 1322.8393714470 0.0000000000 1348.9479110933 0.0000000000 1389.7614366436 0.0000000000 1447.4968261746 0.0000000000 1525.5660327007 0.0000000000 1629.1202228642 0.0000000000 1766.0026254298 0.0000000000 1948.4836338607 0.0000000000 2196.6143368371 0.0000000000 2545.2531570230 0.0000000000 3060.4749020616 0.0000000000 3884.1230138462 0.0000000000 5385.3019337336 0.0000000000 8917.8586626193 0.0000000000 26667.6921339395
0.0000000000 0.0000000000 0.0000000000 0.0000000000 0.0000000000 0.0000000000 0.0000000000 0.0000000000 0.0000000000 0.0000000000 0.0000000000 0.0000000000 0.0000000000 0.0000000000 0.0000000000 0.0000000000 0.0000000000 0.0000000000 0.0000000000 0.0000000000 0.0000000000 0.0000000000 0.0000000000 0.0000000000 0.0000000000 0.0000000000 0.0000000000 0.0000000000 0.0000000000 0.0000000000 0.0000000000 0.0000000000 0.0000000000 0.0000000000 0.0000000000 0.0000000000 0.0000000000 0.0000000000 0.0000000000 0.0000000000 0.0000000000 0.0000000000 0.0000000000 0.0000000000 0.0000000000 0.0000000000 0.0000000000 0.0000000000 0.0000000000 0.0000000000 0.0000000000 0.0000000000 0.0000000000 0.0000000000 0.0000000000 0.0000000000 0.0000000000 0.0000000000 0.0000000000 0.0000000000 0.0000000000 0.0000000000 0.0000000000 0.0000000000
25286.0130503075 16104.0423996735 0.0000000000 5385.3019337336 0.0000000000 3252.0673420223 0.0000000000 2345.5378660578 0.0000000000 1848.1545886459 0.0000000000 1537.0233221808 0.0000000000 1326.4878804843 0.0000000000 1176.6471165620 0.0000000000 1066.4507830305 0.0000000000 983.7904611844 0.0000000000 921.2563258463 0.0000000000 874.1120208314 0.0000000000 839.2468680353 0.0000000000 814.6004628406 0.0000000000 798.8340805325 0.0000000000 791.1408716499 0.0000000000 791.1408716499 0.0000000000 798.8340805325 0.0000000000 814.6004628406 0.0000000000 839.2468680353 0.0000000000 874.1120208314 0.0000000000 921.2563258463 0.0000000000 983.7904611844 0.0000000000 1066.4507830305 0.0000000000 1176.6471165620 0.0000000000 1326.4878804843 0.0000000000 1537.0233221808 0.0000000000 1848.1545886459 0.0000000000 2345.5378660578 0.0000000000 3252.0673420223 0.0000000000 5385.3019337336 0.0000000000 16104.0423996735
0.0000000000 0.0000000000 0.0000000000 0.0000000000 0.0000000000 0.0000000000 0.0000000000 0.0000000000 0.0000000000 0.0000000000 0.0000000000 0.0000000000 0.0000000000 0.0000000000 0.0000000000 0.0000000000 0.0000000000 0.0000000000 0.0000000000 0.0000000000 0.0000000000 0.0000000000 0.0000000000 0.0000000000 0.0000000000 0.0000000000 0.0000000000 0.0000000000 0.0000000000 0.0000000000 0.0000000000 0.0000000000 0.0000000000 0.0000000000 0.0000000000 0.0000000000 0.0000000000 0.0000000000 0.0000000000 0.0000000000 0.0000000000 0.0000000000 0.0000000000 0.0000000000 0.0000000000 0.0000000000 0.0000000000 0.0000000000 0.0000000000 0.0000000000 0.0000000000 0.0000000000 0.0000000000 0.0000000000 0.0000000000 0.0000000000 0.0000000000 0.0000000000 0.0000000000 0.0000000000 0.0000000000 0.0000000000 0.0000000000 0.0000000000
18237.4148052685 11614.9628136376 0.0000000000 3884.1230138462 0.0000000000 2345.5378660578 0.0000000000 1691.7078591890 0.0000000000 1332.9725722413 0.0000000000 1108.5706487698 0.0000000000 956.7229781311 0.0000000000 848.6510507398 0.0000000000 769.1724773231 0.0000000000 709.5541193620 0.0000000000 664.4516762295 0.0000000000 630.4490738994 0.0000000000 605.3027508106 0.0000000000 587.5266500824 0.0000000000 576.1552229793 0.0000000000 570.6065332235 0.0000000000 570.6065332235 0.0000000000 576.1552229793 0.0000000000 587.5266500824 0.0000000000 605.3027508106 0.0000000000 630.4490738994 0.0000000000 664.4516762295 0.0000000000 709.5541193620 0.0000000000 769.1724773231 0.0000000000 848.6510507398 0.0000000000 956.7229781311 0.0000000000 1108.5706487698 0.0000000000 1332.9725722413 0.0000000000 1691.7078591890 0.0000000000 2345.5378660578 0.0000000000 3884.1230138462 0.0000000000 11614.9628136376
0.0000000000 0.0000000000 0.0000000000 0.0000000000 0.0000000000 0.0000000000 0.0000000000 0.0000000000 0.0000000000 0.0000000000 0.0000000000 0.0000000000 0.0000000000 0.0000000000 0.0000000000 0.0000000000 0.0000000000 0.0000000000 0.0000000000 0.0000000000 0.0000000000 0.0000000000 0.0000000000 0.0000000000 0.0000000000 0.0000000000 0.0000000000 0.0000000000 0.0000000000 0.0000000000 0.0000000000 0.0000000000 0.0000000000 0.0000000000 0.0000000000 0.0000000000 0.0000000000 0.0000000000 0.0000000000 0.0000000000 0.0000000000 0.0000000000 0.0000000000 0.0000000000 0.0000000000 0.0000000000 0.0000000000 0.0000000000 0.0000000000 0.0000000000 0.0000000000 0.0000000000 0.0000000000 0.0000000000 0.0000000000 0.0000000000 0.0000000000 0.0000000000 0.0000000000 0.0000000000 0.0000000000 0.0000000000 0.0000000000 0.0000000000
14370.0779020233 9151.9506598522 0.0000000000 3060.4749020616 0.0000000000 1848.1545886459 0.0000000000 1332.9725722413 0.0000000000 1050.3089340730 0.0000000000 873.4925839444 0.0000000000 753.8449869785 0.0000000000 668.6902634491 0.0000000000 606.0655272277 0.0000000000 559.0895463971 0.0000000000 523.5513065585 0.0000000000 496.7591296205 0.0000000000 476.9452127033 0.0000000000 462.9386248735 0.0000000000 453.9785669336 0.0000000000 449.6065051641 0.0000000000 449.6065051641 0.0000000000 453.9785669336 0.0000000000 462.9386248735 0.0000000000 476.9452127033 0.0000000000 496.7591296205 0.0000000000 523.5513065585 0.0000000000 559.0895463971 0.0000000000 606.0655272277 0.0000000000 668.6902634491 0.0000000000 753.8449869785 0.0000000000 873.4925839444 0.0000000000 1050.3089340730 0.0000000000 1332.9725722413 0.0000000000 1848.1545886459 0.0000000000 3060.4749020616 0.0000000000 9151.9506598522
0.0000000000 0.0000000000 0.0000000000 0.0000000000 0.0000000000 0.0000000000 0.0000000000 0.0000000000 0.0000000000 0.0000000000 0.0000000000 0.0000000000 0.0000000000 0.0000000000 0.0000000000 0.0000000000 0.0000000000 0.0000000000 0.0000000000 0.0000000000 0.0000000000 0.0000000000 0.0000000000 0.0000000000 0.0000000000 0.0000000000 0.0000000000 0.0000000000 0.0000000000 0.0000000000 0.0000000000 0.0000000000 0.0000000000 0.0000000000 0.0000000000 0.0000000000 0.0000000000 0.0000000000 0.0000000000 0.0000000000 0.0000000000 0.0000000000 0.0000000000 0.0000000000 0.0000000000 0.0000000000 0.0000000000 0.0000000000 0.0000000000 0.0000000000 0.0000000000 0.0000000000 0.0000000000 0.0000000000 0.0000000000 0.0000000000 0.0000000000 0.0000000000 0.0000000000 0.0000000000 0.0000000000 0.0000000000 0.0000000000 0.0000000000
11950.9185068478 7611.2472917900 0.0000000000 2545.2531570230 0.0000000000 1537.0233221808 0.0000000000 1108.5706487698 0.0000000000 873.4925839444 0.0000000000 726.4427345648 0.0000000000 626.9374506945 0.0000000000 556.1182687588 0.0000000000 504.0362185294 0.0000000000 464.9685027860 0.0000000000 435.4130187390 0.0000000000 413.1312242080 0.0000000000 396.6529206112 0.0000000000 385.0042997162 0.0000000000 377.5526405821 0.0000000000 373.9166022620 0.0000000000 373.9166022620 0.0000000000 377.5526405821 0.0000000000 385.0042997162 0.0000000000 396.6529206112 0.0000000000 413.1312242080 0.0000000000 435.4130187390 0.0000000000 464.9685027860 0.0000000000 504.0362185294 0.0000000000 556.1182687588 0.0000000000 626.9374506945 0.0000000000 726.4427345648 0.0000000000 873.4925839444 0.0000000000 1108.5706487698 0.0000000000 1537.0233221808 0.0000000000 2545.2531570230 0.0000000000 7611.2472917900
0.0000000000 0.0000000000 0.0000000000 0.0000000000 0.0000000000 0.0000000000 0.0000000000 0.0000000000 0.0000000000 0.0000000000 0.0000000000 0.0000000000 0.0000000000 0.0000000000 0.0000000000 0.0000000000 0.0000000000 0.0000000000 0.0000000000 0.0000000000 0.0000000000 0.0000000000 0.0000000000 0.0000000000 0.0000000000 0.0000000000 0.0000000000 0.0000000000 0.0000000000 0.0000000000 0.0000000000 0.0000000000 0.0000000000 0.0000000000 0.0000000000 0.0000000000 0.0000000000 0.0000000000 0.0000000000 0.0000000000 0.0000000000 0.0000000000 0.0000000000 0.0000000000 0.0000000000 0.0000000000 0.0000000000 0.0000000000 0.0000000000 0.0000000000 0.0000000000 0.0000000000 0.0000000000 0.0000000000 0.0000000000 0.0000000000 0.0000000000 0.0000000000 0.0000000000 0.0000000000 0.0000000000 0.0000000000 0.0000000000 0.0000000000
10313.9284428660 6568.6884136561 0.0000000000 2196.6143368371 0.0000000000 1326.4878804843 0.0000000000 956.7229781311 0.0000000000 753.8449869785 0.0000000000 626.9374506945 0.0000000000 541.0620113350 0.0000000000 479.9433638897 0.0000000000 434.9953091510 0.0000000000 401.2789362737 0.0000000000 375.7718468077 0.0000000000 356.5421253231 0.0000000000 342.3209552884 0.0000000000 332.2679169131 0.0000000000 325.8369568956 0.0000000000 322.6989688801 0.0000000000 322.6989688801 0.0000000000 325.8369568956 0.0000000000 332.2679169131 0.0000000000 342.3209552884 0.0000000000 356.5421253231 0.0000000000 375.7718468077 0.0000000000 401.2789362737 0.0000000000 434.9953091510 0.0000000000 479.9433638897 0.0000000000 541.0620113350 0.0000000000 626.9374506945 0.0000000000 753.8449869785 0.0000000000 956.7229781311 0.0000000000 1326.4878804843 0.0000000000 2196.6143368371 0.0000000000 6568.6884136561
0.0000000000 0.0000000000 0.0000000000 0.0000000000 0.0000000000 0.0000000000 0.0000000000 0.0000000000 0.0000000000 0.0000000000 0.0000000000 0.0000000000 0.0000000000 0.0000000000 0.0000000000 0.0000000000 0.0000000000 0.0000000000 0.0000000000 0.0000000000 0.0000000000 0.0000000000 0.0000000000 0.0000000000 0.0000000000 0.0000000000 0.0000000000 0.0000000000 0.0000000000 0.0000000000 0.0000000000 0.0000000000 0.0000000000 0.0000000000 0.0000000000 0.0000000000 0.0000000000 0.0000000000 0.0000000000 0.0000000000 0.0000000000 0.0000000000 0.0000000000 0.0000000000 0.0000000000 0.0000000000 0.0000000000 0.0000000000 0.0000000000 0.0000000000 0.0000000000 0.0000000000 0.0000000000 0.0000000000 0.0000000000 0.0000000000 0.0000000000 0.0000000000 0.0000000000 0.0000000000 0.0000000000 0.0000000000 0.0000000000 0.0000000000
9148.8616980762 5826.6859390384 0.0000000000 1948.4836338607 0.0000000000 1176.6471165620 0.0000000000 848.6510507398 0.0000000000 668.6902634491 0.0000000000 556.1182687588 0.0000000000 479.9433638897 0.0000000000 425.7287107876 0.0000000000 385.8580117925 0.0000000000 355.9502580085 0.0000000000 333.3244626931 0.0000000000 316.2669405929 0.0000000000 303.6522013543 0.0000000000 294.7347594455 0.0000000000 289.0302440310 0.0000000000 286.2467247810 0.0000000000 286.2467247810 0.0000000000 289.0302440310 0.0000000000 294.7347594455 0.0000000000 303.6522013543 0.0000000000 316.2669405929 0.0000000000 333.3244626931 0.0000000000 355.9502580085 0.0000000000 385.8580117925 0.0000000000 425.7287107876 0.0000000000 479.9433638897 0.0000000000 556.1182687588 0.0000000000 668.6902634491 0.0000000000 848.6510507398 0.0000000000 1176.6471165620 0.0000000000 1948.4836338607 0.0000000000 5826.6859390384
0.0000000000 0.0000000000 0.0000000000 0.0000000000 0.0000000000 0.0000000000 0.0000000000 0.0000000000 0.0000000000 0.0000000000 0.0000000000 0.0000000000 0.0000000000 0.0000000000 0.0000000000 0.0000000000 0.0000000000 0.0000000000 0.0000000000 0.0000000000 0.0000000000 0.0000000000 0.0000000000 0.0000000000 0.0000000000 0.0000000000 0.0000000000 0.0000000000 0.0000000000 0.0000000000 0.0000000000 0.0000000000 0.0000000000 0.0000000000 0.0000000000 0.0000000000 0.0000000000 0.0000000000 0.0000000000 0.0000000000 0.0000000000 0.0000000000 0.0000000000 0.0000000000 0.0000000000 0.0000000000 0.0000000000 0.0000000000 0.0000000000 0.0000000000 0.0000000000 0.0000000000 0.0000000000 0.0000000000 0.0000000000 0.0000000000 0.0000000000 0.0000000000 0.0000000000 0.0000000000 0.0000000000 0.0000000000 0.0000000000 0.0000000000
8292.0448997991 5281.0003056111 0.0000000000 1766.0026254298 0.0000000000 1066.4507830305 0.0000000000 769.1724773231 0.0000000000 606.0655272277 0.0000000000 504.0362185294 0.0000000000 434.9953091510 0.0000000000 385.8580117925 0.0000000000 349.7213166315 0.0000000000 322.6145086576 0.0000000000 302.1076831268 0.0000000000 286.6476462607 0.0000000000 275.2143130639 0.0000000000 267.1320148349 0.0000000000 261.9617434384 0.0000000000 259.4389086463 0.0000000000 259.4389086463 0.0000000000 261.9617434384 0.0000000000 267.1320148349 0.0000000000 275.2143130639 0.0000000000 286.6476462607 0.0000000000 302.1076831268 0.0000000000 322.6145086576 0.0000000000 349.7213166315 0.0000000000 385.8580117925 0.0000000000 434.9953091510 0.0000000000 504.0362185294 0.0000000000 606.0655272277 0.0000000000 769.1724773231 0.0000000000 1066.4507830305 0.0000000000 1766.0026254298 0.0000000000 5281.0003056111
0.0000000000 0.0000000000 0.0000000000 0.0000000000 0.0000000000 0.0000000000 0.0000000000 0.0000000000 0.0000000000 0.0000000000 0.0000000000 0.0000000000 0.0000000000 0.0000000000 0.0000000000 0.0000000000 0.0000000000 0.0000000000 0.0000000000 0.0000000000 0.0000000000 0.0000000000 0.0000000000 0.0000000000 0.0000000000 0.0000000000 0.0000000000 0.0000000000 0.0000000000 0.0000000000 0.0000000000 0.0000000000 0.0000000000 0.0000000000 0.0000000000 0.0000000000 0.0000000000 0.0000000000 0.0000000000 0.0000000000 0.0000000000 0.0000000000 0.0000000000 0.0000000000 0.0000000000 0.0000000000 0.0000000000 0.0000000000 0.0000000000 0.0000000000 0.0000000000 0.0000000000 0.0000000000 0.0000000000 0.0000000000 0.0000000000 0.0000000000 0.0000000000 0.0000000000 0.0000000000 0.0000000000 0.0000000000 0.0000000000 0.0000000000
7649.3306638623 4871.6713502788 0.0000000000 1629.1202228642 0.0000000000 983.7904611844 0.0000000000 709.5541193620 0.0000000000 559.0895463971 0.0000000000 464.9685027860 0.0000000000 401.2789362737 0.0000000000 355.9502580085 0.0000000000 322.6145086576 0.0000000000 297.6087422948 0.0000000000 278.6913954585 0.0000000000 264.4296620149 0.0000000000 253.8825234900 0.0000000000 246.4266820873 0.0000000000 241.6571570773 0.0000000000 239.3298665514 0.0000000000 239.3298665514 0.0000000000 241.6571570773 0.0000000000 246.4266820873 0.0000000000 253.8825234900 0.0000000000 264.4296620149 0.0000000000 278.6913954585 0.0000000000 297.6087422948 0.0000000000 322.6145086576 0.0000000000 355.9502580085 0.0000000000 401.2789362737 0.0000000000 464.9685027860 0.0000000000 559.0895463971 0.0000000000 709.5541193620 0.0000000000 983.7904611844 0.0000000000 1629.1202228642 0.0000000000 4871.6713502788
0.0000000000 0.0000000000 0.0000000000 0.0000000000 0.0000000000 0.0000000000 0.0000000000 0.0000000000 0.0000000000 0.0000000000 0.0000000000 0.0000000000 0.0000000000 0.0000000000 0.0000000000 0.0000000000 0.0000000000 0.0000000000 0.0000000000 0.0000000000 0.0000000000 0.0000000000 0.0000000000 0.0000000000 0.0000000000 0.0000000000 0.0000000000 0.0000000000 0.0000000000 0.0000000000 0.0000000000 0.0000000000 0.0000000000 0.0000000000 0.0000000000 0.0000000000 0.0000000000 0.0000000000 0.0000000000 0.0000000000 0.0000000000 0.0000000000 0.0000000000 0.0000000000 0.0000000000 0.0000000000 0.0000000000 0.0000000000 0.0000000000 0.0000000000 0.0000000000 0.0000000000 0.0000000000 0.0000000000 0.0000000000 0.0000000000 0.0000000000 0.0000000000 0.0000000000 0.0000000000 0.0000000000 0.0000000000 0.0000000000 0.0000000000
7163.1048893170 4562.0060632479 0.0000000000 1525.5660327007 0.0000000000 921.2563258463 0.0000000000 664.4516762295 0.0000000000 523.5513065585 0.0000000000 435.4130187390 0.0000000000 375.7718468077 0.0000000000 333.3244626931 0.0000000000 302.1076831268 0.0000000000 278.6913954585 0.0000000000 260.9765200569 0.0000000000 247.6213263740 0.0000000000 237.7446112919 0.0000000000 230.7626966183 0.0000000000 226.2963440156 0.0000000000 224.1169865166 0.0000000000 224.1169865166 0.0000000000 226.2963440156 0.0000000000 230.7626966183 0.0000000000 237.7446112919 0.0000000000 247.6213263740 0.0000000000 260.9765200569 0.0000000000 278.6913954585 0.0000000000 302.1076831268 0.0000000000 333.3244626931 0.0000000000 375.7718468077 0.0000000000 435.4130187390 0.0000000000 523.5513065585 0.0000000000 664.4516762295 0.0000000000 921.2563258463 0.0000000000 1525.5660327007 0.0000000000 4562.0060632479
0.0000000000 0.0000000000 0.0000000000 0.0000000000 0.0000000000 0.0000000000 0.0000000000 0.0000000000 0.0000000000 0.0000000000 0.0000000000 0.0000000000 0.0000000000 0.0000000000 0.0000000000 0.0000000000 0.0000000000 0.0000000000 0.0000000000 0.0000000000 0.0000000000 0.0000000000 0.0000000000 0.0000000000 0.0000000000 0.0000000000 0.0000000000 0.0000000000 0.0000000000 0.0000000000 0.0000000000 0.0000000000 0.0000000000 0.0000000000 0.0000000000 0.0000000000 0.0000000000 0.0000000000 0.0000000000 0.0000000000 0.0000000000 0.0000000000 0.0000000000 0.0000000000 0.0000000000 0.0000000000 0.0000000000 0.0000000000 0.0000000000 0.0000000000 0.0000000000 0.0000000000 0.0000000000 0.0000000000 0.0000000000 0.0000000000 0.0000000000 0.0000000000 0.0000000000 0.0000000000 0.0000000000 0.0000000000 0.0000000000 0.0000000000
6796.5406744713 4328.5502928054 0.0000000000 1447.4968261746 0.0000000000 874.1120208314 0.0000000000 630.4490738994 0.0000000000 496.7591296205 0.0000000000 413.1312242080 0.0000000000 356.5421253231 0.0000000000 316.2669405929 0.0000000000 286.6476462607 0.0000000000 264.4296620149 0.0000000000 247.6213263740 0.0000000000 234.9495704129 0.0000000000 225.5782856386 0.0000000000 218.9536629647 0.0000000000 214.7158711692 0.0000000000 212.6480399542 0.0000000000 212.6480399542 0.0000000000 214.7158711692 0.0000000000 218.9536629647 0.0000000000 225.5782856386 0.0000000000 234.9495704129 0.0000000000 247.6213263740 0.0000000000 264.4296620149 0.0000000000 286.6476462607 0.0000000000 316.2669405929 0.0000000000 356.5421253231 0.0000000000 413.1312242080 0.0000000000 496.7591296205 0.0000000000 630.4490738994 0.0000000000 874.1120208314 0.0000000000 1447.4968261746 0.0000000000 4328.5502928054
0.0000000000 0.0000000000 0.0000000000 0.0000000000 0.0000000000 0.0000000000 0.0000000000 0.0000000000 0.0000000000 0.0000000000 0.0000000000 0.0000000000 0.0000000000 0.0000000000 0.0000000000 0.0000000000 0.0000000000 0.0000000000 0.0000000000 0.0000000000 0.0000000000 0.0000000000 0.0000000000 0.0000000000 0.0000000000 0.0000000000 0.0000000000 0.0000000000 0.0000000000 0.0000000000 0.0000000000 0.0000000000 0.0000000000 0.0000000000 0.0000000000 0.0000000000 0.0000000000 0.0000000000 0.0000000000 0.0000000000 0.0000000000 0.0000000000 0.0000000000 0.0000000000 0.0000000000 0.0000000000 0.0000000000 0.0000000000 0.0000000000 0.0000000000 0.0000000000 0.0000000000 0.0000000000 0.0000000000 0.0000000000 0.0000000000 0.0000000000 0.0000000000 0.0000000000 0.0000000000 0.0000000000 0.0000000000 0.0000000000 0.0000000000
6525.4513593113 4155.9001475750 0.0000000000 1389.7614366436 0.0000000000 839.2468680353 0.0000000000 605.3027508106 0.0000000000 476.9452127033 0.0000000000 396.6529206112 0.0000000000 342.3209552884 0.0000000000 303.6522013543 0.0000000000 275.2143130639 0.0000000000 253.8825234900 0.0000000000 237.7446112919 0.0000000000 225.5782856386 0.0000000000 216.5807873674 0.0000000000 210.2203968242 0.0000000000 206.1516351472 0.0000000000 204.1662822068 0.0000000000 204.1662822068 0.0000000000 206.1516351472 0.0000000000 210.2203968242 0.0000000000 216.5807873674 0.0000000000 225.5782856386 0.0000000000 237.7446112919 0.0000000000 253.8825234900 0.0000000000 275.2143130639 0.0000000000 303.6522013543 0.0000000000 342.3209552884 0.0000000000 396.6529206112 0.0000000000 476.9452127033 0.0000000000 605.3027508106 0.0000000000 839.2468680353 0.0000000000 1389.7614366436 0.0000000000 4155.9001475750
0.0000000000 0.0000000000 0.0000000000 0.0000000000 0.0000000000 0.0000000000 0.0000000000 0.0000000000 0.0000000000 0.0000000000 0.0000000000 0.0000000000 0.0000000000 0.0000000000 0.0000000000 0.0000000000 0.0000000000 0.0000000000 0.0000000000 0.0000000000 0.0000000000 0.0000000000 0.0000000000 0.0000000000 0.0000000000 0.0000000000 0.0000000000 0.0000000000 0.0000000000 0.0000000000 0.0000000000 0.0000000000 0.0000000000 0.0000000000 0.0000000000 0.0000000000 0.0000000000 0.0000000000 0.0000000000 0.0000000000 0.0000000000 0.0000000000 0.0000000000 0.0000000000 0.0000000000 0.0000000000 0.0000000000 0.0000000000 0.0000000000 0.0000000000 0.0000000000 0.0000000000 0.0000000000 0.0000000000 0.0000000000 0.0000000000 0.0000000000 0.0000000000 0.0000000000 0.0000000000 0.0000000000 0.0000000000 0.0000000000 0.0000000000
6333.8165443292 4033.8526274861 0.0000000000 1348.9479110933 0.0000000000 814.6004628406 0.0000000000 587.5266500824 0.0000000000 462.9386248735 0.0000000000 385.0042997162 0.0000000000 332.2679169131 0.0000000000 294.7347594455 0.0000000000 267.1320148349 0.0000000000 246.4266820873 0.0000000000 230.7626966183 0.0000000000 218.9536629647 0.0000000000 210.2203968242 0.0000000000 204.0467937074 0.0000000000 200.0975205298 0.0000000000 198.1704720227 0.0000000000 198.1704720227 0.0000000000 200.0975205298 0.0000000000 204.0467937074 0.0000000000 210.2203968242 0.0000000000 218.9536629647 0.0000000000 230.7626966183 0.0000000000 246.4266820873 0.0000000000 267.1320148349 0.0000000000 294.7347594455 0.0000000000 332.2679169131 0.0000000000 385.0042997162 0.0000000000 462.9386248735 0.0000000000 587.5266500824 0.0000000000 814.6004628406 0.0000000000 1348.9479110933 0.0000000000 4033.8526274861
0.0000000000 0.0000000000 0.0000000000 0.0000000000 0.0000000000 0.0000000000 0.0000000000 0.0000000000 0.0000000000 0.0000000000 0.0000000000 0.0000000000 0.0000000000 0.0000000000 0.0000000000 0.0000000000 0.0000000000 0.0000000000 0.0000000000 0.0000000000 0.0000000000 0.0000000000 0.0000000000 0.0000000000 0.0000000000 0.0000000000 0.0000000000 0.0000000000 0.0000000000 0.0000000000 0.0000000000 0.0000000000 0.0000000000 0.0000000000 0.0000000000 0.0000000000 0.0000000000 0.0000000000 0.0000000000 0.0000000000 0.0000000000 0.0000000000 0.0000000000 0.0000000000 0.0000000000 0.0000000000 0.0000000000 0.0000000000 0.0000000000 0.0000000000 0.0000000000 0.0000000000 0.0000000000 0.0000000000 0.0000000000 0.0000000000 0.0000000000 0.0000000000 0.0000000000 0.0000000000 0.0000000000 0.0000000000 0.0000000000 0.0000000000
6211.2271552210 3955.7784480565 0.0000000000 1322.8393714470 0.0000000000 798.8340805325 0.0000000000 576.1552229793 0.0000000000 453.9785669336 0.0000000000 377.5526405821 0.0000000000 325.8369568956 0.0000000000 289.0302440310 0.0000000000 261.9617434384 0.0000000000 241.6571570773 0.0000000000 226.2963440156 0.0000000000 214.7158711692 0.0000000000 206.1516351472 0.0000000000 200.0975205298 0.0000000000 196.2246845182 0.0000000000 194.3349335390 0.0000000000 194.3349335390 0.0000000000 196.2246845182 0.0000000000 200.0975205298 0.0000000000 206.1516351472 0.0000000000 214.7158711692 0.0000000000 226.2963440156 0.0000000000 241.6571570773 0.0000000000 261.9617434384 0.0000000000 289.0302440310 0.0000000000 325.8369568956 0.0000000000 377.5526405821 0.0000000000 453.9785669336 0.0000000000 576.1552229793 0.0000000000 798.8340805325 0.0000000000 1322.8393714470 0.0000000000 3955.7784480565
0.0000000000 0.0000000000 0.0000000000 0.0000000000 0.0000000000 0.0000000000 0.0000000000 0.0000000000 0.0000000000 0.0000000000 0.0000000000 0.0000000000 0.0000000000 0.0000000000 0.0000000000 0.0000000000 0.0000000000 0.0000000000 0.0000000000 0.0000000000 0.0000000000 0.0000000000 0.0000000000 0.0000000000 0.0000000000 0.0000000000 0.0000000000 0.0000000000 0.0000000000 0.0000000000 0.0000000000 0.0000000000 0.0000000000 0.0000000000 0.0000000000 0.0000000000 0.0000000000 0.0000000000 0.0000000000 0.0000000000 0.0000000000 0.0000000000 0.0000000000 0.0000000000 0.0000000000 0.0000000000 0.0000000000 0.0000000000 0.0000000000 0.0000000000 0.0000000000 0.0000000000 0.0000000000 0.0000000000 0.0000000000 0.0000000000 0.0000000000 0.0000000000 0.0000000000 0.0000000000 0.0000000000 0.0000000000 0.0000000000 0.0000000000
6151.4096423141 3917.6821391533 0.0000000000 1310.0997051624 0.0000000000 791.1408716499 0.0000000000 570.6065332235 0.0000000000 449.6065051641 0.0000000000 373.9166022620 0.0000000000 322.6989688801 0.0000000000 286.2467247810 0.0000000000 259.4389086463 0.0000000000 239.3298665514 0.0000000000 224.1169865166 0.0000000000 212.6480399542 0.0000000000 204.1662822068 0.0000000000 198.1704720227 0.0000000000 194.3349335390 0.0000000000 192.4633818947 0.0000000000 192.4633818947 0.0000000000 194.3349335390 0.0000000000 198.1704720227 0.0000000000 204.1662822068 0.0000000000 212.6480399542 0.0000000000 224.1169865166 0.0000000000 239.3298665514 0.0000000000 259.4389086463 0.0000000000 286.2467247810 0.0000000000 322.6989688801 0.0000000000 373.9166022620 0.0000000000 449.6065051641 0.0000000000 570.6065332235 0.0000000000 791.1408716499 0.0000000000 1310.0997051624 0.0000000000 3917.6821391533
0.0000000000 0.0000000000 0.0000000000 0.0000000000 0.0000000000 0.0000000000 0.0000000000 0.0000000000 0.0000000000 0.0000000000 0.0000000000 0.0000000000 0.0000000000 0.0000000000 0.0000000000 0.0000000000 0.0000000000 0.0000000000 0.0000000000 0.0000000000 0.0000000000 0.0000000000 0.0000000000 0.0000000000 0.0000000000 0.0000000000 0.0000000000 0.0000000000 0.0000000000 0.0000000000 0.0000000000 0.0000000000 0.0000000000 0.0000000000 0.0000000000 0.0000000000 0.0000000000 0.0000000000 0.0000000000 0.0000000000 0.0000000000 0.0000000000 0.0000000000 0.0000000000 0.0000000000 0.0000000000 0.0000000000 0.0000000000 0.0000000000 0.0000000000 0.0000000000 0.0000000000 0.0000000000 0.0000000000 0.0000000000 0.0000000000 0.0000000000 0.0000000000 0.0000000000 0.0000000000 0.0000000000 0.0000000000 0.0000000000 0.0000000000
6151.4096423141 3917.6821391533 0.0000000000 1310.0997051624 0.0000000000 791.1408716499 0.0000000000 570.6065332235 0.0000000000 449.6065051641 0.0000000000 373.9166022620 0.0000000000 322.6989688801 0.0000000000 286.2467247810 0.0000000000 259.4389086463 0.0000000000 239.3298665514 0.0000000000 224.1169865166 0.0000000000 212.6480399542 0.0000000000 204.1662822068 0.0000000000 198.1704720227 0.0000000000 194.3349335390 0.0000000000 192.4633818947 0.0000000000 192.4633818947 0.0000000000 194.3349335390 0.0000000000 198.1704720227 0.0000000000 204.1662822068 0.0000000000 212.6480399542 0.0000000000 224.1169865166 0.0000000000 239.3298665514 0.0000000000 259.4389086463 0.0000000000 286.2467247810 0.0000000000 322.6989688801 0.0000000000 373.9166022620 0.0000000000 449.6065051641 0.0000000000 570.6065332235 0.0000000000 791.1408716499 0.0000000000 1310.0997051624 0.0000000000 3917.6821391533
0.0000000000 0.0000000000 0.0000000000 0.0000000000 0.0000000000 0.0000000000 0.0000000000 0.0000000000 0.0000000000 0.0000000000 0.0000000000 0.0000000000 0.0000000000 0.0000000000 0.0000000000 0.0000000000 0.0000000000 0.0000000000 0.0000000000 0.0000000000 0.0000000000 0.0000000000 0.0000000000 0.0000000000 0.0000000000 0.0000000000 0.0000000000 0.0000000000 0.0000000000 0.0000000000 0.0000000000 0.0000000000 0.0000000000 0.0000000000 0.0000000000 0.0000000000 0.0000000000 0.0000000000 0.0000000000 0.0000000000 0.0000000000 0.0000000000 0.0000000000 0.0000000000 0.0000000000 0.0000000000 0.0000000000 0.0000000000 0.0000000000 0.0000000000 0.0000000000 0.0000000000 0.0000000000 0.0000000000 0.0000000000 0.0000000000 0.0000000000 0.0000000000 0.0000000000 0.0000000000 0.0000000000 0.0000000000 0.0000000000 0.0000000000
6211.2271552210 3955.7784480565 0.0000000000 1322.8393714470 0.0000000000 798.8340805325 0.0000000000 576.1552229793 0.0000000000 453.9785669336 0.0000000000 377.5526405821 0.0000000000 325.8369568956 0.0000000000 289.0302440310 0.0000000000 261.9617434384 0.0000000000 241.6571570773 0.0000000000 226.2963440156 0.0000000000 214.7158711692 0.0000000000 206.1516351472 0.0000000000 200.0975205298 0.0000000000 196.2246845182 0.0000000000 194.3349335390 0.0000000000 194.3349335390 0.0000000000 196.2246845182 0.0000000000 200.0975205298 0.0000000000 206.1516351472 0.0000000000 214.7158711692 0.0000000000 226.2963440156 0.0000000000 241.6571570773 0.0000000000 261.9617434384 0.0000000000 289.0302440310 0.0000000000 325.8369568956 0.0000000000 377.5526405821 0.0000000000 453.9785669336 0.0000000000 576.1552229793 0.0000000000 798.8340805325 0.0000000000 1322.8393714470 0.0000000000 3955.7784480565
0.0000000000 0.0000000000 0.0000000000 0.0000000000 0.0000000000 0.0000000000 0.0000000000 0.0000000000 0.0000000000 0.0000000000 0.0000000000 0.0000000000 0.0000000000 0.0000000000 0.0000000000 0.0000000000 0.0000000000 0.0000000000 0.0000000000 0.0000000000 0.0000000000 0.0000000000 0.0000000000 0.0000000000 0.0000000000 0.0000000000 0.0000000000 0.0000000000 0.0000000000 0.0000000000 0.0000000000 0.0000000000 0.0000000000 0.0000000000 0.0000000000 0.0000000000 0.0000000000 0.0000000000 0.0000000000 0.0000000000 0.0000000000 0.0000000000 0.0000000000 0.0000000000 0.0000000000 0.0000000000 0.0000000000 0.0000000000 0.0000000000 0.0000000000 0.0000000000 0.0000000000 0.0000000000 0.0000000000 0.0000000000 0.0000000000 0.0000000000 0.0000000000 0.0000000000 0.0000000000 0.0000000000 0.0000000000 0.0000000000 0.0000000000
6333.8165443292 4033.8526274861 0.0000000000 1348.9479110933 0.0000000000 814.6004628406 0.0000000000 587.5266500824 0.0000000000 462.9386248735 0.0000000000 385.0042997162 0.0000000000 332.2679169131 0.0000000000 294.7347594455 0.0000000000 267.1320148349 0.0000000000 246.4266820873 0.0000000000 230.7626966183 0.0000000000 218.9536629647 0.0000000000 210.2203968242 0.0000000000 204.0467937074 0.0000000000 200.0975205298 0.0000000000 198.1704720227 0.0000000000 198.1704720227 0.0000000000 200.0975205298 0.0000000000 204.0467937074 0.0000000000 210.2203968242 0.0000000000 218.9536629647 0.0000000000 230.7626966183 0.0000000000 246.4266820873 0.0000000000 267.1320148349 0.0000000000 294.7347594455 0.0000000000 332.2679169131 0.0000000000 385.0042997162 0.0000000000 462.9386248735 0.0000000000 587.5266500824 0.0000000000 814.6004628406 0.0000000000 1348.9479110933 0.0000000000 4033.8526274861
0.0000000000 0.0000000000 0.0000000000 0.0000000000 0.0000000000 0.0000000000 0.0000000000 0.0000000000 0.0000000000 0.0000000000 0.0000000000 0.0000000000 0.0000000000 0.0000000000 0.0000000000 0.0000000000 0.0000000000 0.0000000000 0.0000000000 0.0000000000 0.0000000000 0.0000000000 0.0000000000 0.0000000000 0.0000000000 0.0000000000 0.0000000000 0.0000000000 0.0000000000 0.0000000000 0.0000000000 0.0000000000 0.0000000000 0.0000000000 0.0000000000 0.0000000000 0.0000000000 0.0000000000 0.0000000000 0.0000000000 0.0000000000 0.0000000000 0.0000000000 0.0000000000 0.0000000000 0.0000000000 0.0000000000 0.0000000000 0.0000000000 0.0000000000 0.0000000000 0.0000000000 0.0000000000 0.0000000000 0.0000000000 0.0000000000 0.0000000000 0.0000000000 0.0000000000 0.0000000000 0.0000000000 0.0000000000 0.0000000000 0.0000000000
6525.4513593113 4155.9001475750 0.0000000000 1389.7614366436 0.0000000000 839.2468680353 0.0000000000 605.3027508106 0.0000000000 476.9452127033 0.0000000000 396.6529206112 0.0000000000 342.3209552884 0.0000000000 303.6522013543 0.0000000000 275.2143130639 0.0000000000 253.8825234900 0.0000000000 237.7446112919 0.0000000000 225.5782856386 0.0000000000 216.5807873674 0.0000000000 210.2203968242 0.0000000000 206.1516351472 0.0000000000 204.1662822068 0.0000000000 204.1662822068 0.0000000000 206.1516351472 0.0000000000 210.2203968242 0.0000000000 216.5807873674 0.0000000000 225.5782856386 0.0000000000 237.7446112919 0.0000000000 253.8825234900 0.0000000000 275.2143130639 0.0000000000 303.6522013543 0.0000000000 342.3209552884 0.0000000000 396.6529206112 0.0000000000 476.9452127033 0.0000000000 605.3027508106 0.0000000000 839.2468680353 0.0000000000 1389.7614366436 0.0000000000 4155.9001475750
0.0000000000 0.0000000000 0.0000000000 0.0000000000 0.0000000000 0.0000000000 0.0000000000 0.0000000000 0.0000000000 0.0000000000 0.0000000000 0.0000000000 0.0000000000 0.0000000000 0.0000000000 0.0000000000 0.0000000000 0.0000000000 0.0000000000 0.0000000000 0.0000000000 0.0000000000 0.0000000000 0.0000000000 0.0000000000 0.0000000000 0.0000000000 0.0000000000 0.0000000000 0.0000000000 0.0000000000 0.0000000000 0.0000000000 0.0000000000 0.0000000000 0.0000000000 0.0000000000 0.0000000000 0.0000000000 0.0000000000 0.0000000000 0.0000000000 0.0000000000 0.0000000000 0.0000000000 0.0000000000 0.0000000000 0.0000000000 0.0000000000 0.0000000000 0.0000000000 0.0000000000 0.0000000000 0.0000000000 0.0000000000 0.0000000000 0.0000000000 0.0000000000 0.0000000000 0.0000000000 0.0000000000 0.0000000000 0.0000000000 0.0000000000
6796.5406744713 4328.5502928054 0.0000000000 1447.4968261746 0.0000000000 874.1120208314 0.0000000000 630.4490738994 0.0000000000 496.7591296205 0.0000000000 413.1312242080 0.0000000000 356.5421253231 0.0000000000 316.2669405929 0.0000000000 286.6476462607 0.0000000000 264.4296620149 0.0000000000 247.6213263740 0.0000000000 234.9495704129 0.0000000000 225.5782856386 0.0000000000 218.9536629647 0.0000000000 214.7158711692 0.0000000000 212.6480399542 0.0000000000 212.6480399542 0.0000000000 214.7158711692 0.0000000000 218.9536629647 0.0000000000 225.5782856386 0.0000000000 234.9495704129 0.0000000000 247.6213263740 0.0000000000 264.4296620149 0.0000000000 286.6476462607 0.0000000000 316.2669405929 0.0000000000 356.5421253231 0.0000000000 413.1312242080 0.0000000000 496.7591296205 0.0000000000 630.4490738994 0.0000000000 874.1120208314 0.0000000000 1447.4968261746 0.0000000000 4328.5502928054
0.0000000000 0.0000000000 0.0000000000 0.0000000000 0.0000000000 0.0000000000 0.0000000000 0.0000000000 0.0000000000 0.0000000000 0.0000000000 0.0000000000 0.0000000000 0.0000000000 0.0000000000 0.0000000000 0.0000000000 0.0000000000 0.0000000000 0.0000000000 0.0000000000 0.0000000000 0.0000000000 0.0000000000 0.0000000000 0.0000000000 0.0000000000 0.0000000000 0.0000000000 0.0000000000 0.0000000000 0.0000000000 0.0000000000 0.0000000000 0.0000000000 0.0000000000 0.0000000000 0.0000000000 0.0000000000 0.0000000000 0.0000000000 0.0000000000 0.0000000000 0.0000000000 0.0000000000 0.0000000000 0.0000000000 0.0000000000 0.0000000000 0.0000000000 0.0000000000 0.0000000000 0.0000000000 0.0000000000 0.0000000000 0.0000000000 0.0000000000 0.0000000000 0.0000000000 0.0000000000 0.0000000000 0.0000000000 0.0000000000 0.0000000000
7163.1048893170 4562.0060632479 0.0000000000 1525.5660327007 0.0000000000 921.2563258463 0.0000000000 664.4516762295 0.0000000000 523.5513065585 0.0000000000 435.4130187390 0.0000000000 375.7718468077 0.0000000000 333.3244626931 0.0000000000 302.1076831268 0.0000000000 278.6913954585 0.0000000000 260.9765200569 0.0000000000 247.6213263740 0.0000000000 237.7446112919 0.0000000000 230.7626966183 0.0000000000 226.2963440156 0.0000000000 224.1169865166 0.0000000000 224.1169865166 0.0000000000 226.2963440156 0.0000000000 230.7626966183 0.0000000000 237.7446112919 0.0000000000 247.6213263740 0.0000000000 260.9765200569 0.0000000000 278.6913954585 0.0000000000 302.1076831268 0.0000000000 333.3244626931 0.0000000000 375.7718468077 0.0000000000 435.4130187390 0.0000000000 523.5513065585 0.0000000000 664.4516762295 0.0000000000 921.2563258463 0.0000000000 1525.5660327007 0.0000000000 4562.0060632479
0.0000000000 0.0000000000 0.0000000000 0.0000000000 0.0000000000 0.0000000000 0.0000000000 0.0000000000 0.0000000000 0.0000000000 0.0000000000 0.0000000000 0.0000000000 0.0000000000 0.0000000000 0.0000000000 0.0000000000 0.0000000000 0.0000000000 0.0000000000 0.0000000000 0.0000000000 0.0000000000 0.0000000000 0.0000000000 0.0000000000 0.0000000000 0.0000000000 0.0000000000 0.0000000000 0.0000000000 0.0000000000 0.0000000000 0.0000000000 0.0000000000 0.0000000000 0.0000000000 0.0000000000 0.0000000000 0.0000000000 0.0000000000 0.0000000000 0.0000000000 0.0000000000 0.0000000000 0.0000000000 0.0000000000 0.0000000000 0.0000000000 0.0000000000 0.0000000000 0.0000000000 0.0000000000 0.0000000000 0.0000000000 0.0000000000 0.0000000000 0.0000000000 0.0000000000 0.0000000000 0.0000000000 0.0000000000 0.0000000000 0.0000000000
7649.3306638623 4871.6713502788 0.0000000000 1629.1202228642 0.0000000000 983.7904611844 0.0000000000 709.5541193620 0.0000000000 559.0895463971 0.0000000000 464.9685027860 0.0000000000 401.2789362737 0.0000000000 355.9502580085 0.0000000000 322.6145086576 0.0000000000 297.6087422948 0.0000000000 278.6913954585 0.0000000000 264.4296620149 0.0000000000 253.8825234900 0.0000000000 246.4266820873 0.0000000000 241.6571570773 0.0000000000 239.3298665514 0.0000000000 239.3298665514 0.0000000000 241.6571570773 0.0000000000 246.4266820873 0.0000000000 253.8825234900 0.0000000000 264.4296620149 0.0000000000 278.6913954585 0.0000000000 297.6087422948 0.0000000000 322.6145086576 0.0000000000 355.9502580085 0.0000000000 401.2789362737 0.0000000000 464.9685027860 0.0000000000 559.0895463971 0.0000000000 709.5541193620 0.0000000000 983.7904611844 0.0000000000 1629.1202228642 0.0000000000 4871.6713502788
0.0000000000 0.0000000000 0.0000000000 0.0000000000 0.0000000000 0.0000000000 0.0000000000 0.0000000000 0.0000000000 0.0000000000 0.0000000000 0.0000000000 0.0000000000 0.0000000000 0.0000000000 0.0000000000 0.0000000000 0.0000000000 0.0000000000 0.0000000000 0.0000000000 0.0000000000 0.0000000000 0.0000000000 0.0000000000 0.0000000000 0.0000000000 0.0000000000 0.0000000000 0.0000000000 0.0000000000 0.0000000000 0.0000000000 0.0000000000 0.0000000000 0.0000000000 0.0000000000 0.0000000000 0.0000000000 0.0000000000 0.0000000000 0.0000000000 0.0000000000 0.0000000000 0.0000000000 0.0000000000 0.0000000000 0.0000000000 0.0000000000 0.0000000000 0.0000000000 0.0000000000 0.0000000000 0.0000000000 0.0000000000 0.0000000000 0.0000000000 0.0000000000 0.0000000000 0.0000000000 0.0000000000 0.0000000000 0.0000000000 0.0000000000
8292.0448997991 5281.0003056111 0.0000000000 1766.0026254298 0.0000000000 1066.4507830305 0.0000000000 769.1724773231 0.0000000000 606.0655272277 0.0000000000 504.0362185294 0.0000000000 434.9953091510 0.0000000000 385.8580117925 0.0000000000 349.7213166315 0.0000000000 322.6145086576 0.0000000000 302.1076831268 0.0000000000 286.6476462607 0.0000000000 275.2143130639 0.0000000000 267.1320148349 0.0000000000 261.9617434384 0.0000000000 259.4389086463 0.0000000000 259.4389086463 0.0000000000 261.9617434384 0.0000000000 267.1320148349 0.0000000000 275.2143130639 0.0000000000 286.6476462607 0.0000000000 302.1076831268 0.0000000000 322.6145086576 0.0000000000 349.7213166315 0.0000000000 385.8580117925 0.0000000000 434.9953091510 0.0000000000 504.0362185294 0.0000000000 606.0655272277 0.0000000000 769.1724773231 0.0000000000 1066.4507830305 0.0000000000 1766.0026254298 0.0000000000 5281.0003056111
0.0000000000 0.0000000000 0.0000000000 0.0000000000 0.0000000000 0.0000000000 0.0000000000 0.0000000000 0.0000000000 0.0000000000 0.0000000000 0.0000000000 0.0000000000 0.0000000000 0.0000000000 0.0000000000 0.0000000000 0.0000000000 0.0000000000 0.0000000000 0.0000000000 0.0000000000 0.0000000000 0.0000000000 0.0000000000 0.0000000000 0.0000000000 0.0000000000 0.0000000000 0.0000000000 0.0000000000 0.0000000000 0.0000000000 0.0000000000 0.0000000000 0.0000000000 0.0000000000 0.0000000000 0.0000000000 0.0000000000 0.0000000000 0.0000000000 0.0000000000 0.0000000000 0.0000000000 0.0000000000 0.0000000000 0.0000000000 0.0000000000 0.0000000000 0.0000000000 0.0000000000 0.0000000000 0.0000000000 0.0000000000 0.0000000000 0.0000000000 0.0000000000 0.0000000000 0.0000000000 0.0000000000 0.0000000000 0.0000000000 0.0000000000
9148.8616980762 5826.6859390384 0.0000000000 1948.4836338607 0.0000000000 1176.6471165620 0.0000000000 848.6510507398 0.0000000000 668.6902634491 0.0000000000 556.1182687588 0.0000000000 479.9433638897 0.0000000000 425.7287107876 0.0000000000 385.8580117925 0.0000000000 355.9502580085 0.0000000000 333.3244626931 0.0000000000 316.2669405929 0.0000000000 303.6522013543 0.0000000000 294.7347594455 0.0000000000 289.0302440310 0.0000000000 286.2467247810 0.0000000000 286.2467247810 0.0000000000 289.0302440310 0.0000000000 294.7347594455 0.0000000000 303.6522013543 0.0000000000 316.2669405929 0.0000000000 333.3244626931 0.0000000000 355.9502580085 0.0000000000 385.8580117925 0.0000000000 425.7287107876 0.0000000000 479.9433638897 0.0000000000 556.1182687588 0.0000000000 668.6902634491 0.0000000000 848.6510507398 0.0000000000 1176.6471165620 0.0000000000 1948.4836338607 0.0000000000 5826.6859390384
0.0000000000 0.0000000000 0.0000000000 0.0000000000 0.0000000000 0.0000000000 0.0000000000 0.0000000000 0.0000000000 0.0000000000 0.0000000000 0.0000000000 0.0000000000 0.0000000000 0.0000000000 0.0000000000 0.0000000000 0.0000000000 0.0000000000 0.0000000000 0.0000000000 0.0000000000 0.0000000000 0.0000000000 0.0000000000 0.0000000000 0.0000000000 0.0000000000 0.0000000000 0.0000000000 0.0000000000 0.0000000000 0.0000000000 0.0000000000 0.0000000000 0.0000000000 0.0000000000 0.0000000000 0.0000000000 0.0000000000 0.0000000000 0.0000000000 0.0000000000 0.0000000000 0.0000000000 0.0000000000 0.0000000000 0.0000000000 0.0000000000 0.0000000000 0.0000000000 0.0000000000 0.0000000000 0.0000000000 0.0000000000 0.0000000000 0.0000000000 0.0000000000 0.0000000000 0.0000000000 0.0000000000 0.0000000000 0.0000000000 0.0000000000
10313.9284428660 6568.6884136561 0.0000000000 2196.6143368371 0.0000000000 1326.4878804843 0.0000000000 956.7229781311 0.0000000000 753.8449869785 0.0000000000 626.9374506945 0.0000000000 541.0620113350 0.0000000000 479.9433638897 0.0000000000 434.9953091510 0.0000000000 401.2789362737 0.0000000000 375.7718468077 0.0000000000 356.5421253231 0.0000000000 342.3209552884 0.0000000000 332.2679169131 0.0000000000 325.8369568956 0.0000000000 322.6989688801 0.0000000000 322.6989688801 0.0000000000 325.8369568956 0.0000000000 332.2679169131 0.0000000000 342.3209552884 0.0000000000 356.5421253231 0.0000000000 375.7718468077 0.0000000000 401.2789362737 0.0000000000 434.9953091510 0.0000000000 479.9433638897 0.0000000000 541.0620113350 0.0000000000 626.9374506945 0.0000000000 753.8449869785 0.0000000000 956.7229781311 0.0000000000 1326.4878804843 0.0000000000 2196.6143368371 0.0000000000 6568.6884136561
0.0000000000 0.0000000000 0.0000000000 0.0000000000 0.0000000000 0.0000000000 0.0000000000 0.0000000000 0.0000000000 0.0000000000 0.0000000000 0.0000000000 0.0000000000 0.0000000000 0.0000000000 0.0000000000 0.0000000000 0.0000000000 0.0000000000 0.0000000000 0.0000000000 0.0000000000 0.0000000000 0.0000000000 0.0000000000 0.0000000000 0.0000000000 0.0000000000 0.0000000000 0.0000000000 0.0000000000 0.0000000000 0.0000000000 0.0000000000 0.0000000000 0.0000000000 0.0000000000 0.0000000000 0.0000000000 0.0000000000 0.0000000000 0.0000000000 0.0000000000 0.0000000000 0.0000000000 0.0000000000 0.0000000000 0.0000000000 0.0000000000 0.0000000000 0.0000000000 0.0000000000 0.0000000000 0.0000000000 0.0000000000 0.0000000000 0.0000000000 0.0000000000 0.0000000000 0.0000000000 0.0000000000 0.0000000000 0.0000000000 0.0000000000
11950.9185068478 7611.2472917900 0.0000000000 2545.2531570230 0.0000000000 1537.0233221808 0.0000000000 1108.5706487698 0.0000000000 873.4925839444 0.0000000000 726.4427345648 0.0000000000 626.9374506945 0.0000000000 556.1182687588 0.0000000000 504.0362185294 0.0000000000 464.9685027860 0.0000000000 435.4130187390 0.0000000000 413.1312242080 0.0000000000 396.6529206112 0.0000000000 385.0042997162 0.0000000000 377.5526405821 0.0000000000 373.9166022620 0.0000000000 373.9166022620 0.0000000000 377.5526405821 0.0000000000 385.0042997162 0.0000000000 396.6529206112 0.0000000000 413.1312242080 0.0000000000 435.4130187390 0.0000000000 464.9685027860 0.0000000000 504.0362185294 0.0000000000 556.1182687588 0.0000000000 626.9374506945 0.0000000000 726.4427345648 0.0000000000 873.4925839444 0.0000000000 1108.5706487698 0.0000000000 1537.0233221808 0.0000000000 2545.2531570230 0.0000000000 7611.2472917900
0.0000000000 0.0000000000 0.0000000000 0.0000000000 0.0000000000 0.0000000000 0.0000000000 0.0000000000 0.0000000000 0.0000000000 0.0000000000 0.0000000000 0.0000000000 0.0000000000 0.0000000000 0.0000000000 0.0000000000 0.0000000000 0.0000000000 0.0000000000 0.0000000000 0.0000000000 0.0000000000 0.0000000000 0.0000000000 0.0000000000 0.0000000000 0.0000000000 0.0000000000 0.0000000000 0.0000000000 0.0000000000 0.0000000000 0.0000000000 0.0000000000 0.0000000000 0.0000000000 0.0000000000 0.0000000000 0.0000000000 0.0000000000 0.0000000000 0.0000000000 0.0000000000 0.0000000000 0.0000000000 0.0000000000 0.0000000000 0.0000000000 0.0000000000 0.0000000000 0.0000000000 0.0000000000 0.0000000000 0.0000000000 0.0000000000 0.0000000000 0.0000000000 0.0000000000 0.0000000000 0.0000000000 0.0000000000 0.0000000000 0.0000000000
14370.0779020233 9151.9506598522 0.0000000000 3060.4749020616 0.0000000000 1848.1545886459 0.0000000000 1332.9725722413 0.0000000000 1050.3089340730 0.0000000000 873.4925839444 0.0000000000 753.8449869785 0.0000000000 668.6902634491 0.0000000000 606.0655272277 0.0000000000 559.0895463971 0.0000000000 523.5513065585 0.0000000000 496.7591296205 0.0000000000 476.9452127033 0.0000000000 462.9386248735 0.0000000000 453.9785669336 0.0000000000 449.6065051641 0.0000000000 449.6065051641 0.0000000000 453.9785669336 0.0000000000 462.9386248735 0.0000000000 476.9452127033 0.0000000000 496.7591296205 0.0000000000 523.5513065585 0.0000000000 559.0895463971 0.0000000000 606.0655272277 0.0000000000 668.6902634491 0.0000000000 753.8449869785 0.0000000000 873.4925839444 0.0000000000 1050.3089340730 0.0000000000 1332.9725722413 0.0000000000 1848.1545886459 0.0000000000 3060.4749020616 0.0000000000 9151.9506598522
0.0000000000 0.0000000000 0.0000000000 0.0000000000 0.0000000000 0.0000000000 0.0000000000 0.0000000000 0.0000000000 0.0000000000 0.0000000000 0.0000000000 0.0000000000 0.0000000000 0.0000000000 0.0000000000 0.0000000000 0.0000000000 0.0000000000 0.0000000000 0.0000000000 0.0000000000 0.0000000000 0.0000000000 0.0000000000 0.0000000000 0.0000000000 0.0000000000 0.0000000000 0.0000000000 0.0000000000 0.0000000000 0.0000000000 0.0000000000 0.0000000000 0.0000000000 0.0000000000 0.0000000000 0.0000000000 0.0000000000 0.0000000000 0.0000000000 0.0000000000 0.0000000000 0.0000000000 0.0000000000 0.0000000000 0.0000000000 0.0000000000 0.0000000000 0.0000000000 0.0000000000 0.0000000000 0.0000000000 0.0000000000 0.0000000000 0.0000000000 0.0000000000 0.0000000000 0.0000000000 0.0000000000 0.0000000000 0.0000000000 0.0000000000
18237.4148052685 11614.9628136376 0.0000000000 3884.1230138462 0.0000000000 2345.5378660578 0.0000000000 1691.7078591890 0.0000000000 1332.9725722413 0.0000000000 1108.5706487699 0.0000000000 956.7229781311 0.0000000000 848.6510507398 0.0000000000 769.1724773231 0.0000000000 709.5541193620 0.0000000000 664.4516762295 0.0000000000 630.4490738994 0.0000000000 605.3027508106 0.0000000000 587.5266500824 0.0000000000 576.1552229793 0.0000000000 570.6065332235 0.0000000000 570.6065332235 0.0000000000 576.1552229793 0.0000000000 587.5266500824 0.0000000000 605.3027508106 0.0000000000 630.4490738994 0.0000000000 664.4516762295 0.0000000000 709.5541193620 0.0000000000 769.1724773231 0.0000000000 848.6510507398 0.0000000000 956.7229781311 0.0000000000 1108.5706487698 0.0000000000 1332.9725722413 0.0000000000 1691.7078591890 0.0000000000 2345.5378660578 0.0000000000 3884.1230138462 0.0000000000 11614.9628136376
0.0000000000 0.0000000000 0.0000000000 0.0000000000 0.0000000000 0.0000000000 0.0000000000 0.0000000000 0.0000000000 0.0000000000 0.0000000000 0.0000000000 0.0000000000 0.0000000000 0.0000000000 0.0000000000 0.0000000000 0.0000000000 0.0000000000 0.0000000000 0.0000000000 0.0000000000 0.0000000000 0.0000000000 0.0000000000 0.0000000000 0.0000000000 0.0000000000 0.0000000000 0.0000000000 0.0000000000 0.0000000000 0.0000000000 0.0000000000 0.0000000000 0.0000000000 0.0000000000 0.0000000000 0.0000000000 0.0000000000 0.0000000000 0.0000000000 0.0000000000 0.0000000000 0.0000000000 0.0000000000 0.0000000000 0.0000000000 0.0000000000 0.0000000000 0.0000000000 0.0000000000 0.0000000000 0.0000000000 0.0000000000 0.0000000000 0.0000000000 0.0000000000 0.0000000000 0.0000000000 0.0000000000 0.0000000000 0.0000000000 0.0000000000
25286.0130503075 16104.0423996735 0.0000000000 5385.3019337336 0.0000000000 3252.0673420223 0.0000000000 2345.5378660578 0.0000000000 1848.1545886459 0.0000000000 1537.0233221808 0.0000000000 1326.4878804843 0.0000000000 1176.6471165620 0.0000000000 1066.4507830305 0.0000000000 983.7904611844 0.0000000000 921.2563258463 0.0000000000 874.1120208314 0.0000000000 839.2468680353 0.0000000000 814.6004628406 0.0000000000 798.8340805325 0.0000000000 791.1408716499 0.0000000000 791.1408716499 0.0000000000 798.8340805325 0.0000000000 814.6004628406 0.0000000000 839.2468680353 0.0000000000 874.1120208314 0.0000000000 921.2563258463 0.0000000000 983.7904611844 0.0000000000 1066.4507830305 0.0000000000 1176.6471165620 0.0000000000 1326.4878804843 0.0000000000 1537.0233221808 0.0000000000 1848.1545886459 0.0000000000 2345.5378660578 0.0000000000 3252.0673420223 0.0000000000 5385.3019337336 0.0000000000 16104.0423996735
0.0000000000 0.0000000000 0.0000000000 0.0000000000 0.0000000000 0.0000000000 0.0000000000 0.0000000000 0.0000000000 0.0000000000 0.0000000000 0.0000000000 0.0000000000 0.0000000000 0.0000000000 0.0000000000 0.0000000000 0.0000000000 0.0000000000 0.0000000000 0.0000000000 0.0000000000 0.0000000000 0.0000000000 0.0000000000 0.0000000000 0.0000000000 0.0000000000 0.0000000000 0.0000000000 0.0000000000 0.0000000000 0.0000000000 0.0000000000 0.0000000000 0.0000000000 0.0000000000 0.0000000000 0.0000000000 0.0000000000 0.0000000000 0.0000000000 0.0000000000 0.0000000000 0.0000000000 0.0000000000 0.0000000000 0.0000000000 0.0000000000 0.0000000000 0.0000000000 0.0000000000 0.0000000000 0.0000000000 0.0000000000 0.0000000000 0.0000000000 0.0000000000 0.0000000000 0.0000000000 0.0000000000 0.0000000000 0.0000000000 0.0000000000
41872.6922461436 26667.6921339395 0.0000000000 8917.8586626193 0.0000000000 5385.3019337336 0.0000000000 3884.1230138462 0.0000000000 3060.4749020616 0.0000000000 2545.2531570230 0.0000000000 2196.6143368371 0.0000000000 1948.4836338607 0.0000000000 1766.0026254298 0.0000000000 1629.1202228642 0.0000000000 1525.5660327007 0.0000000000 1447.4968261746 0.0000000000 1389.7614366436 0.0000000000 1348.9479110933 0.0000000000 1322.8393714470 0.0000000000 1310.0997051624 0.0000000000 1310.0997051624 0.0000000000 1322.8393714470 0.0000000000 1348.9479110933 0.0000000000 1389.7614366436 0.0000000000 1447.4968261746 0.0000000000 1525.5660327007 0.0000000000 1629.1202228642 0.0000000000 1766.0026254298 0.0000000000 1948.4836338607 0.0000000000 2196.6143368371 0.0000000000 2545.2531570230 0.0000000000 3060.4749020616 0.0000000000 3884.1230138462 0.0000000000 5385.3019337336 0.0000000000 8917.8586626193 0.0000000000 26667.6921339395
0.0000000000 0.0000000000 0.0000000000 0.0000000000 0.0000000000 0.0000000000 0.0000000000 0.0000000000 0.0000000000 0.0000000000 0.0000000000 0.0000000000 0.0000000000 0.0000000000 0.0000000000 0.0000000000 0.0000000000 0.0000000000 0.0000000000 0.0000000000 0.0000000000 0.0000000000 0.0000000000 0.0000000000 0.0000000000 0.0000000000 0.0000000000 0.0000000000 0.0000000000 0.0000000000 0.0000000000 0.0000000000 0.0000000000 0.0000000000 0.0000000000 0.0000000000 0.0000000000 0.0000000000 0.0000000000 0.0000000000 0.0000000000 0.0000000000 0.0000000000 0.0000000000 0.0000000000 0.0000000000 0.0000000000 0.0000000000 0.0000000000 0.0000000000 0.0000000000 0.0000000000 0.0000000000 0.0000000000 0.0000000000 0.0000000000 0.0000000000 0.0000000000 0.0000000000 0.0000000000 0.0000000000 0.0000000000 0.0000000000 0.0000000000
125214.8198221585 79746.2519485251 0.0000000000 26667.6921339395 0.0000000000 16104.0423996735 0.0000000000 11614.9628136376 0.0000000000 9151.9506598522 0.0000000000 7611.2472917900 0.0000000000 6568.6884136561 0.0000000000 5826.6859390384 0.0000000000 5281.0003056111 0.0000000000 4871.6713502788 0.0000000000 4562.0060632479 0.0000000000 4328.5502928054 0.0000000000 4155.9001475750 0.0000000000 4033.8526274861 0.0000000000 3955.7784480565 0.0000000000 3917.6821391533 0.0000000000 3917.6821391533 0.0000000000 3955.7784480565 0.0000000000 4033.8526274861 0.0000000000 4155.9001475750 0.0000000000 4328.5502928054 0.0000000000 4562.0060632479 0.0000000000 4871.6713502789 0.0000000000 5281.0003056111 0.0000000000 5826.6859390384 0.0000000000 6568.6884136561 0.0000000000 7611.2472917900 0.0000000000 9151.9506598522 0.0000000000 11614.9628136376 0.0000000000 16104.0423996735 0.0000000000 26667.6921339395 0.0000000000 79746.2519485251
