0.0000000000
-2048.0000000000
0.0000000000
2048.0000000000
0.0000000000
-2048.0000000000
0.0000000000
2048.0000000000
0.0000000000
-2048.0000000000
0.0000000000
2048.0000000000
0.0000000000
-2048.0000000000
0.0000000000
2048.0000000000
0.0000000000
-2048.0000000000
0.0000000000
2048.0000000000
0.0000000000
-2048.0000000000
0.0000000000
2048.0000000000
0.0000000000
-2048.0000000000
0.0000000000
2048.0000000000
0.0000000000
-2048.0000000000
0.0000000000
2048.0000000000
0.0000000000
-2048.0000000000
0.0000000000
2048.0000000000
0.0000000000
-2048.0000000000
0.0000000000
2048.0000000000
0.0000000000
-2048.0000000000
0.0000000000
2048.0000000000
0.0000000000
-2048.0000000000
0.0000000000
2048.0000000000
0.0000000000
-2048.0000000000
0.0000000000
2048.0000000000
0.0000000000
-2048.0000000000
0.0000000000
2048.0000000000
0.0000000000
-2048.0000000000
0.0000000000
2048.0000000000
0.0000000000
-2048.0000000000
0.0000000000
2048.0000000000
-2048.0000000000
2605.4998559984
0.0000000000
-1734.2028819457
0.0000000000
1558.2522501605
0.0000000000
-1481.6179454386
0.0000000000
1438.0665588823
0.0000000000
-1409.5274771565
0.0000000000
1389.0439384623
0.0000000000
-1373.3630464461
0.0000000000
1360.7561468164
0.0000000000
-1350.2155629606
0.0000000000
1341.1100517548
0.0000000000
-1333.0196736562
0.0000000000
1325.6494941633
0.0000000000
-1318.7810934514
0.0000000000
1312.2434312016
0.0000000000
-1305.8940463844
0.0000000000
1299.6058096139
0.0000000000
-1293.2564247967
0.0000000000
1286.7187625469
0.0000000000
-1279.8503618351
0.0000000000
1272.4801823421
0.0000000000
-1264.3898042435
0.0000000000
1255.2842930378
0.0000000000
-1244.7437091820
0.0000000000
1232.1368095522
0.0000000000
-1216.4559175360
0.0000000000
1195.9723788418
0.0000000000
-1167.4332971161
0.0000000000
1123.8819105598
0.0000000000
-1047.2476058379
0.0000000000
871.2969740526
0.0000000000
-0.0000000000
0.0000000000
0.0000000000
0.0000000000
0.0000000000
0.0000000000
0.0000000000
0.0000000000
0.0000000000
0.0000000000
0.0000000000
0.0000000000
0.0000000000
0.0000000000
0.0000000000
0.0000000000
0.0000000000
0.0000000000
0.0000000000
0.0000000000
0.0000000000
0.0000000000
0.0000000000
0.0000000000
0.0000000000
0.0000000000
0.0000000000
0.0000000000
0.0000000000
0.0000000000
0.0000000000
0.0000000000
0.0000000000
0.0000000000
0.0000000000
0.0000000000
0.0000000000
0.0000000000
0.0000000000
0.0000000000
0.0000000000
0.0000000000
0.0000000000
0.0000000000
0.0000000000
0.0000000000
0.0000000000
0.0000000000
0.0000000000
0.0000000000
0.0000000000
0.0000000000
0.0000000000
0.0000000000
0.0000000000
0.0000000000
0.0000000000
0.0000000000
0.0000000000
0.0000000000
0.0000000000
0.0000000000
0.0000000000
0.0000000000
0.0000000000
2048.0000000000
-1734.2028819457
0.0000000000
862.9059078931
0.0000000000
-686.9552761078
0.0000000000
610.3209713859
0.0000000000
-566.7695848297
0.0000000000
538.2305031039
0.0000000000
-517.7469644097
0.0000000000
502.0660723935
0.0000000000
-489.4591727638
0.0000000000
478.9185889080
0.0000000000
-469.8130777022
0.0000000000
461.7226996036
0.0000000000
-454.3525201107
0.0000000000
447.4841193988
0.0000000000
-440.9464571490
0.0000000000
434.5970723318
0.0000000000
-428.3088355613
0.0000000000
421.9594507441
0.0000000000
-415.4217884943
0.0000000000
408.5533877824
0.0000000000
-401.1832082895
0.0000000000
393.0928301909
0.0000000000
-383.9873189851
0.0000000000
373.4467351293
0.0000000000
-360.8398354996
0.0000000000
345.1589434834
0.0000000000
-324.6754047892
0.0000000000
296.1363230634
0.0000000000
-252.5849365072
0.0000000000
175.9506317853
0.0000000000
0.0000000000
0.0000000000
-871.2969740526
0.0000000000
0.0000000000
0.0000000000
0.0000000000
0.0000000000
0.0000000000
0.0000000000
0.0000000000
0.0000000000
0.0000000000
0.0000000000
0.0000000000
0.0000000000
0.0000000000
0.0000000000
0.0000000000
0.0000000000
0.0000000000
0.0000000000
0.0000000000
0.0000000000
0.0000000000
0.0000000000
0.0000000000
0.0000000000
0.0000000000
0.0000000000
0.0000000000
0.0000000000
0.0000000000
0.0000000000
0.0000000000
0.0000000000
0.0000000000
0.0000000000
0.0000000000
0.0000000000
0.0000000000
0.0000000000
0.0000000000
0.0000000000
0.0000000000
0.0000000000
0.0000000000
0.0000000000
0.0000000000
0.0000000000
0.0000000000
0.0000000000
0.0000000000
0.0000000000
0.0000000000
0.0000000000
0.0000000000
0.0000000000
0.0000000000
0.0000000000
0.0000000000
0.0000000000
0.0000000000
0.0000000000
0.0000000000
0.0000000000
0.0000000000
-2048.0000000000
1558.2522501605
0.0000000000
-686.9552761078
0.0000000000
511.0046443226
0.0000000000
-434.3703396007
0.0000000000
390.8189530444
0.0000000000
-362.2798713186
0.0000000000
341.7963326244
0.0000000000
-326.1154406082
0.0000000000
313.5085409785
0.0000000000
-302.9679571227
0.0000000000
293.8624459169
0.0000000000
-285.7720678183
0.0000000000
278.4018883254
0.0000000000
-271.5334876135
0.0000000000
264.9958253637
0.0000000000
-258.6464405465
0.0000000000
252.3582037760
0.0000000000
-246.0088189588
0.0000000000
239.4711567090
0.0000000000
-232.6027559972
0.0000000000
225.2325765042
0.0000000000
-217.1421984056
0.0000000000
208.0366871999
0.0000000000
-197.4961033441
0.0000000000
184.8892037143
0.0000000000
-169.2083116981
0.0000000000
148.7247730039
0.0000000000
-120.1856912782
0.0000000000
76.6343047219
0.0000000000
0.0000000000
0.0000000000
-175.9506317853
0.0000000000
1047.2476058379
0.0000000000
0.0000000000
0.0000000000
0.0000000000
0.0000000000
0.0000000000
0.0000000000
0.0000000000
0.0000000000
0.0000000000
0.0000000000
0.0000000000
0.0000000000
0.0000000000
0.0000000000
0.0000000000
0.0000000000
0.0000000000
0.0000000000
0.0000000000
0.0000000000
0.0000000000
0.0000000000
0.0000000000
0.0000000000
0.0000000000
0.0000000000
0.0000000000
0.0000000000
0.0000000000
0.0000000000
0.0000000000
0.0000000000
0.0000000000
0.0000000000
0.0000000000
0.0000000000
0.0000000000
0.0000000000
0.0000000000
0.0000000000
0.0000000000
0.0000000000
0.0000000000
0.0000000000
0.0000000000
0.0000000000
0.0000000000
0.0000000000
0.0000000000
0.0000000000
0.0000000000
0.0000000000
0.0000000000
0.0000000000
0.0000000000
0.0000000000
0.0000000000
0.0000000000
0.0000000000
0.0000000000
0.0000000000
0.0000000000
0.0000000000
2048.0000000000
-1481.6179454386
0.0000000000
610.3209713860
0.0000000000
-434.3703396007
0.0000000000
357.7360348788
0.0000000000
-314.1846483225
0.0000000000
285.6455665967
0.0000000000
-265.1620279025
0.0000000000
249.4811358863
0.0000000000
-236.8742362566
0.0000000000
226.3336524008
0.0000000000
-217.2281411950
0.0000000000
209.1377630964
0.0000000000
-201.7675836035
0.0000000000
194.8991828916
0.0000000000
-188.3615206418
0.0000000000
182.0121358246
0.0000000000
-175.7238990541
0.0000000000
169.3745142369
0.0000000000
-162.8368519871
0.0000000000
155.9684512753
0.0000000000
-148.5982717823
0.0000000000
140.5078936837
0.0000000000
-131.4023824780
0.0000000000
120.8617986222
0.0000000000
-108.2548989924
0.0000000000
92.5740069762
0.0000000000
-72.0904682820
0.0000000000
43.5513865563
0.0000000000
-0.0000000000
0.0000000000
-76.6343047219
0.0000000000
252.5849365072
0.0000000000
-1123.8819105598
0.0000000000
0.0000000000
0.0000000000
0.0000000000
0.0000000000
0.0000000000
0.0000000000
0.0000000000
0.0000000000
0.0000000000
0.0000000000
0.0000000000
0.0000000000
0.0000000000
0.0000000000
0.0000000000
0.0000000000
0.0000000000
0.0000000000
0.0000000000
0.0000000000
0.0000000000
0.0000000000
0.0000000000
0.0000000000
0.0000000000
0.0000000000
0.0000000000
0.0000000000
0.0000000000
0.0000000000
0.0000000000
0.0000000000
0.0000000000
0.0000000000
0.0000000000
0.0000000000
0.0000000000
0.0000000000
0.0000000000
0.0000000000
0.0000000000
0.0000000000
0.0000000000
0.0000000000
0.0000000000
0.0000000000
0.0000000000
0.0000000000
0.0000000000
0.0000000000
0.0000000000
0.0000000000
0.0000000000
0.0000000000
0.0000000000
0.0000000000
0.0000000000
0.0000000000
0.0000000000
0.0000000000
0.0000000000
0.0000000000
0.0000000000
-2048.0000000000
1438.0665588823
0.0000000000
-566.7695848297
0.0000000000
390.8189530444
0.0000000000
-314.1846483225
0.0000000000
270.6332617662
0.0000000000
-242.0941800405
0.0000000000
221.6106413463
0.0000000000
-205.9297493301
0.0000000000
193.3228497003
0.0000000000
-182.7822658445
0.0000000000
173.6767546388
0.0000000000
-165.5863765402
0.0000000000
158.2161970472
0.0000000000
-151.3477963354
0.0000000000
144.8101340856
0.0000000000
-138.4607492684
0.0000000000
132.1725124979
0.0000000000
-125.8231276807
0.0000000000
119.2854654309
0.0000000000
-112.4170647190
0.0000000000
105.0468852261
0.0000000000
-96.9565071275
0.0000000000
87.8509959217
0.0000000000
-77.3104120659
0.0000000000
64.7035124362
0.0000000000
-49.0226204200
0.0000000000
28.5390817258
0.0000000000
0.0000000000
0.0000000000
-43.5513865563
0.0000000000
120.1856912782
0.0000000000
-296.1363230634
0.0000000000
1167.4332971161
0.0000000000
0.0000000000
0.0000000000
0.0000000000
0.0000000000
0.0000000000
0.0000000000
0.0000000000
0.0000000000
0.0000000000
0.0000000000
0.0000000000
0.0000000000
0.0000000000
0.0000000000
0.0000000000
0.0000000000
0.0000000000
0.0000000000
0.0000000000
0.0000000000
0.0000000000
0.0000000000
0.0000000000
0.0000000000
0.0000000000
0.0000000000
0.0000000000
0.0000000000
0.0000000000
0.0000000000
0.0000000000
0.0000000000
0.0000000000
0.0000000000
0.0000000000
0.0000000000
0.0000000000
0.0000000000
0.0000000000
0.0000000000
0.0000000000
0.0000000000
0.0000000000
0.0000000000
0.0000000000
0.0000000000
0.0000000000
0.0000000000
0.0000000000
0.0000000000
0.0000000000
0.0000000000
0.0000000000
0.0000000000
0.0000000000
0.0000000000
0.0000000000
0.0000000000
0.0000000000
0.0000000000
0.0000000000
0.0000000000
0.0000000000
2048.0000000000
-1409.5274771565
0.0000000000
538.2305031039
0.0000000000
-362.2798713186
0.0000000000
285.6455665967
0.0000000000
-242.0941800405
0.0000000000
213.5550983147
0.0000000000
-193.0715596205
0.0000000000
177.3906676043
0.0000000000
-164.7837679746
0.0000000000
154.2431841188
0.0000000000
-145.1376729130
0.0000000000
137.0472948144
0.0000000000
-129.6771153215
0.0000000000
122.8087146096
0.0000000000
-116.2710523598
0.0000000000
109.9216675426
0.0000000000
-103.6334307721
0.0000000000
97.2840459549
0.0000000000
-90.7463837051
0.0000000000
83.8779829932
0.0000000000
-76.5078035003
0.0000000000
68.4174254017
0.0000000000
-59.3119141959
0.0000000000
48.7713303401
0.0000000000
-36.1644307104
0.0000000000
20.4835386942
0.0000000000
0.0000000000
0.0000000000
-28.5390817258
0.0000000000
72.0904682820
0.0000000000
-148.7247730039
0.0000000000
324.6754047892
0.0000000000
-1195.9723788418
0.0000000000
0.0000000000
0.0000000000
0.0000000000
0.0000000000
0.0000000000
0.0000000000
0.0000000000
0.0000000000
0.0000000000
0.0000000000
0.0000000000
0.0000000000
0.0000000000
0.0000000000
0.0000000000
0.0000000000
0.0000000000
0.0000000000
0.0000000000
0.0000000000
0.0000000000
0.0000000000
0.0000000000
0.0000000000
0.0000000000
0.0000000000
0.0000000000
0.0000000000
0.0000000000
0.0000000000
0.0000000000
0.0000000000
0.0000000000
0.0000000000
0.0000000000
0.0000000000
0.0000000000
0.0000000000
0.0000000000
0.0000000000
0.0000000000
0.0000000000
0.0000000000
0.0000000000
0.0000000000
0.0000000000
0.0000000000
0.0000000000
0.0000000000
0.0000000000
0.0000000000
0.0000000000
0.0000000000
0.0000000000
0.0000000000
0.0000000000
0.0000000000
0.0000000000
0.0000000000
0.0000000000
0.0000000000
0.0000000000
0.0000000000
-2048.0000000000
1389.0439384623
0.0000000000
-517.7469644097
0.0000000000
341.7963326244
0.0000000000
-265.1620279025
0.0000000000
221.6106413463
0.0000000000
-193.0715596205
0.0000000000
172.5880209263
0.0000000000
-156.9071289101
0.0000000000
144.3002292804
0.0000000000
-133.7596454246
0.0000000000
124.6541342188
0.0000000000
-116.5637561202
0.0000000000
109.1935766273
0.0000000000
-102.3251759154
0.0000000000
95.7875136656
0.0000000000
-89.4381288484
0.0000000000
83.1498920779
0.0000000000
-76.8005072607
0.0000000000
70.2628450109
0.0000000000
-63.3944442990
0.0000000000
56.0242648061
0.0000000000
-47.9338867075
0.0000000000
38.8283755017
0.0000000000
-28.2877916459
0.0000000000
15.6808920162
0.0000000000
0.0000000000
0.0000000000
-20.4835386942
0.0000000000
49.0226204200
0.0000000000
-92.5740069762
0.0000000000
169.2083116981
0.0000000000
-345.1589434834
0.0000000000
1216.4559175360
0.0000000000
0.0000000000
0.0000000000
0.0000000000
0.0000000000
0.0000000000
0.0000000000
0.0000000000
0.0000000000
0.0000000000
0.0000000000
0.0000000000
0.0000000000
0.0000000000
0.0000000000
0.0000000000
0.0000000000
0.0000000000
0.0000000000
0.0000000000
0.0000000000
0.0000000000
0.0000000000
0.0000000000
0.0000000000
0.0000000000
0.0000000000
0.0000000000
0.0000000000
0.0000000000
0.0000000000
0.0000000000
0.0000000000
0.0000000000
0.0000000000
0.0000000000
0.0000000000
0.0000000000
0.0000000000
0.0000000000
0.0000000000
0.0000000000
0.0000000000
0.0000000000
0.0000000000
0.0000000000
0.0000000000
0.0000000000
0.0000000000
0.0000000000
0.0000000000
0.0000000000
0.0000000000
0.0000000000
0.0000000000
0.0000000000
0.0000000000
0.0000000000
0.0000000000
0.0000000000
0.0000000000
0.0000000000
0.0000000000
0.0000000000
2048.0000000000
-1373.3630464461
0.0000000000
502.0660723935
0.0000000000
-326.1154406082
0.0000000000
249.4811358863
0.0000000000
-205.9297493301
0.0000000000
177.3906676043
0.0000000000
-156.9071289101
0.0000000000
141.2262368939
0.0000000000
-128.6193372642
0.0000000000
118.0787534084
0.0000000000
-108.9732422026
0.0000000000
100.8828641040
0.0000000000
-93.5126846111
0.0000000000
86.6442838992
0.0000000000
-80.1066216494
0.0000000000
73.7572368322
0.0000000000
-67.4690000617
0.0000000000
61.1196152445
0.0000000000
-54.5819529947
0.0000000000
47.7135522828
0.0000000000
-40.3433727899
0.0000000000
32.2529946913
0.0000000000
-23.1474834855
0.0000000000
12.6068996297
0.0000000000
0.0000000000
0.0000000000
-15.6808920162
0.0000000000
36.1644307104
0.0000000000
-64.7035124362
0.0000000000
108.2548989924
0.0000000000
-184.8892037143
0.0000000000
360.8398354996
0.0000000000
-1232.1368095522
0.0000000000
0.0000000000
0.0000000000
0.0000000000
0.0000000000
0.0000000000
0.0000000000
0.0000000000
0.0000000000
0.0000000000
0.0000000000
0.0000000000
0.0000000000
0.0000000000
0.0000000000
0.0000000000
0.0000000000
0.0000000000
0.0000000000
0.0000000000
0.0000000000
0.0000000000
0.0000000000
0.0000000000
0.0000000000
0.0000000000
0.0000000000
0.0000000000
0.0000000000
0.0000000000
0.0000000000
0.0000000000
0.0000000000
0.0000000000
0.0000000000
0.0000000000
0.0000000000
0.0000000000
0.0000000000
0.0000000000
0.0000000000
0.0000000000
0.0000000000
0.0000000000
0.0000000000
0.0000000000
0.0000000000
0.0000000000
0.0000000000
0.0000000000
0.0000000000
0.0000000000
0.0000000000
0.0000000000
0.0000000000
0.0000000000
0.0000000000
0.0000000000
0.0000000000
0.0000000000
0.0000000000
0.0000000000
0.0000000000
0.0000000000
-2048.0000000000
1360.7561468164
0.0000000000
-489.4591727638
0.0000000000
313.5085409785
0.0000000000
-236.8742362566
0.0000000000
193.3228497003
0.0000000000
-164.7837679746
0.0000000000
144.3002292804
0.0000000000
-128.6193372642
0.0000000000
116.0124376345
0.0000000000
-105.4718537786
0.0000000000
96.3663425729
0.0000000000
-88.2759644743
0.0000000000
80.9057849814
0.0000000000
-74.0373842695
0.0000000000
67.4997220197
0.0000000000
-61.1503372025
0.0000000000
54.8621004320
0.0000000000
-48.5127156148
0.0000000000
41.9750533650
0.0000000000
-35.1066526531
0.0000000000
27.7364731602
0.0000000000
-19.6460950616
0.0000000000
10.5405838558
0.0000000000
-0.0000000000
0.0000000000
-12.6068996297
0.0000000000
28.2877916459
0.0000000000
-48.7713303401
0.0000000000
77.3104120659
0.0000000000
-120.8617986222
0.0000000000
197.4961033441
0.0000000000
-373.4467351293
0.0000000000
1244.7437091820
0.0000000000
0.0000000000
0.0000000000
0.0000000000
0.0000000000
0.0000000000
0.0000000000
0.0000000000
0.0000000000
0.0000000000
0.0000000000
0.0000000000
0.0000000000
0.0000000000
0.0000000000
0.0000000000
0.0000000000
0.0000000000
0.0000000000
0.0000000000
0.0000000000
0.0000000000
0.0000000000
0.0000000000
0.0000000000
0.0000000000
0.0000000000
0.0000000000
0.0000000000
0.0000000000
0.0000000000
0.0000000000
0.0000000000
0.0000000000
0.0000000000
0.0000000000
0.0000000000
0.0000000000
0.0000000000
0.0000000000
0.0000000000
0.0000000000
0.0000000000
0.0000000000
0.0000000000
0.0000000000
0.0000000000
0.0000000000
0.0000000000
0.0000000000
0.0000000000
0.0000000000
0.0000000000
0.0000000000
0.0000000000
0.0000000000
0.0000000000
0.0000000000
0.0000000000
0.0000000000
0.0000000000
0.0000000000
0.0000000000
0.0000000000
2048.0000000000
-1350.2155629606
0.0000000000
478.9185889080
0.0000000000
-302.9679571227
0.0000000000
226.3336524008
0.0000000000
-182.7822658445
0.0000000000
154.2431841188
0.0000000000
-133.7596454246
0.0000000000
118.0787534084
0.0000000000
-105.4718537786
0.0000000000
94.9312699228
0.0000000000
-85.8257587171
0.0000000000
77.7353806185
0.0000000000
-70.3652011255
0.0000000000
63.4968004137
0.0000000000
-56.9591381639
0.0000000000
50.6097533467
0.0000000000
-44.3215165762
0.0000000000
37.9721317590
0.0000000000
-31.4344695092
0.0000000000
24.5660687973
0.0000000000
-17.1958893044
0.0000000000
9.1055112058
0.0000000000
-0.0000000000
0.0000000000
-10.5405838558
0.0000000000
23.1474834855
0.0000000000
-38.8283755017
0.0000000000
59.3119141959
0.0000000000
-87.8509959217
0.0000000000
131.4023824780
0.0000000000
-208.0366871999
0.0000000000
383.9873189851
0.0000000000
-1255.2842930378
0.0000000000
0.0000000000
0.0000000000
0.0000000000
0.0000000000
0.0000000000
0.0000000000
0.0000000000
0.0000000000
0.0000000000
0.0000000000
0.0000000000
0.0000000000
0.0000000000
0.0000000000
0.0000000000
0.0000000000
0.0000000000
0.0000000000
0.0000000000
0.0000000000
0.0000000000
0.0000000000
0.0000000000
0.0000000000
0.0000000000
0.0000000000
0.0000000000
0.0000000000
0.0000000000
0.0000000000
0.0000000000
0.0000000000
0.0000000000
0.0000000000
0.0000000000
0.0000000000
0.0000000000
0.0000000000
0.0000000000
0.0000000000
0.0000000000
0.0000000000
0.0000000000
0.0000000000
0.0000000000
0.0000000000
0.0000000000
0.0000000000
0.0000000000
0.0000000000
0.0000000000
0.0000000000
0.0000000000
0.0000000000
0.0000000000
0.0000000000
0.0000000000
0.0000000000
0.0000000000
0.0000000000
0.0000000000
0.0000000000
0.0000000000
-2048.0000000000
1341.1100517548
0.0000000000
-469.8130777022
0.0000000000
293.8624459169
0.0000000000
-217.2281411950
0.0000000000
173.6767546388
0.0000000000
-145.1376729130
0.0000000000
124.6541342188
0.0000000000
-108.9732422026
0.0000000000
96.3663425729
0.0000000000
-85.8257587171
0.0000000000
76.7202475113
0.0000000000
-68.6298694127
0.0000000000
61.2596899198
0.0000000000
-54.3912892079
0.0000000000
47.8536269581
0.0000000000
-41.5042421409
0.0000000000
35.2160053704
0.0000000000
-28.8666205532
0.0000000000
22.3289583034
0.0000000000
-15.4605575915
0.0000000000
8.0903780986
0.0000000000
-0.0000000000
0.0000000000
-9.1055112058
0.0000000000
19.6460950616
0.0000000000
-32.2529946913
0.0000000000
47.9338867075
0.0000000000
-68.4174254017
0.0000000000
96.9565071275
0.0000000000
-140.5078936837
0.0000000000
217.1421984056
0.0000000000
-393.0928301909
0.0000000000
1264.3898042435
0.0000000000
0.0000000000
0.0000000000
0.0000000000
0.0000000000
0.0000000000
0.0000000000
0.0000000000
0.0000000000
0.0000000000
0.0000000000
0.0000000000
0.0000000000
0.0000000000
0.0000000000
0.0000000000
0.0000000000
0.0000000000
0.0000000000
0.0000000000
0.0000000000
0.0000000000
0.0000000000
0.0000000000
0.0000000000
0.0000000000
0.0000000000
0.0000000000
0.0000000000
0.0000000000
0.0000000000
0.0000000000
0.0000000000
0.0000000000
0.0000000000
0.0000000000
0.0000000000
0.0000000000
0.0000000000
0.0000000000
0.0000000000
0.0000000000
0.0000000000
0.0000000000
0.0000000000
0.0000000000
0.0000000000
0.0000000000
0.0000000000
0.0000000000
0.0000000000
0.0000000000
0.0000000000
0.0000000000
0.0000000000
0.0000000000
0.0000000000
0.0000000000
0.0000000000
0.0000000000
0.0000000000
0.0000000000
0.0000000000
0.0000000000
2048.0000000000
-1333.0196736562
0.0000000000
461.7226996036
0.0000000000
-285.7720678183
0.0000000000
209.1377630964
0.0000000000
-165.5863765402
0.0000000000
137.0472948144
0.0000000000
-116.5637561202
0.0000000000
100.8828641040
0.0000000000
-88.2759644743
0.0000000000
77.7353806185
0.0000000000
-68.6298694127
0.0000000000
60.5394913141
0.0000000000
-53.1693118212
0.0000000000
46.3009111093
0.0000000000
-39.7632488595
0.0000000000
33.4138640423
0.0000000000
-27.1256272718
0.0000000000
20.7762424546
0.0000000000
-14.2385802048
0.0000000000
7.3701794929
0.0000000000
0.0000000000
0.0000000000
-8.0903780986
0.0000000000
17.1958893044
0.0000000000
-27.7364731602
0.0000000000
40.3433727899
0.0000000000
-56.0242648061
0.0000000000
76.5078035003
0.0000000000
-105.0468852261
0.0000000000
148.5982717823
0.0000000000
-225.2325765042
0.0000000000
401.1832082895
0.0000000000
-1272.4801823421
0.0000000000
0.0000000000
0.0000000000
0.0000000000
0.0000000000
0.0000000000
0.0000000000
0.0000000000
0.0000000000
0.0000000000
0.0000000000
0.0000000000
0.0000000000
0.0000000000
0.0000000000
0.0000000000
0.0000000000
0.0000000000
0.0000000000
0.0000000000
0.0000000000
0.0000000000
0.0000000000
0.0000000000
0.0000000000
0.0000000000
0.0000000000
0.0000000000
0.0000000000
0.0000000000
0.0000000000
0.0000000000
0.0000000000
0.0000000000
0.0000000000
0.0000000000
0.0000000000
0.0000000000
0.0000000000
0.0000000000
0.0000000000
0.0000000000
0.0000000000
0.0000000000
0.0000000000
0.0000000000
0.0000000000
0.0000000000
0.0000000000
0.0000000000
0.0000000000
0.0000000000
0.0000000000
0.0000000000
0.0000000000
0.0000000000
0.0000000000
0.0000000000
0.0000000000
0.0000000000
0.0000000000
0.0000000000
0.0000000000
0.0000000000
-2048.0000000000
1325.6494941633
0.0000000000
-454.3525201107
0.0000000000
278.4018883254
0.0000000000
-201.7675836035
0.0000000000
158.2161970472
0.0000000000
-129.6771153215
0.0000000000
109.1935766273
0.0000000000
-93.5126846111
0.0000000000
80.9057849814
0.0000000000
-70.3652011255
0.0000000000
61.2596899198
0.0000000000
-53.1693118212
0.0000000000
45.7991323283
0.0000000000
-38.9307316164
0.0000000000
32.3930693666
0.0000000000
-26.0436845494
0.0000000000
19.7554477789
0.0000000000
-13.4060629617
0.0000000000
6.8684007119
0.0000000000
0.0000000000
0.0000000000
-7.3701794929
0.0000000000
15.4605575915
0.0000000000
-24.5660687973
0.0000000000
35.1066526531
0.0000000000
-47.7135522828
0.0000000000
63.3944442990
0.0000000000
-83.8779829932
0.0000000000
112.4170647190
0.0000000000
-155.9684512753
0.0000000000
232.6027559972
0.0000000000
-408.5533877824
0.0000000000
1279.8503618351
0.0000000000
0.0000000000
0.0000000000
0.0000000000
0.0000000000
0.0000000000
0.0000000000
0.0000000000
0.0000000000
0.0000000000
0.0000000000
0.0000000000
0.0000000000
0.0000000000
0.0000000000
0.0000000000
0.0000000000
0.0000000000
0.0000000000
0.0000000000
0.0000000000
0.0000000000
0.0000000000
0.0000000000
0.0000000000
0.0000000000
0.0000000000
0.0000000000
0.0000000000
0.0000000000
0.0000000000
0.0000000000
0.0000000000
0.0000000000
0.0000000000
0.0000000000
0.0000000000
0.0000000000
0.0000000000
0.0000000000
0.0000000000
0.0000000000
0.0000000000
0.0000000000
0.0000000000
0.0000000000
0.0000000000
0.0000000000
0.0000000000
0.0000000000
0.0000000000
0.0000000000
0.0000000000
0.0000000000
0.0000000000
0.0000000000
0.0000000000
0.0000000000
0.0000000000
0.0000000000
0.0000000000
0.0000000000
0.0000000000
0.0000000000
2048.0000000000
-1318.7810934514
0.0000000000
447.4841193988
0.0000000000
-271.5334876135
0.0000000000
194.8991828916
0.0000000000
-151.3477963354
0.0000000000
122.8087146096
0.0000000000
-102.3251759154
0.0000000000
86.6442838992
0.0000000000
-74.0373842695
0.0000000000
63.4968004137
0.0000000000
-54.3912892079
0.0000000000
46.3009111093
0.0000000000
-38.9307316164
0.0000000000
32.0623309045
0.0000000000
-25.5246686547
0.0000000000
19.1752838375
0.0000000000
-12.8870470670
0.0000000000
6.5376622498
0.0000000000
0.0000000000
0.0000000000
-6.8684007119
0.0000000000
14.2385802048
0.0000000000
-22.3289583034
0.0000000000
31.4344695092
0.0000000000
-41.9750533650
0.0000000000
54.5819529947
0.0000000000
-70.2628450109
0.0000000000
90.7463837051
0.0000000000
-119.2854654309
0.0000000000
162.8368519871
0.0000000000
-239.4711567090
0.0000000000
415.4217884943
0.0000000000
-1286.7187625469
0.0000000000
0.0000000000
0.0000000000
0.0000000000
0.0000000000
0.0000000000
0.0000000000
0.0000000000
0.0000000000
0.0000000000
0.0000000000
0.0000000000
0.0000000000
0.0000000000
0.0000000000
0.0000000000
0.0000000000
0.0000000000
0.0000000000
0.0000000000
0.0000000000
0.0000000000
0.0000000000
0.0000000000
0.0000000000
0.0000000000
0.0000000000
0.0000000000
0.0000000000
0.0000000000
0.0000000000
0.0000000000
0.0000000000
0.0000000000
0.0000000000
0.0000000000
0.0000000000
0.0000000000
0.0000000000
0.0000000000
0.0000000000
0.0000000000
0.0000000000
0.0000000000
0.0000000000
0.0000000000
0.0000000000
0.0000000000
0.0000000000
0.0000000000
0.0000000000
0.0000000000
0.0000000000
0.0000000000
0.0000000000
0.0000000000
0.0000000000
0.0000000000
0.0000000000
0.0000000000
0.0000000000
0.0000000000
0.0000000000
0.0000000000
-2048.0000000000
1312.2434312016
0.0000000000
-440.9464571490
0.0000000000
264.9958253637
0.0000000000
-188.3615206418
0.0000000000
144.8101340856
0.0000000000
-116.2710523598
0.0000000000
95.7875136656
0.0000000000
-80.1066216494
0.0000000000
67.4997220197
0.0000000000
-56.9591381639
0.0000000000
47.8536269581
0.0000000000
-39.7632488595
0.0000000000
32.3930693666
0.0000000000
-25.5246686547
0.0000000000
18.9870064049
0.0000000000
-12.6376215877
0.0000000000
6.3493848172
0.0000000000
0.0000000000
0.0000000000
-6.5376622498
0.0000000000
13.4060629617
0.0000000000
-20.7762424546
0.0000000000
28.8666205532
0.0000000000
-37.9721317590
0.0000000000
48.5127156148
0.0000000000
-61.1196152445
0.0000000000
76.8005072607
0.0000000000
-97.2840459549
0.0000000000
125.8231276807
0.0000000000
-169.3745142369
0.0000000000
246.0088189588
0.0000000000
-421.9594507441
0.0000000000
1293.2564247967
0.0000000000
0.0000000000
0.0000000000
0.0000000000
0.0000000000
0.0000000000
0.0000000000
0.0000000000
0.0000000000
0.0000000000
0.0000000000
0.0000000000
0.0000000000
0.0000000000
0.0000000000
0.0000000000
0.0000000000
0.0000000000
0.0000000000
0.0000000000
0.0000000000
0.0000000000
0.0000000000
0.0000000000
0.0000000000
0.0000000000
0.0000000000
0.0000000000
0.0000000000
0.0000000000
0.0000000000
0.0000000000
0.0000000000
0.0000000000
0.0000000000
0.0000000000
0.0000000000
0.0000000000
0.0000000000
0.0000000000
0.0000000000
0.0000000000
0.0000000000
0.0000000000
0.0000000000
0.0000000000
0.0000000000
0.0000000000
0.0000000000
0.0000000000
0.0000000000
0.0000000000
0.0000000000
0.0000000000
0.0000000000
0.0000000000
0.0000000000
0.0000000000
0.0000000000
0.0000000000
0.0000000000
0.0000000000
0.0000000000
0.0000000000
2048.0000000000
-1305.8940463844
0.0000000000
434.5970723318
0.0000000000
-258.6464405465
0.0000000000
182.0121358246
0.0000000000
-138.4607492684
0.0000000000
109.9216675426
0.0000000000
-89.4381288484
0.0000000000
73.7572368322
0.0000000000
-61.1503372025
0.0000000000
50.6097533467
0.0000000000
-41.5042421409
0.0000000000
33.4138640423
0.0000000000
-26.0436845494
0.0000000000
19.1752838375
0.0000000000
-12.6376215877
0.0000000000
6.2882367705
0.0000000000
0.0000000000
0.0000000000
-6.3493848172
0.0000000000
12.8870470670
0.0000000000
-19.7554477789
0.0000000000
27.1256272718
0.0000000000
-35.2160053704
0.0000000000
44.3215165762
0.0000000000
-54.8621004320
0.0000000000
67.4690000617
0.0000000000
-83.1498920779
0.0000000000
103.6334307721
0.0000000000
-132.1725124979
0.0000000000
175.7238990541
0.0000000000
-252.3582037760
0.0000000000
428.3088355613
0.0000000000
-1299.6058096139
0.0000000000
0.0000000000
0.0000000000
0.0000000000
0.0000000000
0.0000000000
0.0000000000
0.0000000000
0.0000000000
0.0000000000
0.0000000000
0.0000000000
0.0000000000
0.0000000000
0.0000000000
0.0000000000
0.0000000000
0.0000000000
0.0000000000
0.0000000000
0.0000000000
0.0000000000
0.0000000000
0.0000000000
0.0000000000
0.0000000000
0.0000000000
0.0000000000
0.0000000000
0.0000000000
0.0000000000
0.0000000000
0.0000000000
0.0000000000
0.0000000000
0.0000000000
0.0000000000
0.0000000000
0.0000000000
0.0000000000
0.0000000000
0.0000000000
0.0000000000
0.0000000000
0.0000000000
0.0000000000
0.0000000000
0.0000000000
0.0000000000
0.0000000000
0.0000000000
0.0000000000
0.0000000000
0.0000000000
0.0000000000
0.0000000000
0.0000000000
0.0000000000
0.0000000000
0.0000000000
0.0000000000
0.0000000000
0.0000000000
0.0000000000
-2048.0000000000
1299.6058096139
0.0000000000
-428.3088355613
0.0000000000
252.3582037760
0.0000000000
-175.7238990541
0.0000000000
132.1725124979
0.0000000000
-103.6334307721
0.0000000000
83.1498920779
0.0000000000
-67.4690000617
0.0000000000
54.8621004320
0.0000000000
-44.3215165762
0.0000000000
35.2160053704
0.0000000000
-27.1256272718
0.0000000000
19.7554477789
0.0000000000
-12.8870470670
0.0000000000
6.3493848172
0.0000000000
0.0000000000
0.0000000000
-6.2882367705
0.0000000000
12.6376215877
0.0000000000
-19.1752838375
0.0000000000
26.0436845494
0.0000000000
-33.4138640423
0.0000000000
41.5042421409
0.0000000000
-50.6097533467
0.0000000000
61.1503372025
0.0000000000
-73.7572368322
0.0000000000
89.4381288484
0.0000000000
-109.9216675426
0.0000000000
138.4607492684
0.0000000000
-182.0121358246
0.0000000000
258.6464405465
0.0000000000
-434.5970723318
0.0000000000
1305.8940463844
0.0000000000
0.0000000000
0.0000000000
0.0000000000
0.0000000000
0.0000000000
0.0000000000
0.0000000000
0.0000000000
0.0000000000
0.0000000000
0.0000000000
0.0000000000
0.0000000000
0.0000000000
0.0000000000
0.0000000000
0.0000000000
0.0000000000
0.0000000000
0.0000000000
0.0000000000
0.0000000000
0.0000000000
0.0000000000
0.0000000000
0.0000000000
0.0000000000
0.0000000000
0.0000000000
0.0000000000
0.0000000000
0.0000000000
0.0000000000
0.0000000000
0.0000000000
0.0000000000
0.0000000000
0.0000000000
0.0000000000
0.0000000000
0.0000000000
0.0000000000
0.0000000000
0.0000000000
0.0000000000
0.0000000000
0.0000000000
0.0000000000
0.0000000000
0.0000000000
0.0000000000
0.0000000000
0.0000000000
0.0000000000
0.0000000000
0.0000000000
0.0000000000
0.0000000000
0.0000000000
0.0000000000
0.0000000000
0.0000000000
0.0000000000
2048.0000000000
-1293.2564247967
0.0000000000
421.9594507441
0.0000000000
-246.0088189588
0.0000000000
169.3745142369
0.0000000000
-125.8231276807
0.0000000000
97.2840459549
0.0000000000
-76.8005072607
0.0000000000
61.1196152445
0.0000000000
-48.5127156148
0.0000000000
37.9721317590
0.0000000000
-28.8666205532
0.0000000000
20.7762424546
0.0000000000
-13.4060629617
0.0000000000
6.5376622498
0.0000000000
0.0000000000
0.0000000000
-6.3493848172
0.0000000000
12.6376215877
0.0000000000
-18.9870064049
0.0000000000
25.5246686547
0.0000000000
-32.3930693666
0.0000000000
39.7632488595
0.0000000000
-47.8536269581
0.0000000000
56.9591381639
0.0000000000
-67.4997220197
0.0000000000
80.1066216494
0.0000000000
-95.7875136656
0.0000000000
116.2710523598
0.0000000000
-144.8101340856
0.0000000000
188.3615206418
0.0000000000
-264.9958253637
0.0000000000
440.9464571490
0.0000000000
-1312.2434312016
0.0000000000
0.0000000000
0.0000000000
0.0000000000
0.0000000000
0.0000000000
0.0000000000
0.0000000000
0.0000000000
0.0000000000
0.0000000000
0.0000000000
0.0000000000
0.0000000000
0.0000000000
0.0000000000
0.0000000000
0.0000000000
0.0000000000
0.0000000000
0.0000000000
0.0000000000
0.0000000000
0.0000000000
0.0000000000
0.0000000000
0.0000000000
0.0000000000
0.0000000000
0.0000000000
0.0000000000
0.0000000000
0.0000000000
0.0000000000
0.0000000000
0.0000000000
0.0000000000
0.0000000000
0.0000000000
0.0000000000
0.0000000000
0.0000000000
0.0000000000
0.0000000000
0.0000000000
0.0000000000
0.0000000000
0.0000000000
0.0000000000
0.0000000000
0.0000000000
0.0000000000
0.0000000000
0.0000000000
0.0000000000
0.0000000000
0.0000000000
0.0000000000
0.0000000000
0.0000000000
0.0000000000
0.0000000000
0.0000000000
0.0000000000
-2048.0000000000
1286.7187625469
0.0000000000
-415.4217884943
0.0000000000
239.4711567090
0.0000000000
-162.8368519871
0.0000000000
119.2854654309
0.0000000000
-90.7463837051
0.0000000000
70.2628450109
0.0000000000
-54.5819529947
0.0000000000
41.9750533650
0.0000000000
-31.4344695092
0.0000000000
22.3289583034
0.0000000000
-14.2385802048
0.0000000000
6.8684007119
0.0000000000
0.0000000000
0.0000000000
-6.5376622498
0.0000000000
12.8870470670
0.0000000000
-19.1752838375
0.0000000000
25.5246686547
0.0000000000
-32.0623309045
0.0000000000
38.9307316164
0.0000000000
-46.3009111093
0.0000000000
54.3912892079
0.0000000000
-63.4968004137
0.0000000000
74.0373842695
0.0000000000
-86.6442838992
0.0000000000
102.3251759154
0.0000000000
-122.8087146096
0.0000000000
151.3477963354
0.0000000000
-194.8991828916
0.0000000000
271.5334876135
0.0000000000
-447.4841193988
0.0000000000
1318.7810934514
0.0000000000
0.0000000000
0.0000000000
0.0000000000
0.0000000000
0.0000000000
0.0000000000
0.0000000000
0.0000000000
0.0000000000
0.0000000000
0.0000000000
0.0000000000
0.0000000000
0.0000000000
0.0000000000
0.0000000000
0.0000000000
0.0000000000
0.0000000000
0.0000000000
0.0000000000
0.0000000000
0.0000000000
0.0000000000
0.0000000000
0.0000000000
0.0000000000
0.0000000000
0.0000000000
0.0000000000
0.0000000000
0.0000000000
0.0000000000
0.0000000000
0.0000000000
0.0000000000
0.0000000000
0.0000000000
0.0000000000
0.0000000000
0.0000000000
0.0000000000
0.0000000000
0.0000000000
0.0000000000
0.0000000000
0.0000000000
0.0000000000
0.0000000000
0.0000000000
0.0000000000
0.0000000000
0.0000000000
0.0000000000
0.0000000000
0.0000000000
0.0000000000
0.0000000000
0.0000000000
0.0000000000
0.0000000000
0.0000000000
0.0000000000
2048.0000000000
-1279.8503618351
0.0000000000
408.5533877824
0.0000000000
-232.6027559972
0.0000000000
155.9684512753
0.0000000000
-112.4170647190
0.0000000000
83.8779829932
0.0000000000
-63.3944442990
0.0000000000
47.7135522828
0.0000000000
-35.1066526531
0.0000000000
24.5660687973
0.0000000000
-15.4605575915
0.0000000000
7.3701794929
0.0000000000
-0.0000000000
0.0000000000
-6.8684007119
0.0000000000
13.4060629617
0.0000000000
-19.7554477789
0.0000000000
26.0436845494
0.0000000000
-32.3930693666
0.0000000000
38.9307316164
0.0000000000
-45.7991323283
0.0000000000
53.1693118212
0.0000000000
-61.2596899198
0.0000000000
70.3652011255
0.0000000000
-80.9057849814
0.0000000000
93.5126846111
0.0000000000
-109.1935766273
0.0000000000
129.6771153215
0.0000000000
-158.2161970472
0.0000000000
201.7675836035
0.0000000000
-278.4018883254
0.0000000000
454.3525201107
0.0000000000
-1325.6494941633
0.0000000000
0.0000000000
0.0000000000
0.0000000000
0.0000000000
0.0000000000
0.0000000000
0.0000000000
0.0000000000
0.0000000000
0.0000000000
0.0000000000
0.0000000000
0.0000000000
0.0000000000
0.0000000000
0.0000000000
0.0000000000
0.0000000000
0.0000000000
0.0000000000
0.0000000000
0.0000000000
0.0000000000
0.0000000000
0.0000000000
0.0000000000
0.0000000000
0.0000000000
0.0000000000
0.0000000000
0.0000000000
0.0000000000
0.0000000000
0.0000000000
0.0000000000
0.0000000000
0.0000000000
0.0000000000
0.0000000000
0.0000000000
0.0000000000
0.0000000000
0.0000000000
0.0000000000
0.0000000000
0.0000000000
0.0000000000
0.0000000000
0.0000000000
0.0000000000
0.0000000000
0.0000000000
0.0000000000
0.0000000000
0.0000000000
0.0000000000
0.0000000000
0.0000000000
0.0000000000
0.0000000000
0.0000000000
0.0000000000
0.0000000000
-2048.0000000000
1272.4801823421
0.0000000000
-401.1832082895
0.0000000000
225.2325765042
0.0000000000
-148.5982717823
0.0000000000
105.0468852261
0.0000000000
-76.5078035003
0.0000000000
56.0242648061
0.0000000000
-40.3433727899
0.0000000000
27.7364731602
0.0000000000
-17.1958893044
0.0000000000
8.0903780986
0.0000000000
-0.0000000000
0.0000000000
-7.3701794929
0.0000000000
14.2385802048
0.0000000000
-20.7762424546
0.0000000000
27.1256272718
0.0000000000
-33.4138640423
0.0000000000
39.7632488595
0.0000000000
-46.3009111093
0.0000000000
53.1693118212
0.0000000000
-60.5394913141
0.0000000000
68.6298694127
0.0000000000
-77.7353806185
0.0000000000
88.2759644743
0.0000000000
-100.8828641040
0.0000000000
116.5637561202
0.0000000000
-137.0472948144
0.0000000000
165.5863765402
0.0000000000
-209.1377630964
0.0000000000
285.7720678183
0.0000000000
-461.7226996036
0.0000000000
1333.0196736562
0.0000000000
0.0000000000
0.0000000000
0.0000000000
0.0000000000
0.0000000000
0.0000000000
0.0000000000
0.0000000000
0.0000000000
0.0000000000
0.0000000000
0.0000000000
0.0000000000
0.0000000000
0.0000000000
0.0000000000
0.0000000000
0.0000000000
0.0000000000
0.0000000000
0.0000000000
0.0000000000
0.0000000000
0.0000000000
0.0000000000
0.0000000000
0.0000000000
0.0000000000
0.0000000000
0.0000000000
0.0000000000
0.0000000000
0.0000000000
0.0000000000
0.0000000000
0.0000000000
0.0000000000
0.0000000000
0.0000000000
0.0000000000
0.0000000000
0.0000000000
0.0000000000
0.0000000000
0.0000000000
0.0000000000
0.0000000000
0.0000000000
0.0000000000
0.0000000000
0.0000000000
0.0000000000
0.0000000000
0.0000000000
0.0000000000
0.0000000000
0.0000000000
0.0000000000
0.0000000000
0.0000000000
0.0000000000
0.0000000000
0.0000000000
2048.0000000000
-1264.3898042435
0.0000000000
393.0928301909
0.0000000000
-217.1421984056
0.0000000000
140.5078936837
0.0000000000
-96.9565071275
0.0000000000
68.4174254017
0.0000000000
-47.9338867075
0.0000000000
32.2529946913
0.0000000000
-19.6460950616
0.0000000000
9.1055112058
0.0000000000
-0.0000000000
0.0000000000
-8.0903780986
0.0000000000
15.4605575915
0.0000000000
-22.3289583034
0.0000000000
28.8666205532
0.0000000000
-35.2160053704
0.0000000000
41.5042421409
0.0000000000
-47.8536269581
0.0000000000
54.3912892079
0.0000000000
-61.2596899198
0.0000000000
68.6298694127
0.0000000000
-76.7202475113
0.0000000000
85.8257587171
0.0000000000
-96.3663425729
0.0000000000
108.9732422026
0.0000000000
-124.6541342188
0.0000000000
145.1376729130
0.0000000000
-173.6767546388
0.0000000000
217.2281411950
0.0000000000
-293.8624459169
0.0000000000
469.8130777022
0.0000000000
-1341.1100517548
0.0000000000
0.0000000000
0.0000000000
0.0000000000
0.0000000000
0.0000000000
0.0000000000
0.0000000000
0.0000000000
0.0000000000
0.0000000000
0.0000000000
0.0000000000
0.0000000000
0.0000000000
0.0000000000
0.0000000000
0.0000000000
0.0000000000
0.0000000000
0.0000000000
0.0000000000
0.0000000000
0.0000000000
0.0000000000
0.0000000000
0.0000000000
0.0000000000
0.0000000000
0.0000000000
0.0000000000
0.0000000000
0.0000000000
0.0000000000
0.0000000000
0.0000000000
0.0000000000
0.0000000000
0.0000000000
0.0000000000
0.0000000000
0.0000000000
0.0000000000
0.0000000000
0.0000000000
0.0000000000
0.0000000000
0.0000000000
0.0000000000
0.0000000000
0.0000000000
0.0000000000
0.0000000000
0.0000000000
0.0000000000
0.0000000000
0.0000000000
0.0000000000
0.0000000000
0.0000000000
0.0000000000
0.0000000000
0.0000000000
0.0000000000
-2048.0000000000
1255.2842930378
0.0000000000
-383.9873189851
0.0000000000
208.0366871999
0.0000000000
-131.4023824780
0.0000000000
87.8509959217
0.0000000000
-59.3119141959
0.0000000000
38.8283755017
0.0000000000
-23.1474834855
0.0000000000
10.5405838558
0.0000000000
-0.0000000000
0.0000000000
-9.1055112058
0.0000000000
17.1958893044
0.0000000000
-24.5660687973
0.0000000000
31.4344695092
0.0000000000
-37.9721317590
0.0000000000
44.3215165762
0.0000000000
-50.6097533467
0.0000000000
56.9591381639
0.0000000000
-63.4968004137
0.0000000000
70.3652011255
0.0000000000
-77.7353806185
0.0000000000
85.8257587171
0.0000000000
-94.9312699228
0.0000000000
105.4718537786
0.0000000000
-118.0787534084
0.0000000000
133.7596454246
0.0000000000
-154.2431841188
0.0000000000
182.7822658445
0.0000000000
-226.3336524008
0.0000000000
302.9679571227
0.0000000000
-478.9185889080
0.0000000000
1350.2155629606
0.0000000000
0.0000000000
0.0000000000
0.0000000000
0.0000000000
0.0000000000
0.0000000000
0.0000000000
0.0000000000
0.0000000000
0.0000000000
0.0000000000
0.0000000000
0.0000000000
0.0000000000
0.0000000000
0.0000000000
0.0000000000
0.0000000000
0.0000000000
0.0000000000
0.0000000000
0.0000000000
0.0000000000
0.0000000000
0.0000000000
0.0000000000
0.0000000000
0.0000000000
0.0000000000
0.0000000000
0.0000000000
0.0000000000
0.0000000000
0.0000000000
0.0000000000
0.0000000000
0.0000000000
0.0000000000
0.0000000000
0.0000000000
0.0000000000
0.0000000000
0.0000000000
0.0000000000
0.0000000000
0.0000000000
0.0000000000
0.0000000000
0.0000000000
0.0000000000
0.0000000000
0.0000000000
0.0000000000
0.0000000000
0.0000000000
0.0000000000
0.0000000000
0.0000000000
0.0000000000
0.0000000000
0.0000000000
0.0000000000
0.0000000000
2048.0000000000
-1244.7437091820
0.0000000000
373.4467351293
0.0000000000
-197.4961033441
0.0000000000
120.8617986222
0.0000000000
-77.3104120659
0.0000000000
48.7713303401
0.0000000000
-28.2877916459
0.0000000000
12.6068996297
0.0000000000
0.0000000000
0.0000000000
-10.5405838558
0.0000000000
19.6460950616
0.0000000000
-27.7364731602
0.0000000000
35.1066526531
0.0000000000
-41.9750533650
0.0000000000
48.5127156148
0.0000000000
-54.8621004320
0.0000000000
61.1503372025
0.0000000000
-67.4997220197
0.0000000000
74.0373842695
0.0000000000
-80.9057849814
0.0000000000
88.2759644743
0.0000000000
-96.3663425729
0.0000000000
105.4718537786
0.0000000000
-116.0124376345
0.0000000000
128.6193372642
0.0000000000
-144.3002292804
0.0000000000
164.7837679746
0.0000000000
-193.3228497003
0.0000000000
236.8742362566
0.0000000000
-313.5085409785
0.0000000000
489.4591727638
0.0000000000
-1360.7561468164
0.0000000000
0.0000000000
0.0000000000
0.0000000000
0.0000000000
0.0000000000
0.0000000000
0.0000000000
0.0000000000
0.0000000000
0.0000000000
0.0000000000
0.0000000000
0.0000000000
0.0000000000
0.0000000000
0.0000000000
0.0000000000
0.0000000000
0.0000000000
0.0000000000
0.0000000000
0.0000000000
0.0000000000
0.0000000000
0.0000000000
0.0000000000
0.0000000000
0.0000000000
0.0000000000
0.0000000000
0.0000000000
0.0000000000
0.0000000000
0.0000000000
0.0000000000
0.0000000000
0.0000000000
0.0000000000
0.0000000000
0.0000000000
0.0000000000
0.0000000000
0.0000000000
0.0000000000
0.0000000000
0.0000000000
0.0000000000
0.0000000000
0.0000000000
0.0000000000
0.0000000000
0.0000000000
0.0000000000
0.0000000000
0.0000000000
0.0000000000
0.0000000000
0.0000000000
0.0000000000
0.0000000000
0.0000000000
0.0000000000
0.0000000000
-2048.0000000000
1232.1368095522
0.0000000000
-360.8398354996
0.0000000000
184.8892037143
0.0000000000
-108.2548989924
0.0000000000
64.7035124362
0.0000000000
-36.1644307104
0.0000000000
15.6808920162
0.0000000000
-0.0000000000
0.0000000000
-12.6068996297
0.0000000000
23.1474834855
0.0000000000
-32.2529946913
0.0000000000
40.3433727899
0.0000000000
-47.7135522828
0.0000000000
54.5819529947
0.0000000000
-61.1196152445
0.0000000000
67.4690000617
0.0000000000
-73.7572368322
0.0000000000
80.1066216494
0.0000000000
-86.6442838992
0.0000000000
93.5126846111
0.0000000000
-100.8828641040
0.0000000000
108.9732422026
0.0000000000
-118.0787534084
0.0000000000
128.6193372642
0.0000000000
-141.2262368939
0.0000000000
156.9071289101
0.0000000000
-177.3906676043
0.0000000000
205.9297493301
0.0000000000
-249.4811358863
0.0000000000
326.1154406082
0.0000000000
-502.0660723935
0.0000000000
1373.3630464461
0.0000000000
0.0000000000
0.0000000000
0.0000000000
0.0000000000
0.0000000000
0.0000000000
0.0000000000
0.0000000000
0.0000000000
0.0000000000
0.0000000000
0.0000000000
0.0000000000
0.0000000000
0.0000000000
0.0000000000
0.0000000000
0.0000000000
0.0000000000
0.0000000000
0.0000000000
0.0000000000
0.0000000000
0.0000000000
0.0000000000
0.0000000000
0.0000000000
0.0000000000
0.0000000000
0.0000000000
0.0000000000
0.0000000000
0.0000000000
0.0000000000
0.0000000000
0.0000000000
0.0000000000
0.0000000000
0.0000000000
0.0000000000
0.0000000000
0.0000000000
0.0000000000
0.0000000000
0.0000000000
0.0000000000
0.0000000000
0.0000000000
0.0000000000
0.0000000000
0.0000000000
0.0000000000
0.0000000000
0.0000000000
0.0000000000
0.0000000000
0.0000000000
0.0000000000
0.0000000000
0.0000000000
0.0000000000
0.0000000000
0.0000000000
2048.0000000000
-1216.4559175360
0.0000000000
345.1589434834
0.0000000000
-169.2083116981
0.0000000000
92.5740069762
0.0000000000
-49.0226204200
0.0000000000
20.4835386942
0.0000000000
0.0000000000
0.0000000000
-15.6808920162
0.0000000000
28.2877916459
0.0000000000
-38.8283755017
0.0000000000
47.9338867075
0.0000000000
-56.0242648061
0.0000000000
63.3944442990
0.0000000000
-70.2628450109
0.0000000000
76.8005072607
0.0000000000
-83.1498920779
0.0000000000
89.4381288484
0.0000000000
-95.7875136656
0.0000000000
102.3251759154
0.0000000000
-109.1935766273
0.0000000000
116.5637561202
0.0000000000
-124.6541342188
0.0000000000
133.7596454246
0.0000000000
-144.3002292804
0.0000000000
156.9071289101
0.0000000000
-172.5880209263
0.0000000000
193.0715596205
0.0000000000
-221.6106413463
0.0000000000
265.1620279025
0.0000000000
-341.7963326244
0.0000000000
517.7469644097
0.0000000000
-1389.0439384623
0.0000000000
0.0000000000
0.0000000000
0.0000000000
0.0000000000
0.0000000000
0.0000000000
0.0000000000
0.0000000000
0.0000000000
0.0000000000
0.0000000000
0.0000000000
0.0000000000
0.0000000000
0.0000000000
0.0000000000
0.0000000000
0.0000000000
0.0000000000
0.0000000000
0.0000000000
0.0000000000
0.0000000000
0.0000000000
0.0000000000
0.0000000000
0.0000000000
0.0000000000
0.0000000000
0.0000000000
0.0000000000
0.0000000000
0.0000000000
0.0000000000
0.0000000000
0.0000000000
0.0000000000
0.0000000000
0.0000000000
0.0000000000
0.0000000000
0.0000000000
0.0000000000
0.0000000000
0.0000000000
0.0000000000
0.0000000000
0.0000000000
0.0000000000
0.0000000000
0.0000000000
0.0000000000
0.0000000000
0.0000000000
0.0000000000
0.0000000000
0.0000000000
0.0000000000
0.0000000000
0.0000000000
0.0000000000
0.0000000000
0.0000000000
-2048.0000000000
1195.9723788418
0.0000000000
-324.6754047892
0.0000000000
148.7247730039
0.0000000000
-72.0904682820
0.0000000000
28.5390817258
0.0000000000
0.0000000000
0.0000000000
-20.4835386942
0.0000000000
36.1644307104
0.0000000000
-48.7713303401
0.0000000000
59.3119141959
0.0000000000
-68.4174254017
0.0000000000
76.5078035003
0.0000000000
-83.8779829932
0.0000000000
90.7463837051
0.0000000000
-97.2840459549
0.0000000000
103.6334307721
0.0000000000
-109.9216675426
0.0000000000
116.2710523598
0.0000000000
-122.8087146096
0.0000000000
129.6771153215
0.0000000000
-137.0472948144
0.0000000000
145.1376729130
0.0000000000
-154.2431841188
0.0000000000
164.7837679746
0.0000000000
-177.3906676043
0.0000000000
193.0715596205
0.0000000000
-213.5550983147
0.0000000000
242.0941800405
0.0000000000
-285.6455665967
0.0000000000
362.2798713186
0.0000000000
-538.2305031039
0.0000000000
1409.5274771565
0.0000000000
0.0000000000
0.0000000000
0.0000000000
0.0000000000
0.0000000000
0.0000000000
0.0000000000
0.0000000000
0.0000000000
0.0000000000
0.0000000000
0.0000000000
0.0000000000
0.0000000000
0.0000000000
0.0000000000
0.0000000000
0.0000000000
0.0000000000
0.0000000000
0.0000000000
0.0000000000
0.0000000000
0.0000000000
0.0000000000
0.0000000000
0.0000000000
0.0000000000
0.0000000000
0.0000000000
0.0000000000
0.0000000000
0.0000000000
0.0000000000
0.0000000000
0.0000000000
0.0000000000
0.0000000000
0.0000000000
0.0000000000
0.0000000000
0.0000000000
0.0000000000
0.0000000000
0.0000000000
0.0000000000
0.0000000000
0.0000000000
0.0000000000
0.0000000000
0.0000000000
0.0000000000
0.0000000000
0.0000000000
0.0000000000
0.0000000000
0.0000000000
0.0000000000
0.0000000000
0.0000000000
0.0000000000
0.0000000000
0.0000000000
2048.0000000000
-1167.4332971161
0.0000000000
296.1363230634
0.0000000000
-120.1856912782
0.0000000000
43.5513865563
0.0000000000
-0.0000000000
0.0000000000
-28.5390817258
0.0000000000
49.0226204200
0.0000000000
-64.7035124362
0.0000000000
77.3104120659
0.0000000000
-87.8509959217
0.0000000000
96.9565071275
0.0000000000
-105.0468852261
0.0000000000
112.4170647190
0.0000000000
-119.2854654309
0.0000000000
125.8231276807
0.0000000000
-132.1725124979
0.0000000000
138.4607492684
0.0000000000
-144.8101340856
0.0000000000
151.3477963354
0.0000000000
-158.2161970472
0.0000000000
165.5863765402
0.0000000000
-173.6767546388
0.0000000000
182.7822658445
0.0000000000
-193.3228497003
0.0000000000
205.9297493301
0.0000000000
-221.6106413463
0.0000000000
242.0941800405
0.0000000000
-270.6332617662
0.0000000000
314.1846483225
0.0000000000
-390.8189530444
0.0000000000
566.7695848297
0.0000000000
-1438.0665588823
0.0000000000
0.0000000000
0.0000000000
0.0000000000
0.0000000000
0.0000000000
0.0000000000
0.0000000000
0.0000000000
0.0000000000
0.0000000000
0.0000000000
0.0000000000
0.0000000000
0.0000000000
0.0000000000
0.0000000000
0.0000000000
0.0000000000
0.0000000000
0.0000000000
0.0000000000
0.0000000000
0.0000000000
0.0000000000
0.0000000000
0.0000000000
0.0000000000
0.0000000000
0.0000000000
0.0000000000
0.0000000000
0.0000000000
0.0000000000
0.0000000000
0.0000000000
0.0000000000
0.0000000000
0.0000000000
0.0000000000
0.0000000000
0.0000000000
0.0000000000
0.0000000000
0.0000000000
0.0000000000
0.0000000000
0.0000000000
0.0000000000
0.0000000000
0.0000000000
0.0000000000
0.0000000000
0.0000000000
0.0000000000
0.0000000000
0.0000000000
0.0000000000
0.0000000000
0.0000000000
0.0000000000
0.0000000000
0.0000000000
0.0000000000
-2048.0000000000
1123.8819105598
0.0000000000
-252.5849365072
0.0000000000
76.6343047219
0.0000000000
0.0000000000
0.0000000000
-43.5513865563
0.0000000000
72.0904682820
0.0000000000
-92.5740069762
0.0000000000
108.2548989924
0.0000000000
-120.8617986222
0.0000000000
131.4023824780
0.0000000000
-140.5078936837
0.0000000000
148.5982717823
0.0000000000
-155.9684512753
0.0000000000
162.8368519871
0.0000000000
-169.3745142369
0.0000000000
175.7238990541
0.0000000000
-182.0121358246
0.0000000000
188.3615206418
0.0000000000
-194.8991828916
0.0000000000
201.7675836035
0.0000000000
-209.1377630964
0.0000000000
217.2281411950
0.0000000000
-226.3336524008
0.0000000000
236.8742362566
0.0000000000
-249.4811358863
0.0000000000
265.1620279025
0.0000000000
-285.6455665967
0.0000000000
314.1846483225
0.0000000000
-357.7360348788
0.0000000000
434.3703396007
0.0000000000
-610.3209713859
0.0000000000
1481.6179454386
0.0000000000
0.0000000000
0.0000000000
0.0000000000
0.0000000000
0.0000000000
0.0000000000
0.0000000000
0.0000000000
0.0000000000
0.0000000000
0.0000000000
0.0000000000
0.0000000000
0.0000000000
0.0000000000
0.0000000000
0.0000000000
0.0000000000
0.0000000000
0.0000000000
0.0000000000
0.0000000000
0.0000000000
0.0000000000
0.0000000000
0.0000000000
0.0000000000
0.0000000000
0.0000000000
0.0000000000
0.0000000000
0.0000000000
0.0000000000
0.0000000000
0.0000000000
0.0000000000
0.0000000000
0.0000000000
0.0000000000
0.0000000000
0.0000000000
0.0000000000
0.0000000000
0.0000000000
0.0000000000
0.0000000000
0.0000000000
0.0000000000
0.0000000000
0.0000000000
0.0000000000
0.0000000000
0.0000000000
0.0000000000
0.0000000000
0.0000000000
0.0000000000
0.0000000000
0.0000000000
0.0000000000
0.0000000000
0.0000000000
0.0000000000
2048.0000000000
-1047.2476058379
0.0000000000
175.9506317853
0.0000000000
0.0000000000
0.0000000000
-76.6343047219
0.0000000000
120.1856912782
0.0000000000
-148.7247730039
0.0000000000
169.2083116981
0.0000000000
-184.8892037143
0.0000000000
197.4961033441
0.0000000000
-208.0366871999
0.0000000000
217.1421984056
0.0000000000
-225.2325765042
0.0000000000
232.6027559972
0.0000000000
-239.4711567090
0.0000000000
246.0088189588
0.0000000000
-252.3582037760
0.0000000000
258.6464405465
0.0000000000
-264.9958253637
0.0000000000
271.5334876135
0.0000000000
-278.4018883254
0.0000000000
285.7720678183
0.0000000000
-293.8624459169
0.0000000000
302.9679571227
0.0000000000
-313.5085409785
0.0000000000
326.1154406082
0.0000000000
-341.7963326244
0.0000000000
362.2798713186
0.0000000000
-390.8189530444
0.0000000000
434.3703396007
0.0000000000
-511.0046443226
0.0000000000
686.9552761078
0.0000000000
-1558.2522501605
0.0000000000
0.0000000000
0.0000000000
0.0000000000
0.0000000000
0.0000000000
0.0000000000
0.0000000000
0.0000000000
0.0000000000
0.0000000000
0.0000000000
0.0000000000
0.0000000000
0.0000000000
0.0000000000
0.0000000000
0.0000000000
0.0000000000
0.0000000000
0.0000000000
0.0000000000
0.0000000000
0.0000000000
0.0000000000
0.0000000000
0.0000000000
0.0000000000
0.0000000000
0.0000000000
0.0000000000
0.0000000000
0.0000000000
0.0000000000
0.0000000000
0.0000000000
0.0000000000
0.0000000000
0.0000000000
0.0000000000
0.0000000000
0.0000000000
0.0000000000
0.0000000000
0.0000000000
0.0000000000
0.0000000000
0.0000000000
0.0000000000
0.0000000000
0.0000000000
0.0000000000
0.0000000000
0.0000000000
0.0000000000
0.0000000000
0.0000000000
0.0000000000
0.0000000000
0.0000000000
0.0000000000
0.0000000000
0.0000000000
0.0000000000
-2048.0000000000
871.2969740526
0.0000000000
0.0000000000
0.0000000000
-175.9506317853
0.0000000000
252.5849365072
0.0000000000
-296.1363230634
0.0000000000
324.6754047892
0.0000000000
-345.1589434834
0.0000000000
360.8398354996
0.0000000000
-373.4467351293
0.0000000000
383.9873189851
0.0000000000
-393.0928301909
0.0000000000
401.1832082895
0.0000000000
-408.5533877824
0.0000000000
415.4217884943
0.0000000000
-421.9594507441
0.0000000000
428.3088355613
0.0000000000
-434.5970723318
0.0000000000
440.9464571490
0.0000000000
-447.4841193988
0.0000000000
454.3525201107
0.0000000000
-461.7226996036
0.0000000000
469.8130777022
0.0000000000
-478.9185889080
0.0000000000
489.4591727638
0.0000000000
-502.0660723935
0.0000000000
517.7469644097
0.0000000000
-538.2305031039
0.0000000000
566.7695848297
0.0000000000
-610.3209713860
0.0000000000
686.9552761078
0.0000000000
-862.9059078931
0.0000000000
1734.2028819457
0.0000000000
0.0000000000
0.0000000000
0.0000000000
0.0000000000
0.0000000000
0.0000000000
0.0000000000
0.0000000000
0.0000000000
0.0000000000
0.0000000000
0.0000000000
0.0000000000
0.0000000000
0.0000000000
0.0000000000
0.0000000000
0.0000000000
0.0000000000
0.0000000000
0.0000000000
0.0000000000
0.0000000000
0.0000000000
0.0000000000
0.0000000000
0.0000000000
0.0000000000
0.0000000000
0.0000000000
0.0000000000
0.0000000000
0.0000000000
0.0000000000
0.0000000000
0.0000000000
0.0000000000
0.0000000000
0.0000000000
0.0000000000
0.0000000000
0.0000000000
0.0000000000
0.0000000000
0.0000000000
0.0000000000
0.0000000000
0.0000000000
0.0000000000
0.0000000000
0.0000000000
0.0000000000
0.0000000000
0.0000000000
0.0000000000
0.0000000000
0.0000000000
0.0000000000
0.0000000000
0.0000000000
0.0000000000
0.0000000000
0.0000000000
2048.0000000000
0.0000000000
0.0000000000
-871.2969740526
0.0000000000
1047.2476058379
0.0000000000
-1123.8819105598
0.0000000000
1167.4332971161
0.0000000000
-1195.9723788418
0.0000000000
1216.4559175360
0.0000000000
-1232.1368095522
0.0000000000
1244.7437091820
0.0000000000
-1255.2842930378
0.0000000000
1264.3898042435
0.0000000000
-1272.4801823421
0.0000000000
1279.8503618351
0.0000000000
-1286.7187625469
0.0000000000
1293.2564247967
0.0000000000
-1299.6058096139
0.0000000000
1305.8940463844
0.0000000000
-1312.2434312016
0.0000000000
1318.7810934514
0.0000000000
-1325.6494941633
0.0000000000
1333.0196736562
0.0000000000
-1341.1100517548
0.0000000000
1350.2155629606
0.0000000000
-1360.7561468164
0.0000000000
1373.3630464461
0.0000000000
-1389.0439384623
0.0000000000
1409.5274771565
0.0000000000
-1438.0665588823
0.0000000000
1481.6179454386
0.0000000000
-1558.2522501605
0.0000000000
1734.2028819457
0.0000000000
-2605.4998559984
