65536.0000000000 -41687.9976959738 0.0000000000 13806.4945262899 0.0000000000 -8176.0743091611 0.0000000000 5723.7765580605 0.0000000000 -4330.1321882596 0.0000000000 3416.8815730350 0.0000000000 -2761.4083348208 0.0000000000 2259.6197903022 0.0000000000 -1856.1990021512 0.0000000000 1518.9003187651 0.0000000000 -1227.5239601806 0.0000000000 968.6318610254 0.0000000000 -732.7861172521 0.0000000000 512.9972944718 0.0000000000 -303.7921024785 0.0000000000 100.6117883279 0.0000000000 100.6117883279 0.0000000000 -303.7921024785 0.0000000000 512.9972944718 0.0000000000 -732.7861172521 0.0000000000 968.6318610254 0.0000000000 -1227.5239601806 0.0000000000 1518.9003187651 0.0000000000 -1856.1990021512 0.0000000000 2259.6197903022 0.0000000000 -2761.4083348208 0.0000000000 3416.8815730350 0.0000000000 -4330.1321882596 0.0000000000 5723.7765580605 0.0000000000 -8176.0743091611 0.0000000000 13806.4945262899 0.0000000000 -41687.9976959738
-41687.9976959738 26454.0839828417 0.0000000000 -8718.4266357643 0.0000000000 5136.8692468631 0.0000000000 -3576.9421381332 0.0000000000 2690.4332990635 0.0000000000 -2109.5069449478 0.0000000000 1692.5549362130 0.0000000000 -1373.3630464461 0.0000000000 1116.7437091820 0.0000000000 -902.1851957564 0.0000000000 716.8382571985 0.0000000000 -552.1548277386 0.0000000000 402.1313776802 0.0000000000 -262.3218693540 0.0000000000 129.2446970853 0.0000000000 -0.0000000000 0.0000000000 -128.0000000000 0.0000000000 257.2446970853 0.0000000000 -390.3218693540 0.0000000000 530.1313776802 0.0000000000 -680.1548277386 0.0000000000 844.8382571985 0.0000000000 -1030.1851957564 0.0000000000 1244.7437091820 0.0000000000 -1501.3630464461 0.0000000000 1820.5549362130 0.0000000000 -2237.5069449478 0.0000000000 2818.4332990635 0.0000000000 -3704.9421381332 0.0000000000 5264.8692468631 0.0000000000 -8846.4266357643 0.0000000000 26582.0839828417
0.0000000000 0.0000000000 0.0000000000 0.0000000000 0.0000000000 0.0000000000 0.0000000000 0.0000000000 0.0000000000 0.0000000000 0.0000000000 0.0000000000 0.0000000000 0.0000000000 0.0000000000 0.0000000000 0.0000000000 0.0000000000 0.0000000000 0.0000000000 0.0000000000 0.0000000000 0.0000000000 0.0000000000 0.0000000000 0.0000000000 0.0000000000 0.0000000000 0.0000000000 0.0000000000 0.0000000000 0.0000000000 0.0000000000 0.0000000000 0.0000000000 0.0000000000 0.0000000000 0.0000000000 0.0000000000 0.0000000000 0.0000000000 0.0000000000 0.0000000000 0.0000000000 0.0000000000 0.0000000000 0.0000000000 0.0000000000 0.0000000000 0.0000000000 0.0000000000 0.0000000000 0.0000000000 0.0000000000 0.0000000000 0.0000000000 0.0000000000 0.0000000000 0.0000000000 0.0000000000 0.0000000000 0.0000000000 0.0000000000 0.0000000000
13806.4945262899 -8718.4266357643 0.0000000000 2844.6195542064 0.0000000000 -1658.4567443233 0.0000000000 1141.8302264186 0.0000000000 -848.2306267596 0.0000000000 655.8357656111 0.0000000000 -517.7469644097 0.0000000000 412.0349772080 0.0000000000 -327.0461633744 0.0000000000 255.9873189851 0.0000000000 -194.6029485645 0.0000000000 140.0620496710 0.0000000000 -90.3763354001 0.0000000000 44.0733388996 0.0000000000 0.0000000000 0.0000000000 -42.8040755489 0.0000000000 85.1959244511 0.0000000000 -128.0000000000 0.0000000000 172.0733388996 0.0000000000 -218.3763354001 0.0000000000 268.0620496710 0.0000000000 -322.6029485645 0.0000000000 383.9873189851 0.0000000000 -455.0461633744 0.0000000000 540.0349772080 0.0000000000 -645.7469644097 0.0000000000 783.8357656111 0.0000000000 -976.2306267596 0.0000000000 1269.8302264186 0.0000000000 -1786.4567443233 0.0000000000 2972.6195542064 0.0000000000 -8846.4266357643
0.0000000000 0.0000000000 0.0000000000 0.0000000000 0.0000000000 0.0000000000 0.0000000000 0.0000000000 0.0000000000 0.0000000000 0.0000000000 0.0000000000 0.0000000000 0.0000000000 0.0000000000 0.0000000000 0.0000000000 0.0000000000 0.0000000000 0.0000000000 0.0000000000 0.0000000000 0.0000000000 0.0000000000 0.0000000000 0.0000000000 0.0000000000 0.0000000000 0.0000000000 0.0000000000 0.0000000000 0.0000000000 0.0000000000 0.0000000000 0.0000000000 0.0000000000 0.0000000000 0.0000000000 0.0000000000 0.0000000000 0.0000000000 0.0000000000 0.0000000000 0.0000000000 0.0000000000 0.0000000000 0.0000000000 0.0000000000 0.0000000000 0.0000000000 0.0000000000 0.0000000000 0.0000000000 0.0000000000 0.0000000000 0.0000000000 0.0000000000 0.0000000000 0.0000000000 0.0000000000 0.0000000000 0.0000000000 0.0000000000 0.0000000000
-8176.0743091611 5136.8692468631 0.0000000000 -1658.4567443233 0.0000000000 956.0224473408 0.0000000000 -650.0811533773 0.0000000000 476.2142721512 0.0000000000 -362.2798713186 0.0000000000 280.5050009679 0.0000000000 -217.9033709101 0.0000000000 167.5738063687 0.0000000000 -125.4934368047 0.0000000000 89.1421984056 0.0000000000 -56.8435985407 0.0000000000 27.4201926785 0.0000000000 -0.0000000000 0.0000000000 -26.0998107239 0.0000000000 51.4479758034 0.0000000000 -76.5520241966 0.0000000000 101.9001892761 0.0000000000 -128.0000000000 0.0000000000 155.4201926785 0.0000000000 -184.8435985407 0.0000000000 217.1421984056 0.0000000000 -253.4934368047 0.0000000000 295.5738063687 0.0000000000 -345.9033709101 0.0000000000 408.5050009679 0.0000000000 -490.2798713186 0.0000000000 604.2142721512 0.0000000000 -778.0811533773 0.0000000000 1084.0224473408 0.0000000000 -1786.4567443233 0.0000000000 5264.8692468631
0.0000000000 0.0000000000 0.0000000000 0.0000000000 0.0000000000 0.0000000000 0.0000000000 0.0000000000 0.0000000000 0.0000000000 0.0000000000 0.0000000000 0.0000000000 0.0000000000 0.0000000000 0.0000000000 0.0000000000 0.0000000000 0.0000000000 0.0000000000 0.0000000000 0.0000000000 0.0000000000 0.0000000000 0.0000000000 0.0000000000 0.0000000000 0.0000000000 0.0000000000 0.0000000000 0.0000000000 0.0000000000 0.0000000000 0.0000000000 0.0000000000 0.0000000000 0.0000000000 0.0000000000 0.0000000000 0.0000000000 0.0000000000 0.0000000000 0.0000000000 0.0000000000 0.0000000000 0.0000000000 0.0000000000 0.0000000000 0.0000000000 0.0000000000 0.0000000000 0.0000000000 0.0000000000 0.0000000000 0.0000000000 0.0000000000 0.0000000000 0.0000000000 0.0000000000 0.0000000000 0.0000000000 0.0000000000 0.0000000000 0.0000000000
5723.7765580605 -3576.9421381332 0.0000000000 1141.8302264186 0.0000000000 -650.0811533773 0.0000000000 435.9026197297 0.0000000000 -314.1846483225 0.0000000000 234.4232582002 0.0000000000 -177.1756026318 0.0000000000 133.3504453409 0.0000000000 -98.1165212343 0.0000000000 68.6575628445 0.0000000000 -43.2093638266 0.0000000000 20.5982717823 0.0000000000 -0.0000000000 0.0000000000 -19.1958940362 0.0000000000 37.4674359941 0.0000000000 -55.2127777787 0.0000000000 72.7872222213 0.0000000000 -90.5325640059 0.0000000000 108.8041059638 0.0000000000 -128.0000000000 0.0000000000 148.5982717823 0.0000000000 -171.2093638266 0.0000000000 196.6575628445 0.0000000000 -226.1165212343 0.0000000000 261.3504453409 0.0000000000 -305.1756026318 0.0000000000 362.4232582002 0.0000000000 -442.1846483225 0.0000000000 563.9026197297 0.0000000000 -778.0811533773 0.0000000000 1269.8302264186 0.0000000000 -3704.9421381332
0.0000000000 0.0000000000 0.0000000000 0.0000000000 0.0000000000 0.0000000000 0.0000000000 0.0000000000 0.0000000000 0.0000000000 0.0000000000 0.0000000000 0.0000000000 0.0000000000 0.0000000000 0.0000000000 0.0000000000 0.0000000000 0.0000000000 0.0000000000 0.0000000000 0.0000000000 0.0000000000 0.0000000000 0.0000000000 0.0000000000 0.0000000000 0.0000000000 0.0000000000 0.0000000000 0.0000000000 0.0000000000 0.0000000000 0.0000000000 0.0000000000 0.0000000000 0.0000000000 0.0000000000 0.0000000000 0.0000000000 0.0000000000 0.0000000000 0.0000000000 0.0000000000 0.0000000000 0.0000000000 0.0000000000 0.0000000000 0.0000000000 0.0000000000 0.0000000000 0.0000000000 0.0000000000 0.0000000000 0.0000000000 0.0000000000 0.0000000000 0.0000000000 0.0000000000 0.0000000000 0.0000000000 0.0000000000 0.0000000000 0.0000000000
-4330.1321882596 2690.4332990635 0.0000000000 -848.2306267596 0.0000000000 476.2142721512 0.0000000000 -314.1846483225 0.0000000000 222.1029780243 0.0000000000 -161.7621594676 0.0000000000 118.4533556448 0.0000000000 -85.2988950686 0.0000000000 58.6438453221 0.0000000000 -36.3576532142 0.0000000000 17.1056672949 0.0000000000 -0.0000000000 0.0000000000 -15.5829352810 0.0000000000 30.1049484668 0.0000000000 -43.9276739276 0.0000000000 57.3523202033 0.0000000000 -70.6476797967 0.0000000000 84.0723260724 0.0000000000 -97.8950515332 0.0000000000 112.4170647190 0.0000000000 -128.0000000000 0.0000000000 145.1056672949 0.0000000000 -164.3576532142 0.0000000000 186.6438453221 0.0000000000 -213.2988950686 0.0000000000 246.4533556448 0.0000000000 -289.7621594676 0.0000000000 350.1029780243 0.0000000000 -442.1846483225 0.0000000000 604.2142721512 0.0000000000 -976.2306267596 0.0000000000 2818.4332990635
0.0000000000 0.0000000000 0.0000000000 0.0000000000 0.0000000000 0.0000000000 0.0000000000 0.0000000000 0.0000000000 0.0000000000 0.0000000000 0.0000000000 0.0000000000 0.0000000000 0.0000000000 0.0000000000 0.0000000000 0.0000000000 0.0000000000 0.0000000000 0.0000000000 0.0000000000 0.0000000000 0.0000000000 0.0000000000 0.0000000000 0.0000000000 0.0000000000 0.0000000000 0.0000000000 0.0000000000 0.0000000000 0.0000000000 0.0000000000 0.0000000000 0.0000000000 0.0000000000 0.0000000000 0.0000000000 0.0000000000 0.0000000000 0.0000000000 0.0000000000 0.0000000000 0.0000000000 0.0000000000 0.0000000000 0.0000000000 0.0000000000 0.0000000000 0.0000000000 0.0000000000 0.0000000000 0.0000000000 0.0000000000 0.0000000000 0.0000000000 0.0000000000 0.0000000000 0.0000000000 0.0000000000 0.0000000000 0.0000000000 0.0000000000
3416.8815730350 -2109.5069449478 0.0000000000 655.8357656111 0.0000000000 -362.2798713186 0.0000000000 234.4232582002 0.0000000000 -161.7621594676 0.0000000000 114.1475781883 0.0000000000 -79.9728585033 0.0000000000 53.8108707207 0.0000000000 -32.7775293936 0.0000000000 15.1916276621 0.0000000000 -0.0000000000 0.0000000000 -13.4979803926 0.0000000000 25.7943820036 0.0000000000 -37.2536162949 0.0000000000 48.1610467988 0.0000000000 -58.7543553838 0.0000000000 69.2456446162 0.0000000000 -79.8389532012 0.0000000000 90.7463837051 0.0000000000 -102.2056179964 0.0000000000 114.5020196074 0.0000000000 -128.0000000000 0.0000000000 143.1916276621 0.0000000000 -160.7775293936 0.0000000000 181.8108707207 0.0000000000 -207.9728585033 0.0000000000 242.1475781883 0.0000000000 -289.7621594676 0.0000000000 362.4232582002 0.0000000000 -490.2798713186 0.0000000000 783.8357656111 0.0000000000 -2237.5069449478
0.0000000000 0.0000000000 0.0000000000 0.0000000000 0.0000000000 0.0000000000 0.0000000000 0.0000000000 0.0000000000 0.0000000000 0.0000000000 0.0000000000 0.0000000000 0.0000000000 0.0000000000 0.0000000000 0.0000000000 0.0000000000 0.0000000000 0.0000000000 0.0000000000 0.0000000000 0.0000000000 0.0000000000 0.0000000000 0.0000000000 0.0000000000 0.0000000000 0.0000000000 0.0000000000 0.0000000000 0.0000000000 0.0000000000 0.0000000000 0.0000000000 0.0000000000 0.0000000000 0.0000000000 0.0000000000 0.0000000000 0.0000000000 0.0000000000 0.0000000000 0.0000000000 0.0000000000 0.0000000000 0.0000000000 0.0000000000 0.0000000000 0.0000000000 0.0000000000 0.0000000000 0.0000000000 0.0000000000 0.0000000000 0.0000000000 0.0000000000 0.0000000000 0.0000000000 0.0000000000 0.0000000000 0.0000000000 0.0000000000 0.0000000000
-2761.4083348208 1692.5549362130 0.0000000000 -517.7469644097 0.0000000000 280.5050009679 0.0000000000 -177.1756026318 0.0000000000 118.4533556448 0.0000000000 -79.9728585033 0.0000000000 52.3540037783 0.0000000000 -31.2107684703 0.0000000000 14.2123320866 0.0000000000 0.0000000000 0.0000000000 -12.2773606135 0.0000000000 23.1859726805 0.0000000000 -33.1235093411 0.0000000000 42.3844756364 0.0000000000 -51.1994927393 0.0000000000 59.7606471120 0.0000000000 -68.2393528880 0.0000000000 76.8005072607 0.0000000000 -85.6155243636 0.0000000000 94.8764906589 0.0000000000 -104.8140273195 0.0000000000 115.7226393865 0.0000000000 -128.0000000000 0.0000000000 142.2123320866 0.0000000000 -159.2107684703 0.0000000000 180.3540037783 0.0000000000 -207.9728585033 0.0000000000 246.4533556448 0.0000000000 -305.1756026318 0.0000000000 408.5050009679 0.0000000000 -645.7469644097 0.0000000000 1820.5549362130
0.0000000000 0.0000000000 0.0000000000 0.0000000000 0.0000000000 0.0000000000 0.0000000000 0.0000000000 0.0000000000 0.0000000000 0.0000000000 0.0000000000 0.0000000000 0.0000000000 0.0000000000 0.0000000000 0.0000000000 0.0000000000 0.0000000000 0.0000000000 0.0000000000 0.0000000000 0.0000000000 0.0000000000 0.0000000000 0.0000000000 0.0000000000 0.0000000000 0.0000000000 0.0000000000 0.0000000000 0.0000000000 0.0000000000 0.0000000000 0.0000000000 0.0000000000 0.0000000000 0.0000000000 0.0000000000 0.0000000000 0.0000000000 0.0000000000 0.0000000000 0.0000000000 0.0000000000 0.0000000000 0.0000000000 0.0000000000 0.0000000000 0.0000000000 0.0000000000 0.0000000000 0.0000000000 0.0000000000 0.0000000000 0.0000000000 0.0000000000 0.0000000000 0.0000000000 0.0000000000 0.0000000000 0.0000000000 0.0000000000 0.0000000000
2259.6197903022 -1373.3630464461 0.0000000000 412.0349772080 0.0000000000 -217.9033709101 0.0000000000 133.3504453409 0.0000000000 -85.2988950686 0.0000000000 53.8108707207 0.0000000000 -31.2107684703 0.0000000000 13.9095702625 0.0000000000 0.0000000000 0.0000000000 -11.6297421299 0.0000000000 21.6761255876 0.0000000000 -30.6024822588 0.0000000000 38.7342222198 0.0000000000 -46.3123346106 0.0000000000 53.5255333420 0.0000000000 -60.5309999383 0.0000000000 67.4690000617 0.0000000000 -74.4744666580 0.0000000000 81.6876653894 0.0000000000 -89.2657777802 0.0000000000 97.3975177412 0.0000000000 -106.3238744124 0.0000000000 116.3702578701 0.0000000000 -128.0000000000 0.0000000000 141.9095702625 0.0000000000 -159.2107684703 0.0000000000 181.8108707207 0.0000000000 -213.2988950686 0.0000000000 261.3504453409 0.0000000000 -345.9033709101 0.0000000000 540.0349772080 0.0000000000 -1501.3630464461
0.0000000000 0.0000000000 0.0000000000 0.0000000000 0.0000000000 0.0000000000 0.0000000000 0.0000000000 0.0000000000 0.0000000000 0.0000000000 0.0000000000 0.0000000000 0.0000000000 0.0000000000 0.0000000000 0.0000000000 0.0000000000 0.0000000000 0.0000000000 0.0000000000 0.0000000000 0.0000000000 0.0000000000 0.0000000000 0.0000000000 0.0000000000 0.0000000000 0.0000000000 0.0000000000 0.0000000000 0.0000000000 0.0000000000 0.0000000000 0.0000000000 0.0000000000 0.0000000000 0.0000000000 0.0000000000 0.0000000000 0.0000000000 0.0000000000 0.0000000000 0.0000000000 0.0000000000 0.0000000000 0.0000000000 0.0000000000 0.0000000000 0.0000000000 0.0000000000 0.0000000000 0.0000000000 0.0000000000 0.0000000000 0.0000000000 0.0000000000 0.0000000000 0.0000000000 0.0000000000 0.0000000000 0.0000000000 0.0000000000 0.0000000000
-1856.1990021512 1116.7437091820 0.0000000000 -327.0461633744 0.0000000000 167.5738063687 0.0000000000 -98.1165212343 0.0000000000 58.6438453221 0.0000000000 -32.7775293936 0.0000000000 14.2123320866 0.0000000000 -0.0000000000 0.0000000000 -11.4262277895 0.0000000000 20.9796561270 0.0000000000 -29.2324104308 0.0000000000 36.5651017168 0.0000000000 -43.2450430354 0.0000000000 49.4701985763 0.0000000000 -55.3955902484 0.0000000000 61.1503372025 0.0000000000 -66.8496627975 0.0000000000 72.6044097516 0.0000000000 -78.5298014237 0.0000000000 84.7549569646 0.0000000000 -91.4348982832 0.0000000000 98.7675895692 0.0000000000 -107.0203438730 0.0000000000 116.5737722105 0.0000000000 -128.0000000000 0.0000000000 142.2123320866 0.0000000000 -160.7775293936 0.0000000000 186.6438453221 0.0000000000 -226.1165212343 0.0000000000 295.5738063687 0.0000000000 -455.0461633744 0.0000000000 1244.7437091820
0.0000000000 0.0000000000 0.0000000000 0.0000000000 0.0000000000 0.0000000000 0.0000000000 0.0000000000 0.0000000000 0.0000000000 0.0000000000 0.0000000000 0.0000000000 0.0000000000 0.0000000000 0.0000000000 0.0000000000 0.0000000000 0.0000000000 0.0000000000 0.0000000000 0.0000000000 0.0000000000 0.0000000000 0.0000000000 0.0000000000 0.0000000000 0.0000000000 0.0000000000 0.0000000000 0.0000000000 0.0000000000 0.0000000000 0.0000000000 0.0000000000 0.0000000000 0.0000000000 0.0000000000 0.0000000000 0.0000000000 0.0000000000 0.0000000000 0.0000000000 0.0000000000 0.0000000000 0.0000000000 0.0000000000 0.0000000000 0.0000000000 0.0000000000 0.0000000000 0.0000000000 0.0000000000 0.0000000000 0.0000000000 0.0000000000 0.0000000000 0.0000000000 0.0000000000 0.0000000000 0.0000000000 0.0000000000 0.0000000000 0.0000000000
1518.9003187651 -902.1851957564 0.0000000000 255.9873189851 0.0000000000 -125.4934368047 0.0000000000 68.6575628445 0.0000000000 -36.3576532142 0.0000000000 15.1916276621 0.0000000000 0.0000000000 0.0000000000 -11.6297421299 0.0000000000 20.9796561270 0.0000000000 -28.7970859017 0.0000000000 35.5501932616 0.0000000000 -41.5504265979 0.0000000000 47.0165242450 0.0000000000 -52.1104773850 0.0000000000 56.9591381639 0.0000000000 -61.6681628820 0.0000000000 66.3318371180 0.0000000000 -71.0408618361 0.0000000000 75.8895226150 0.0000000000 -80.9834757550 0.0000000000 86.4495734021 0.0000000000 -92.4498067384 0.0000000000 99.2029140983 0.0000000000 -107.0203438730 0.0000000000 116.3702578701 0.0000000000 -128.0000000000 0.0000000000 143.1916276621 0.0000000000 -164.3576532142 0.0000000000 196.6575628445 0.0000000000 -253.4934368047 0.0000000000 383.9873189851 0.0000000000 -1030.1851957564
0.0000000000 0.0000000000 0.0000000000 0.0000000000 0.0000000000 0.0000000000 0.0000000000 0.0000000000 0.0000000000 0.0000000000 0.0000000000 0.0000000000 0.0000000000 0.0000000000 0.0000000000 0.0000000000 0.0000000000 0.0000000000 0.0000000000 0.0000000000 0.0000000000 0.0000000000 0.0000000000 0.0000000000 0.0000000000 0.0000000000 0.0000000000 0.0000000000 0.0000000000 0.0000000000 0.0000000000 0.0000000000 0.0000000000 0.0000000000 0.0000000000 0.0000000000 0.0000000000 0.0000000000 0.0000000000 0.0000000000 0.0000000000 0.0000000000 0.0000000000 0.0000000000 0.0000000000 0.0000000000 0.0000000000 0.0000000000 0.0000000000 0.0000000000 0.0000000000 0.0000000000 0.0000000000 0.0000000000 0.0000000000 0.0000000000 0.0000000000 0.0000000000 0.0000000000 0.0000000000 0.0000000000 0.0000000000 0.0000000000 0.0000000000
-1227.5239601806 716.8382571985 0.0000000000 -194.6029485645 0.0000000000 89.1421984056 0.0000000000 -43.2093638266 0.0000000000 17.1056672949 0.0000000000 0.0000000000 0.0000000000 -12.2773606135 0.0000000000 21.6761255876 0.0000000000 -29.2324104308 0.0000000000 35.5501932616 0.0000000000 -41.0078266477 0.0000000000 45.8570126647 0.0000000000 -50.2745282499 0.0000000000 54.3912892079 0.0000000000 -58.3098131606 0.0000000000 62.1154879631 0.0000000000 -65.8845120369 0.0000000000 69.6901868394 0.0000000000 -73.6087107921 0.0000000000 77.7254717501 0.0000000000 -82.1429873353 0.0000000000 86.9921733523 0.0000000000 -92.4498067384 0.0000000000 98.7675895692 0.0000000000 -106.3238744124 0.0000000000 115.7226393865 0.0000000000 -128.0000000000 0.0000000000 145.1056672949 0.0000000000 -171.2093638266 0.0000000000 217.1421984056 0.0000000000 -322.6029485645 0.0000000000 844.8382571985
0.0000000000 0.0000000000 0.0000000000 0.0000000000 0.0000000000 0.0000000000 0.0000000000 0.0000000000 0.0000000000 0.0000000000 0.0000000000 0.0000000000 0.0000000000 0.0000000000 0.0000000000 0.0000000000 0.0000000000 0.0000000000 0.0000000000 0.0000000000 0.0000000000 0.0000000000 0.0000000000 0.0000000000 0.0000000000 0.0000000000 0.0000000000 0.0000000000 0.0000000000 0.0000000000 0.0000000000 0.0000000000 0.0000000000 0.0000000000 0.0000000000 0.0000000000 0.0000000000 0.0000000000 0.0000000000 0.0000000000 0.0000000000 0.0000000000 0.0000000000 0.0000000000 0.0000000000 0.0000000000 0.0000000000 0.0000000000 0.0000000000 0.0000000000 0.0000000000 0.0000000000 0.0000000000 0.0000000000 0.0000000000 0.0000000000 0.0000000000 0.0000000000 0.0000000000 0.0000000000 0.0000000000 0.0000000000 0.0000000000 0.0000000000
968.6318610254 -552.1548277386 0.0000000000 140.0620496710 0.0000000000 -56.8435985407 0.0000000000 20.5982717823 0.0000000000 -0.0000000000 0.0000000000 -13.4979803926 0.0000000000 23.1859726805 0.0000000000 -30.6024822588 0.0000000000 36.5651017168 0.0000000000 -41.5504265979 0.0000000000 45.8570126647 0.0000000000 -49.6834765290 0.0000000000 53.1693118212 0.0000000000 -56.4178234246 0.0000000000 59.5099073854 0.0000000000 -62.5129427525 0.0000000000 65.4870572475 0.0000000000 -68.4900926146 0.0000000000 71.5821765754 0.0000000000 -74.8306881788 0.0000000000 78.3165234710 0.0000000000 -82.1429873353 0.0000000000 86.4495734021 0.0000000000 -91.4348982832 0.0000000000 97.3975177412 0.0000000000 -104.8140273195 0.0000000000 114.5020196074 0.0000000000 -128.0000000000 0.0000000000 148.5982717823 0.0000000000 -184.8435985407 0.0000000000 268.0620496710 0.0000000000 -680.1548277386
0.0000000000 0.0000000000 0.0000000000 0.0000000000 0.0000000000 0.0000000000 0.0000000000 0.0000000000 0.0000000000 0.0000000000 0.0000000000 0.0000000000 0.0000000000 0.0000000000 0.0000000000 0.0000000000 0.0000000000 0.0000000000 0.0000000000 0.0000000000 0.0000000000 0.0000000000 0.0000000000 0.0000000000 0.0000000000 0.0000000000 0.0000000000 0.0000000000 0.0000000000 0.0000000000 0.0000000000 0.0000000000 0.0000000000 0.0000000000 0.0000000000 0.0000000000 0.0000000000 0.0000000000 0.0000000000 0.0000000000 0.0000000000 0.0000000000 0.0000000000 0.0000000000 0.0000000000 0.0000000000 0.0000000000 0.0000000000 0.0000000000 0.0000000000 0.0000000000 0.0000000000 0.0000000000 0.0000000000 0.0000000000 0.0000000000 0.0000000000 0.0000000000 0.0000000000 0.0000000000 0.0000000000 0.0000000000 0.0000000000 0.0000000000
-732.7861172521 402.1313776802 0.0000000000 -90.3763354001 0.0000000000 27.4201926785 0.0000000000 0.0000000000 0.0000000000 -15.5829352810 0.0000000000 25.7943820036 0.0000000000 -33.1235093411 0.0000000000 38.7342222198 0.0000000000 -43.2450430354 0.0000000000 47.0165242450 0.0000000000 -50.2745282499 0.0000000000 53.1693118212 0.0000000000 -55.8064042109 0.0000000000 58.2639572818 0.0000000000 -60.6031702388 0.0000000000 62.8750164533 0.0000000000 -65.1249835467 0.0000000000 67.3968297612 0.0000000000 -69.7360427182 0.0000000000 72.1935957891 0.0000000000 -74.8306881788 0.0000000000 77.7254717501 0.0000000000 -80.9834757550 0.0000000000 84.7549569646 0.0000000000 -89.2657777802 0.0000000000 94.8764906589 0.0000000000 -102.2056179964 0.0000000000 112.4170647190 0.0000000000 -128.0000000000 0.0000000000 155.4201926785 0.0000000000 -218.3763354001 0.0000000000 530.1313776802
0.0000000000 0.0000000000 0.0000000000 0.0000000000 0.0000000000 0.0000000000 0.0000000000 0.0000000000 0.0000000000 0.0000000000 0.0000000000 0.0000000000 0.0000000000 0.0000000000 0.0000000000 0.0000000000 0.0000000000 0.0000000000 0.0000000000 0.0000000000 0.0000000000 0.0000000000 0.0000000000 0.0000000000 0.0000000000 0.0000000000 0.0000000000 0.0000000000 0.0000000000 0.0000000000 0.0000000000 0.0000000000 0.0000000000 0.0000000000 0.0000000000 0.0000000000 0.0000000000 0.0000000000 0.0000000000 0.0000000000 0.0000000000 0.0000000000 0.0000000000 0.0000000000 0.0000000000 0.0000000000 0.0000000000 0.0000000000 0.0000000000 0.0000000000 0.0000000000 0.0000000000 0.0000000000 0.0000000000 0.0000000000 0.0000000000 0.0000000000 0.0000000000 0.0000000000 0.0000000000 0.0000000000 0.0000000000 0.0000000000 0.0000000000
512.9972944718 -262.3218693540 0.0000000000 44.0733388996 0.0000000000 0.0000000000 0.0000000000 -19.1958940362 0.0000000000 30.1049484668 0.0000000000 -37.2536162949 0.0000000000 42.3844756364 0.0000000000 -46.3123346106 0.0000000000 49.4701985763 0.0000000000 -52.1104773850 0.0000000000 54.3912892079 0.0000000000 -56.4178234246 0.0000000000 58.2639572818 0.0000000000 -59.9844020975 0.0000000000 61.6220012413 0.0000000000 -63.2124393432 0.0000000000 64.7875606568 0.0000000000 -66.3779987587 0.0000000000 68.0155979025 0.0000000000 -69.7360427182 0.0000000000 71.5821765754 0.0000000000 -73.6087107921 0.0000000000 75.8895226150 0.0000000000 -78.5298014237 0.0000000000 81.6876653894 0.0000000000 -85.6155243636 0.0000000000 90.7463837051 0.0000000000 -97.8950515332 0.0000000000 108.8041059638 0.0000000000 -128.0000000000 0.0000000000 172.0733388996 0.0000000000 -390.3218693540
0.0000000000 0.0000000000 0.0000000000 0.0000000000 0.0000000000 0.0000000000 0.0000000000 0.0000000000 0.0000000000 0.0000000000 0.0000000000 0.0000000000 0.0000000000 0.0000000000 0.0000000000 0.0000000000 0.0000000000 0.0000000000 0.0000000000 0.0000000000 0.0000000000 0.0000000000 0.0000000000 0.0000000000 0.0000000000 0.0000000000 0.0000000000 0.0000000000 0.0000000000 0.0000000000 0.0000000000 0.0000000000 0.0000000000 0.0000000000 0.0000000000 0.0000000000 0.0000000000 0.0000000000 0.0000000000 0.0000000000 0.0000000000 0.0000000000 0.0000000000 0.0000000000 0.0000000000 0.0000000000 0.0000000000 0.0000000000 0.0000000000 0.0000000000 0.0000000000 0.0000000000 0.0000000000 0.0000000000 0.0000000000 0.0000000000 0.0000000000 0.0000000000 0.0000000000 0.0000000000 0.0000000000 0.0000000000 0.0000000000 0.0000000000
-303.7921024785 129.2446970853 0.0000000000 -0.0000000000 0.0000000000 -26.0998107239 0.0000000000 37.4674359941 0.0000000000 -43.9276739276 0.0000000000 48.1610467988 0.0000000000 -51.1994927393 0.0000000000 53.5255333420 0.0000000000 -55.3955902484 0.0000000000 56.9591381639 0.0000000000 -58.3098131606 0.0000000000 59.5099073854 0.0000000000 -60.6031702388 0.0000000000 61.6220012413 0.0000000000 -62.5917718273 0.0000000000 63.5336140944 0.0000000000 -64.4663859056 0.0000000000 65.4082281727 0.0000000000 -66.3779987587 0.0000000000 67.3968297612 0.0000000000 -68.4900926146 0.0000000000 69.6901868394 0.0000000000 -71.0408618361 0.0000000000 72.6044097516 0.0000000000 -74.4744666580 0.0000000000 76.8005072607 0.0000000000 -79.8389532012 0.0000000000 84.0723260724 0.0000000000 -90.5325640059 0.0000000000 101.9001892761 0.0000000000 -128.0000000000 0.0000000000 257.2446970853
0.0000000000 0.0000000000 0.0000000000 0.0000000000 0.0000000000 0.0000000000 0.0000000000 0.0000000000 0.0000000000 0.0000000000 0.0000000000 0.0000000000 0.0000000000 0.0000000000 0.0000000000 0.0000000000 0.0000000000 0.0000000000 0.0000000000 0.0000000000 0.0000000000 0.0000000000 0.0000000000 0.0000000000 0.0000000000 0.0000000000 0.0000000000 0.0000000000 0.0000000000 0.0000000000 0.0000000000 0.0000000000 0.0000000000 0.0000000000 0.0000000000 0.0000000000 0.0000000000 0.0000000000 0.0000000000 0.0000000000 0.0000000000 0.0000000000 0.0000000000 0.0000000000 0.0000000000 0.0000000000 0.0000000000 0.0000000000 0.0000000000 0.0000000000 0.0000000000 0.0000000000 0.0000000000 0.0000000000 0.0000000000 0.0000000000 0.0000000000 0.0000000000 0.0000000000 0.0000000000 0.0000000000 0.0000000000 0.0000000000 0.0000000000
100.6117883279 -0.0000000000 0.0000000000 -42.8040755489 0.0000000000 51.4479758034 0.0000000000 -55.2127777787 0.0000000000 57.3523202033 0.0000000000 -58.7543553838 0.0000000000 59.7606471120 0.0000000000 -60.5309999383 0.0000000000 61.1503372025 0.0000000000 -61.6681628820 0.0000000000 62.1154879631 0.0000000000 -62.5129427525 0.0000000000 62.8750164533 0.0000000000 -63.2124393432 0.0000000000 63.5336140944 0.0000000000 -63.8455393684 0.0000000000 64.1544606316 0.0000000000 -64.4663859056 0.0000000000 64.7875606568 0.0000000000 -65.1249835467 0.0000000000 65.4870572475 0.0000000000 -65.8845120369 0.0000000000 66.3318371180 0.0000000000 -66.8496627975 0.0000000000 67.4690000617 0.0000000000 -68.2393528880 0.0000000000 69.2456446162 0.0000000000 -70.6476797967 0.0000000000 72.7872222213 0.0000000000 -76.5520241966 0.0000000000 85.1959244511 0.0000000000 -128.0000000000
0.0000000000 0.0000000000 0.0000000000 0.0000000000 0.0000000000 0.0000000000 0.0000000000 0.0000000000 0.0000000000 0.0000000000 0.0000000000 0.0000000000 0.0000000000 0.0000000000 0.0000000000 0.0000000000 0.0000000000 0.0000000000 0.0000000000 0.0000000000 0.0000000000 0.0000000000 0.0000000000 0.0000000000 0.0000000000 0.0000000000 0.0000000000 0.0000000000 0.0000000000 0.0000000000 0.0000000000 0.0000000000 0.0000000000 0.0000000000 0.0000000000 0.0000000000 0.0000000000 0.0000000000 0.0000000000 0.0000000000 0.0000000000 0.0000000000 0.0000000000 0.0000000000 0.0000000000 0.0000000000 0.0000000000 0.0000000000 0.0000000000 0.0000000000 0.0000000000 0.0000000000 0.0000000000 0.0000000000 0.0000000000 0.0000000000 0.0000000000 0.0000000000 0.0000000000 0.0000000000 0.0000000000 0.0000000000 0.0000000000 0.0000000000
100.6117883279 -128.0000000000 0.0000000000 85.1959244511 0.0000000000 -76.5520241966 0.0000000000 72.7872222213 0.0000000000 -70.6476797967 0.0000000000 69.2456446162 0.0000000000 -68.2393528880 0.0000000000 67.4690000617 0.0000000000 -66.8496627975 0.0000000000 66.3318371180 0.0000000000 -65.8845120369 0.0000000000 65.4870572475 0.0000000000 -65.1249835467 0.0000000000 64.7875606568 0.0000000000 -64.4663859056 0.0000000000 64.1544606316 0.0000000000 -63.8455393684 0.0000000000 63.5336140944 0.0000000000 -63.2124393432 0.0000000000 62.8750164533 0.0000000000 -62.5129427525 0.0000000000 62.1154879631 0.0000000000 -61.6681628820 0.0000000000 61.1503372025 0.0000000000 -60.5309999383 0.0000000000 59.7606471120 0.0000000000 -58.7543553838 0.0000000000 57.3523202033 0.0000000000 -55.2127777787 0.0000000000 51.4479758034 0.0000000000 -42.8040755489 0.0000000000 0.0000000000
0.0000000000 0.0000000000 0.0000000000 0.0000000000 0.0000000000 0.0000000000 0.0000000000 0.0000000000 0.0000000000 0.0000000000 0.0000000000 0.0000000000 0.0000000000 0.0000000000 0.0000000000 0.0000000000 0.0000000000 0.0000000000 0.0000000000 0.0000000000 0.0000000000 0.0000000000 0.0000000000 0.0000000000 0.0000000000 0.0000000000 0.0000000000 0.0000000000 0.0000000000 0.0000000000 0.0000000000 0.0000000000 0.0000000000 0.0000000000 0.0000000000 0.0000000000 0.0000000000 0.0000000000 0.0000000000 0.0000000000 0.0000000000 0.0000000000 0.0000000000 0.0000000000 0.0000000000 0.0000000000 0.0000000000 0.0000000000 0.0000000000 0.0000000000 0.0000000000 0.0000000000 0.0000000000 0.0000000000 0.0000000000 0.0000000000 0.0000000000 0.0000000000 0.0000000000 0.0000000000 0.0000000000 0.0000000000 0.0000000000 0.0000000000
-303.7921024785 257.2446970853 0.0000000000 -128.0000000000 0.0000000000 101.9001892761 0.0000000000 -90.5325640059 0.0000000000 84.0723260724 0.0000000000 -79.8389532012 0.0000000000 76.8005072607 0.0000000000 -74.4744666580 0.0000000000 72.6044097516 0.0000000000 -71.0408618361 0.0000000000 69.6901868394 0.0000000000 -68.4900926146 0.0000000000 67.3968297612 0.0000000000 -66.3779987587 0.0000000000 65.4082281727 0.0000000000 -64.4663859056 0.0000000000 63.5336140944 0.0000000000 -62.5917718273 0.0000000000 61.6220012413 0.0000000000 -60.6031702388 0.0000000000 59.5099073854 0.0000000000 -58.3098131606 0.0000000000 56.9591381639 0.0000000000 -55.3955902484 0.0000000000 53.5255333420 0.0000000000 -51.1994927393 0.0000000000 48.1610467988 0.0000000000 -43.9276739276 0.0000000000 37.4674359941 0.0000000000 -26.0998107239 0.0000000000 0.0000000000 0.0000000000 129.2446970853
0.0000000000 0.0000000000 0.0000000000 0.0000000000 0.0000000000 0.0000000000 0.0000000000 0.0000000000 0.0000000000 0.0000000000 0.0000000000 0.0000000000 0.0000000000 0.0000000000 0.0000000000 0.0000000000 0.0000000000 0.0000000000 0.0000000000 0.0000000000 0.0000000000 0.0000000000 0.0000000000 0.0000000000 0.0000000000 0.0000000000 0.0000000000 0.0000000000 0.0000000000 0.0000000000 0.0000000000 0.0000000000 0.0000000000 0.0000000000 0.0000000000 0.0000000000 0.0000000000 0.0000000000 0.0000000000 0.0000000000 0.0000000000 0.0000000000 0.0000000000 0.0000000000 0.0000000000 0.0000000000 0.0000000000 0.0000000000 0.0000000000 0.0000000000 0.0000000000 0.0000000000 0.0000000000 0.0000000000 0.0000000000 0.0000000000 0.0000000000 0.0000000000 0.0000000000 0.0000000000 0.0000000000 0.0000000000 0.0000000000 0.0000000000
512.9972944718 -390.3218693540 0.0000000000 172.0733388996 0.0000000000 -128.0000000000 0.0000000000 108.8041059638 0.0000000000 -97.8950515332 0.0000000000 90.7463837051 0.0000000000 -85.6155243636 0.0000000000 81.6876653894 0.0000000000 -78.5298014237 0.0000000000 75.8895226150 0.0000000000 -73.6087107921 0.0000000000 71.5821765754 0.0000000000 -69.7360427182 0.0000000000 68.0155979025 0.0000000000 -66.3779987587 0.0000000000 64.7875606568 0.0000000000 -63.2124393432 0.0000000000 61.6220012413 0.0000000000 -59.9844020975 0.0000000000 58.2639572818 0.0000000000 -56.4178234246 0.0000000000 54.3912892079 0.0000000000 -52.1104773850 0.0000000000 49.4701985763 0.0000000000 -46.3123346106 0.0000000000 42.3844756364 0.0000000000 -37.2536162949 0.0000000000 30.1049484668 0.0000000000 -19.1958940362 0.0000000000 0.0000000000 0.0000000000 44.0733388996 0.0000000000 -262.3218693540
0.0000000000 0.0000000000 0.0000000000 0.0000000000 0.0000000000 0.0000000000 0.0000000000 0.0000000000 0.0000000000 0.0000000000 0.0000000000 0.0000000000 0.0000000000 0.0000000000 0.0000000000 0.0000000000 0.0000000000 0.0000000000 0.0000000000 0.0000000000 0.0000000000 0.0000000000 0.0000000000 0.0000000000 0.0000000000 0.0000000000 0.0000000000 0.0000000000 0.0000000000 0.0000000000 0.0000000000 0.0000000000 0.0000000000 0.0000000000 0.0000000000 0.0000000000 0.0000000000 0.0000000000 0.0000000000 0.0000000000 0.0000000000 0.0000000000 0.0000000000 0.0000000000 0.0000000000 0.0000000000 0.0000000000 0.0000000000 0.0000000000 0.0000000000 0.0000000000 0.0000000000 0.0000000000 0.0000000000 0.0000000000 0.0000000000 0.0000000000 0.0000000000 0.0000000000 0.0000000000 0.0000000000 0.0000000000 0.0000000000 0.0000000000
-732.7861172521 530.1313776802 0.0000000000 -218.3763354001 0.0000000000 155.4201926785 0.0000000000 -128.0000000000 0.0000000000 112.4170647190 0.0000000000 -102.2056179964 0.0000000000 94.8764906589 0.0000000000 -89.2657777802 0.0000000000 84.7549569646 0.0000000000 -80.9834757550 0.0000000000 77.7254717501 0.0000000000 -74.8306881788 0.0000000000 72.1935957891 0.0000000000 -69.7360427182 0.0000000000 67.3968297612 0.0000000000 -65.1249835467 0.0000000000 62.8750164533 0.0000000000 -60.6031702388 0.0000000000 58.2639572818 0.0000000000 -55.8064042109 0.0000000000 53.1693118212 0.0000000000 -50.2745282499 0.0000000000 47.0165242450 0.0000000000 -43.2450430354 0.0000000000 38.7342222198 0.0000000000 -33.1235093411 0.0000000000 25.7943820036 0.0000000000 -15.5829352810 0.0000000000 0.0000000000 0.0000000000 27.4201926785 0.0000000000 -90.3763354001 0.0000000000 402.1313776802
0.0000000000 0.0000000000 0.0000000000 0.0000000000 0.0000000000 0.0000000000 0.0000000000 0.0000000000 0.0000000000 0.0000000000 0.0000000000 0.0000000000 0.0000000000 0.0000000000 0.0000000000 0.0000000000 0.0000000000 0.0000000000 0.0000000000 0.0000000000 0.0000000000 0.0000000000 0.0000000000 0.0000000000 0.0000000000 0.0000000000 0.0000000000 0.0000000000 0.0000000000 0.0000000000 0.0000000000 0.0000000000 0.0000000000 0.0000000000 0.0000000000 0.0000000000 0.0000000000 0.0000000000 0.0000000000 0.0000000000 0.0000000000 0.0000000000 0.0000000000 0.0000000000 0.0000000000 0.0000000000 0.0000000000 0.0000000000 0.0000000000 0.0000000000 0.0000000000 0.0000000000 0.0000000000 0.0000000000 0.0000000000 0.0000000000 0.0000000000 0.0000000000 0.0000000000 0.0000000000 0.0000000000 0.0000000000 0.0000000000 0.0000000000
968.6318610254 -680.1548277386 0.0000000000 268.0620496710 0.0000000000 -184.8435985407 0.0000000000 148.5982717823 0.0000000000 -128.0000000000 0.0000000000 114.5020196074 0.0000000000 -104.8140273195 0.0000000000 97.3975177412 0.0000000000 -91.4348982832 0.0000000000 86.4495734021 0.0000000000 -82.1429873353 0.0000000000 78.3165234710 0.0000000000 -74.8306881788 0.0000000000 71.5821765754 0.0000000000 -68.4900926146 0.0000000000 65.4870572475 0.0000000000 -62.5129427525 0.0000000000 59.5099073854 0.0000000000 -56.4178234246 0.0000000000 53.1693118212 0.0000000000 -49.6834765290 0.0000000000 45.8570126647 0.0000000000 -41.5504265979 0.0000000000 36.5651017168 0.0000000000 -30.6024822588 0.0000000000 23.1859726805 0.0000000000 -13.4979803926 0.0000000000 -0.0000000000 0.0000000000 20.5982717823 0.0000000000 -56.8435985407 0.0000000000 140.0620496710 0.0000000000 -552.1548277386
0.0000000000 0.0000000000 0.0000000000 0.0000000000 0.0000000000 0.0000000000 0.0000000000 0.0000000000 0.0000000000 0.0000000000 0.0000000000 0.0000000000 0.0000000000 0.0000000000 0.0000000000 0.0000000000 0.0000000000 0.0000000000 0.0000000000 0.0000000000 0.0000000000 0.0000000000 0.0000000000 0.0000000000 0.0000000000 0.0000000000 0.0000000000 0.0000000000 0.0000000000 0.0000000000 0.0000000000 0.0000000000 0.0000000000 0.0000000000 0.0000000000 0.0000000000 0.0000000000 0.0000000000 0.0000000000 0.0000000000 0.0000000000 0.0000000000 0.0000000000 0.0000000000 0.0000000000 0.0000000000 0.0000000000 0.0000000000 0.0000000000 0.0000000000 0.0000000000 0.0000000000 0.0000000000 0.0000000000 0.0000000000 0.0000000000 0.0000000000 0.0000000000 0.0000000000 0.0000000000 0.0000000000 0.0000000000 0.0000000000 0.0000000000
-1227.5239601806 844.8382571985 0.0000000000 -322.6029485645 0.0000000000 217.1421984056 0.0000000000 -171.2093638266 0.0000000000 145.1056672949 0.0000000000 -128.0000000000 0.0000000000 115.7226393865 0.0000000000 -106.3238744124 0.0000000000 98.7675895692 0.0000000000 -92.4498067384 0.0000000000 86.9921733523 0.0000000000 -82.1429873353 0.0000000000 77.7254717501 0.0000000000 -73.6087107921 0.0000000000 69.6901868394 0.0000000000 -65.8845120369 0.0000000000 62.1154879631 0.0000000000 -58.3098131606 0.0000000000 54.3912892079 0.0000000000 -50.2745282499 0.0000000000 45.8570126647 0.0000000000 -41.0078266477 0.0000000000 35.5501932616 0.0000000000 -29.2324104308 0.0000000000 21.6761255876 0.0000000000 -12.2773606135 0.0000000000 -0.0000000000 0.0000000000 17.1056672949 0.0000000000 -43.2093638266 0.0000000000 89.1421984056 0.0000000000 -194.6029485645 0.0000000000 716.8382571985
0.0000000000 0.0000000000 0.0000000000 0.0000000000 0.0000000000 0.0000000000 0.0000000000 0.0000000000 0.0000000000 0.0000000000 0.0000000000 0.0000000000 0.0000000000 0.0000000000 0.0000000000 0.0000000000 0.0000000000 0.0000000000 0.0000000000 0.0000000000 0.0000000000 0.0000000000 0.0000000000 0.0000000000 0.0000000000 0.0000000000 0.0000000000 0.0000000000 0.0000000000 0.0000000000 0.0000000000 0.0000000000 0.0000000000 0.0000000000 0.0000000000 0.0000000000 0.0000000000 0.0000000000 0.0000000000 0.0000000000 0.0000000000 0.0000000000 0.0000000000 0.0000000000 0.0000000000 0.0000000000 0.0000000000 0.0000000000 0.0000000000 0.0000000000 0.0000000000 0.0000000000 0.0000000000 0.0000000000 0.0000000000 0.0000000000 0.0000000000 0.0000000000 0.0000000000 0.0000000000 0.0000000000 0.0000000000 0.0000000000 0.0000000000
1518.9003187651 -1030.1851957564 0.0000000000 383.9873189851 0.0000000000 -253.4934368047 0.0000000000 196.6575628445 0.0000000000 -164.3576532142 0.0000000000 143.1916276621 0.0000000000 -128.0000000000 0.0000000000 116.3702578701 0.0000000000 -107.0203438730 0.0000000000 99.2029140983 0.0000000000 -92.4498067384 0.0000000000 86.4495734021 0.0000000000 -80.9834757550 0.0000000000 75.8895226150 0.0000000000 -71.0408618361 0.0000000000 66.3318371180 0.0000000000 -61.6681628820 0.0000000000 56.9591381639 0.0000000000 -52.1104773850 0.0000000000 47.0165242450 0.0000000000 -41.5504265979 0.0000000000 35.5501932616 0.0000000000 -28.7970859017 0.0000000000 20.9796561270 0.0000000000 -11.6297421299 0.0000000000 0.0000000000 0.0000000000 15.1916276621 0.0000000000 -36.3576532142 0.0000000000 68.6575628445 0.0000000000 -125.4934368047 0.0000000000 255.9873189851 0.0000000000 -902.1851957564
0.0000000000 0.0000000000 0.0000000000 0.0000000000 0.0000000000 0.0000000000 0.0000000000 0.0000000000 0.0000000000 0.0000000000 0.0000000000 0.0000000000 0.0000000000 0.0000000000 0.0000000000 0.0000000000 0.0000000000 0.0000000000 0.0000000000 0.0000000000 0.0000000000 0.0000000000 0.0000000000 0.0000000000 0.0000000000 0.0000000000 0.0000000000 0.0000000000 0.0000000000 0.0000000000 0.0000000000 0.0000000000 0.0000000000 0.0000000000 0.0000000000 0.0000000000 0.0000000000 0.0000000000 0.0000000000 0.0000000000 0.0000000000 0.0000000000 0.0000000000 0.0000000000 0.0000000000 0.0000000000 0.0000000000 0.0000000000 0.0000000000 0.0000000000 0.0000000000 0.0000000000 0.0000000000 0.0000000000 0.0000000000 0.0000000000 0.0000000000 0.0000000000 0.0000000000 0.0000000000 0.0000000000 0.0000000000 0.0000000000 0.0000000000
-1856.1990021512 1244.7437091820 0.0000000000 -455.0461633744 0.0000000000 295.5738063687 0.0000000000 -226.1165212343 0.0000000000 186.6438453221 0.0000000000 -160.7775293936 0.0000000000 142.2123320866 0.0000000000 -128.0000000000 0.0000000000 116.5737722105 0.0000000000 -107.0203438730 0.0000000000 98.7675895692 0.0000000000 -91.4348982832 0.0000000000 84.7549569646 0.0000000000 -78.5298014237 0.0000000000 72.6044097516 0.0000000000 -66.8496627975 0.0000000000 61.1503372025 0.0000000000 -55.3955902484 0.0000000000 49.4701985763 0.0000000000 -43.2450430354 0.0000000000 36.5651017168 0.0000000000 -29.2324104308 0.0000000000 20.9796561270 0.0000000000 -11.4262277895 0.0000000000 -0.0000000000 0.0000000000 14.2123320866 0.0000000000 -32.7775293936 0.0000000000 58.6438453221 0.0000000000 -98.1165212343 0.0000000000 167.5738063687 0.0000000000 -327.0461633744 0.0000000000 1116.7437091820
0.0000000000 0.0000000000 0.0000000000 0.0000000000 0.0000000000 0.0000000000 0.0000000000 0.0000000000 0.0000000000 0.0000000000 0.0000000000 0.0000000000 0.0000000000 0.0000000000 0.0000000000 0.0000000000 0.0000000000 0.0000000000 0.0000000000 0.0000000000 0.0000000000 0.0000000000 0.0000000000 0.0000000000 0.0000000000 0.0000000000 0.0000000000 0.0000000000 0.0000000000 0.0000000000 0.0000000000 0.0000000000 0.0000000000 0.0000000000 0.0000000000 0.0000000000 0.0000000000 0.0000000000 0.0000000000 0.0000000000 0.0000000000 0.0000000000 0.0000000000 0.0000000000 0.0000000000 0.0000000000 0.0000000000 0.0000000000 0.0000000000 0.0000000000 0.0000000000 0.0000000000 0.0000000000 0.0000000000 0.0000000000 0.0000000000 0.0000000000 0.0000000000 0.0000000000 0.0000000000 0.0000000000 0.0000000000 0.0000000000 0.0000000000
2259.6197903022 -1501.3630464461 0.0000000000 540.0349772080 0.0000000000 -345.9033709101 0.0000000000 261.3504453409 0.0000000000 -213.2988950686 0.0000000000 181.8108707207 0.0000000000 -159.2107684703 0.0000000000 141.9095702625 0.0000000000 -128.0000000000 0.0000000000 116.3702578701 0.0000000000 -106.3238744124 0.0000000000 97.3975177412 0.0000000000 -89.2657777802 0.0000000000 81.6876653894 0.0000000000 -74.4744666580 0.0000000000 67.4690000617 0.0000000000 -60.5309999383 0.0000000000 53.5255333420 0.0000000000 -46.3123346106 0.0000000000 38.7342222198 0.0000000000 -30.6024822588 0.0000000000 21.6761255876 0.0000000000 -11.6297421299 0.0000000000 0.0000000000 0.0000000000 13.9095702625 0.0000000000 -31.2107684703 0.0000000000 53.8108707207 0.0000000000 -85.2988950686 0.0000000000 133.3504453409 0.0000000000 -217.9033709101 0.0000000000 412.0349772080 0.0000000000 -1373.3630464461
0.0000000000 0.0000000000 0.0000000000 0.0000000000 0.0000000000 0.0000000000 0.0000000000 0.0000000000 0.0000000000 0.0000000000 0.0000000000 0.0000000000 0.0000000000 0.0000000000 0.0000000000 0.0000000000 0.0000000000 0.0000000000 0.0000000000 0.0000000000 0.0000000000 0.0000000000 0.0000000000 0.0000000000 0.0000000000 0.0000000000 0.0000000000 0.0000000000 0.0000000000 0.0000000000 0.0000000000 0.0000000000 0.0000000000 0.0000000000 0.0000000000 0.0000000000 0.0000000000 0.0000000000 0.0000000000 0.0000000000 0.0000000000 0.0000000000 0.0000000000 0.0000000000 0.0000000000 0.0000000000 0.0000000000 0.0000000000 0.0000000000 0.0000000000 0.0000000000 0.0000000000 0.0000000000 0.0000000000 0.0000000000 0.0000000000 0.0000000000 0.0000000000 0.0000000000 0.0000000000 0.0000000000 0.0000000000 0.0000000000 0.0000000000
-2761.4083348208 1820.5549362130 0.0000000000 -645.7469644097 0.0000000000 408.5050009679 0.0000000000 -305.1756026318 0.0000000000 246.4533556448 0.0000000000 -207.9728585033 0.0000000000 180.3540037783 0.0000000000 -159.2107684703 0.0000000000 142.2123320866 0.0000000000 -128.0000000000 0.0000000000 115.7226393865 0.0000000000 -104.8140273195 0.0000000000 94.8764906589 0.0000000000 -85.6155243636 0.0000000000 76.8005072607 0.0000000000 -68.2393528880 0.0000000000 59.7606471120 0.0000000000 -51.1994927393 0.0000000000 42.3844756364 0.0000000000 -33.1235093411 0.0000000000 23.1859726805 0.0000000000 -12.2773606135 0.0000000000 0.0000000000 0.0000000000 14.2123320866 0.0000000000 -31.2107684703 0.0000000000 52.3540037783 0.0000000000 -79.9728585033 0.0000000000 118.4533556448 0.0000000000 -177.1756026318 0.0000000000 280.5050009679 0.0000000000 -517.7469644097 0.0000000000 1692.5549362130
0.0000000000 0.0000000000 0.0000000000 0.0000000000 0.0000000000 0.0000000000 0.0000000000 0.0000000000 0.0000000000 0.0000000000 0.0000000000 0.0000000000 0.0000000000 0.0000000000 0.0000000000 0.0000000000 0.0000000000 0.0000000000 0.0000000000 0.0000000000 0.0000000000 0.0000000000 0.0000000000 0.0000000000 0.0000000000 0.0000000000 0.0000000000 0.0000000000 0.0000000000 0.0000000000 0.0000000000 0.0000000000 0.0000000000 0.0000000000 0.0000000000 0.0000000000 0.0000000000 0.0000000000 0.0000000000 0.0000000000 0.0000000000 0.0000000000 0.0000000000 0.0000000000 0.0000000000 0.0000000000 0.0000000000 0.0000000000 0.0000000000 0.0000000000 0.0000000000 0.0000000000 0.0000000000 0.0000000000 0.0000000000 0.0000000000 0.0000000000 0.0000000000 0.0000000000 0.0000000000 0.0000000000 0.0000000000 0.0000000000 0.0000000000
3416.8815730350 -2237.5069449478 0.0000000000 783.8357656111 0.0000000000 -490.2798713186 0.0000000000 362.4232582002 0.0000000000 -289.7621594676 0.0000000000 242.1475781883 0.0000000000 -207.9728585033 0.0000000000 181.8108707207 0.0000000000 -160.7775293936 0.0000000000 143.1916276621 0.0000000000 -128.0000000000 0.0000000000 114.5020196074 0.0000000000 -102.2056179964 0.0000000000 90.7463837051 0.0000000000 -79.8389532012 0.0000000000 69.2456446162 0.0000000000 -58.7543553838 0.0000000000 48.1610467988 0.0000000000 -37.2536162949 0.0000000000 25.7943820036 0.0000000000 -13.4979803926 0.0000000000 -0.0000000000 0.0000000000 15.1916276621 0.0000000000 -32.7775293936 0.0000000000 53.8108707207 0.0000000000 -79.9728585033 0.0000000000 114.1475781883 0.0000000000 -161.7621594676 0.0000000000 234.4232582002 0.0000000000 -362.2798713186 0.0000000000 655.8357656111 0.0000000000 -2109.5069449478
0.0000000000 0.0000000000 0.0000000000 0.0000000000 0.0000000000 0.0000000000 0.0000000000 0.0000000000 0.0000000000 0.0000000000 0.0000000000 0.0000000000 0.0000000000 0.0000000000 0.0000000000 0.0000000000 0.0000000000 0.0000000000 0.0000000000 0.0000000000 0.0000000000 0.0000000000 0.0000000000 0.0000000000 0.0000000000 0.0000000000 0.0000000000 0.0000000000 0.0000000000 0.0000000000 0.0000000000 0.0000000000 0.0000000000 0.0000000000 0.0000000000 0.0000000000 0.0000000000 0.0000000000 0.0000000000 0.0000000000 0.0000000000 0.0000000000 0.0000000000 0.0000000000 0.0000000000 0.0000000000 0.0000000000 0.0000000000 0.0000000000 0.0000000000 0.0000000000 0.0000000000 0.0000000000 0.0000000000 0.0000000000 0.0000000000 0.0000000000 0.0000000000 0.0000000000 0.0000000000 0.0000000000 0.0000000000 0.0000000000 0.0000000000
-4330.1321882596 2818.4332990635 0.0000000000 -976.2306267596 0.0000000000 604.2142721512 0.0000000000 -442.1846483225 0.0000000000 350.1029780243 0.0000000000 -289.7621594676 0.0000000000 246.4533556448 0.0000000000 -213.2988950686 0.0000000000 186.6438453221 0.0000000000 -164.3576532142 0.0000000000 145.1056672949 0.0000000000 -128.0000000000 0.0000000000 112.4170647190 0.0000000000 -97.8950515332 0.0000000000 84.0723260724 0.0000000000 -70.6476797967 0.0000000000 57.3523202033 0.0000000000 -43.9276739276 0.0000000000 30.1049484668 0.0000000000 -15.5829352810 0.0000000000 0.0000000000 0.0000000000 17.1056672949 0.0000000000 -36.3576532142 0.0000000000 58.6438453221 0.0000000000 -85.2988950686 0.0000000000 118.4533556448 0.0000000000 -161.7621594676 0.0000000000 222.1029780243 0.0000000000 -314.1846483225 0.0000000000 476.2142721512 0.0000000000 -848.2306267596 0.0000000000 2690.4332990635
0.0000000000 0.0000000000 0.0000000000 0.0000000000 0.0000000000 0.0000000000 0.0000000000 0.0000000000 0.0000000000 0.0000000000 0.0000000000 0.0000000000 0.0000000000 0.0000000000 0.0000000000 0.0000000000 0.0000000000 0.0000000000 0.0000000000 0.0000000000 0.0000000000 0.0000000000 0.0000000000 0.0000000000 0.0000000000 0.0000000000 0.0000000000 0.0000000000 0.0000000000 0.0000000000 0.0000000000 0.0000000000 0.0000000000 0.0000000000 0.0000000000 0.0000000000 0.0000000000 0.0000000000 0.0000000000 0.0000000000 0.0000000000 0.0000000000 0.0000000000 0.0000000000 0.0000000000 0.0000000000 0.0000000000 0.0000000000 0.0000000000 0.0000000000 0.0000000000 0.0000000000 0.0000000000 0.0000000000 0.0000000000 0.0000000000 0.0000000000 0.0000000000 0.0000000000 0.0000000000 0.0000000000 0.0000000000 0.0000000000 0.0000000000
5723.7765580605 -3704.9421381332 0.0000000000 1269.8302264186 0.0000000000 -778.0811533773 0.0000000000 563.9026197297 0.0000000000 -442.1846483225 0.0000000000 362.4232582002 0.0000000000 -305.1756026318 0.0000000000 261.3504453409 0.0000000000 -226.1165212343 0.0000000000 196.6575628445 0.0000000000 -171.2093638266 0.0000000000 148.5982717823 0.0000000000 -128.0000000000 0.0000000000 108.8041059638 0.0000000000 -90.5325640059 0.0000000000 72.7872222213 0.0000000000 -55.2127777787 0.0000000000 37.4674359941 0.0000000000 -19.1958940362 0.0000000000 -0.0000000000 0.0000000000 20.5982717823 0.0000000000 -43.2093638266 0.0000000000 68.6575628445 0.0000000000 -98.1165212343 0.0000000000 133.3504453409 0.0000000000 -177.1756026318 0.0000000000 234.4232582002 0.0000000000 -314.1846483225 0.0000000000 435.9026197297 0.0000000000 -650.0811533773 0.0000000000 1141.8302264186 0.0000000000 -3576.9421381332
0.0000000000 0.0000000000 0.0000000000 0.0000000000 0.0000000000 0.0000000000 0.0000000000 0.0000000000 0.0000000000 0.0000000000 0.0000000000 0.0000000000 0.0000000000 0.0000000000 0.0000000000 0.0000000000 0.0000000000 0.0000000000 0.0000000000 0.0000000000 0.0000000000 0.0000000000 0.0000000000 0.0000000000 0.0000000000 0.0000000000 0.0000000000 0.0000000000 0.0000000000 0.0000000000 0.0000000000 0.0000000000 0.0000000000 0.0000000000 0.0000000000 0.0000000000 0.0000000000 0.0000000000 0.0000000000 0.0000000000 0.0000000000 0.0000000000 0.0000000000 0.0000000000 0.0000000000 0.0000000000 0.0000000000 0.0000000000 0.0000000000 0.0000000000 0.0000000000 0.0000000000 0.0000000000 0.0000000000 0.0000000000 0.0000000000 0.0000000000 0.0000000000 0.0000000000 0.0000000000 0.0000000000 0.0000000000 0.0000000000 0.0000000000
-8176.0743091611 5264.8692468631 0.0000000000 -1786.4567443233 0.0000000000 1084.0224473408 0.0000000000 -778.0811533773 0.0000000000 604.2142721512 0.0000000000 -490.2798713186 0.0000000000 408.5050009679 0.0000000000 -345.9033709101 0.0000000000 295.5738063687 0.0000000000 -253.4934368047 0.0000000000 217.1421984056 0.0000000000 -184.8435985407 0.0000000000 155.4201926785 0.0000000000 -128.0000000000 0.0000000000 101.9001892761 0.0000000000 -76.5520241966 0.0000000000 51.4479758034 0.0000000000 -26.0998107239 0.0000000000 -0.0000000000 0.0000000000 27.4201926785 0.0000000000 -56.8435985407 0.0000000000 89.1421984056 0.0000000000 -125.4934368047 0.0000000000 167.5738063687 0.0000000000 -217.9033709101 0.0000000000 280.5050009679 0.0000000000 -362.2798713186 0.0000000000 476.2142721512 0.0000000000 -650.0811533773 0.0000000000 956.0224473408 0.0000000000 -1658.4567443233 0.0000000000 5136.8692468631
0.0000000000 0.0000000000 0.0000000000 0.0000000000 0.0000000000 0.0000000000 0.0000000000 0.0000000000 0.0000000000 0.0000000000 0.0000000000 0.0000000000 0.0000000000 0.0000000000 0.0000000000 0.0000000000 0.0000000000 0.0000000000 0.0000000000 0.0000000000 0.0000000000 0.0000000000 0.0000000000 0.0000000000 0.0000000000 0.0000000000 0.0000000000 0.0000000000 0.0000000000 0.0000000000 0.0000000000 0.0000000000 0.0000000000 0.0000000000 0.0000000000 0.0000000000 0.0000000000 0.0000000000 0.0000000000 0.0000000000 0.0000000000 0.0000000000 0.0000000000 0.0000000000 0.0000000000 0.0000000000 0.0000000000 0.0000000000 0.0000000000 0.0000000000 0.0000000000 0.0000000000 0.0000000000 0.0000000000 0.0000000000 0.0000000000 0.0000000000 0.0000000000 0.0000000000 0.0000000000 0.0000000000 0.0000000000 0.0000000000 0.0000000000
13806.4945262899 -8846.4266357643 0.0000000000 2972.6195542064 0.0000000000 -1786.4567443233 0.0000000000 1269.8302264186 0.0000000000 -976.2306267596 0.0000000000 783.8357656111 0.0000000000 -645.7469644097 0.0000000000 540.0349772080 0.0000000000 -455.0461633744 0.0000000000 383.9873189851 0.0000000000 -322.6029485645 0.0000000000 268.0620496710 0.0000000000 -218.3763354001 0.0000000000 172.0733388996 0.0000000000 -128.0000000000 0.0000000000 85.1959244511 0.0000000000 -42.8040755489 0.0000000000 -0.0000000000 0.0000000000 44.0733388996 0.0000000000 -90.3763354001 0.0000000000 140.0620496710 0.0000000000 -194.6029485645 0.0000000000 255.9873189851 0.0000000000 -327.0461633744 0.0000000000 412.0349772080 0.0000000000 -517.7469644097 0.0000000000 655.8357656111 0.0000000000 -848.2306267596 0.0000000000 1141.8302264186 0.0000000000 -1658.4567443233 0.0000000000 2844.6195542064 0.0000000000 -8718.4266357643
0.0000000000 0.0000000000 0.0000000000 0.0000000000 0.0000000000 0.0000000000 0.0000000000 0.0000000000 0.0000000000 0.0000000000 0.0000000000 0.0000000000 0.0000000000 0.0000000000 0.0000000000 0.0000000000 0.0000000000 0.0000000000 0.0000000000 0.0000000000 0.0000000000 0.0000000000 0.0000000000 0.0000000000 0.0000000000 0.0000000000 0.0000000000 0.0000000000 0.0000000000 0.0000000000 0.0000000000 0.0000000000 0.0000000000 0.0000000000 0.0000000000 0.0000000000 0.0000000000 0.0000000000 0.0000000000 0.0000000000 0.0000000000 0.0000000000 0.0000000000 0.0000000000 0.0000000000 0.0000000000 0.0000000000 0.0000000000 0.0000000000 0.0000000000 0.0000000000 0.0000000000 0.0000000000 0.0000000000 0.0000000000 0.0000000000 0.0000000000 0.0000000000 0.0000000000 0.0000000000 0.0000000000 0.0000000000 0.0000000000 0.0000000000
-41687.9976959738 26582.0839828417 0.0000000000 -8846.4266357643 0.0000000000 5264.8692468631 0.0000000000 -3704.9421381332 0.0000000000 2818.4332990635 0.0000000000 -2237.5069449478 0.0000000000 1820.5549362130 0.0000000000 -1501.3630464461 0.0000000000 1244.7437091820 0.0000000000 -1030.1851957564 0.0000000000 844.8382571985 0.0000000000 -680.1548277386 0.0000000000 530.1313776802 0.0000000000 -390.3218693540 0.0000000000 257.2446970853 0.0000000000 -128.0000000000 0.0000000000 -0.0000000000 0.0000000000 129.2446970853 0.0000000000 -262.3218693540 0.0000000000 402.1313776802 0.0000000000 -552.1548277386 0.0000000000 716.8382571985 0.0000000000 -902.1851957564 0.0000000000 1116.7437091820 0.0000000000 -1373.3630464461 0.0000000000 1692.5549362130 0.0000000000 -2109.5069449478 0.0000000000 2690.4332990635 0.0000000000 -3576.9421381332 0.0000000000 5136.8692468631 0.0000000000 -8718.4266357643 0.0000000000 26454.0839828417
