12.1889722639 11.7377940861 0.0000000000 10.6424130387 0.0000000000 10.1380462248 0.0000000000 9.8112853522 0.0000000000 9.5729729868 0.0000000000 9.3886470890 0.0000000000 9.2413474883 0.0000000000 9.1214940432 0.0000000000 9.0231724786 0.0000000000 8.9425041499 0.0000000000 8.8768384042 0.0000000000 8.8243161602 0.0000000000 8.7836186380 0.0000000000 8.7538161333 0.0000000000 8.7342747508 0.0000000000 8.7245990958 0.0000000000 8.7245990958 0.0000000000 8.7342747508 0.0000000000 8.7538161333 0.0000000000 8.7836186380 0.0000000000 8.8243161602 0.0000000000 8.8768384042 0.0000000000 8.9425041499 0.0000000000 9.0231724786 0.0000000000 9.1214940432 0.0000000000 9.2413474883 0.0000000000 9.3886470890 0.0000000000 9.5729729868 0.0000000000 9.8112853522 0.0000000000 10.1380462248 0.0000000000 10.6424130387 0.0000000000 11.7377940861
11.7377940861 11.2866175617 0.0000000000 10.1912455771 0.0000000000 9.6868876945 0.0000000000 9.3601355358 0.0000000000 9.1218315828 0.0000000000 8.9375137150 0.0000000000 8.7902216847 0.0000000000 8.6703752776 0.0000000000 8.5720601507 0.0000000000 8.4913975976 0.0000000000 8.4257369097 0.0000000000 8.3732189571 0.0000000000 8.3325249187 0.0000000000 8.3027250565 0.0000000000 8.2831854499 0.0000000000 8.2735106873 0.0000000000 8.2735106873 0.0000000000 8.2831854499 0.0000000000 8.3027250565 0.0000000000 8.3325249187 0.0000000000 8.3732189571 0.0000000000 8.4257369097 0.0000000000 8.4913975976 0.0000000000 8.5720601507 0.0000000000 8.6703752776 0.0000000000 8.7902216847 0.0000000000 8.9375137150 0.0000000000 9.1218315828 0.0000000000 9.3601355358 0.0000000000 9.6868876945 0.0000000000 10.1912455771 0.0000000000 11.2866175617
0.0000000000 0.0000000000 0.0000000000 0.0000000000 0.0000000000 0.0000000000 0.0000000000 0.0000000000 0.0000000000 0.0000000000 0.0000000000 0.0000000000 0.0000000000 0.0000000000 0.0000000000 0.0000000000 0.0000000000 0.0000000000 0.0000000000 0.0000000000 0.0000000000 0.0000000000 0.0000000000 0.0000000000 0.0000000000 0.0000000000 0.0000000000 0.0000000000 0.0000000000 0.0000000000 0.0000000000 0.0000000000 0.0000000000 0.0000000000 0.0000000000 0.0000000000 0.0000000000 0.0000000000 0.0000000000 0.0000000000 0.0000000000 0.0000000000 0.0000000000 0.0000000000 0.0000000000 0.0000000000 0.0000000000 0.0000000000 0.0000000000 0.0000000000 0.0000000000 0.0000000000 0.0000000000 0.0000000000 0.0000000000 0.0000000000 0.0000000000 0.0000000000 0.0000000000 0.0000000000 0.0000000000 0.0000000000 0.0000000000 0.0000000000
10.6424130387 10.1912455771 0.0000000000 9.0959232648 0.0000000000 8.5916143308 0.0000000000 8.2649099261 0.0000000000 8.0266520730 0.0000000000 7.8423782074 0.0000000000 7.6951276586 0.0000000000 7.5753198133 0.0000000000 7.4770399581 0.0000000000 7.3964090474 0.0000000000 7.3307760688 0.0000000000 7.2782816261 0.0000000000 7.2376066723 0.0000000000 7.2078212863 0.0000000000 7.1882914085 0.0000000000 7.1786215336 0.0000000000 7.1786215336 0.0000000000 7.1882914085 0.0000000000 7.2078212863 0.0000000000 7.2376066723 0.0000000000 7.2782816261 0.0000000000 7.3307760688 0.0000000000 7.3964090474 0.0000000000 7.4770399581 0.0000000000 7.5753198133 0.0000000000 7.6951276586 0.0000000000 7.8423782074 0.0000000000 8.0266520730 0.0000000000 8.2649099261 0.0000000000 8.5916143308 0.0000000000 9.0959232648 0.0000000000 10.1912455771
0.0000000000 0.0000000000 0.0000000000 0.0000000000 0.0000000000 0.0000000000 0.0000000000 0.0000000000 0.0000000000 0.0000000000 0.0000000000 0.0000000000 0.0000000000 0.0000000000 0.0000000000 0.0000000000 0.0000000000 0.0000000000 0.0000000000 0.0000000000 0.0000000000 0.0000000000 0.0000000000 0.0000000000 0.0000000000 0.0000000000 0.0000000000 0.0000000000 0.0000000000 0.0000000000 0.0000000000 0.0000000000 0.0000000000 0.0000000000 0.0000000000 0.0000000000 0.0000000000 0.0000000000 0.0000000000 0.0000000000 0.0000000000 0.0000000000 0.0000000000 0.0000000000 0.0000000000 0.0000000000 0.0000000000 0.0000000000 0.0000000000 0.0000000000 0.0000000000 0.0000000000 0.0000000000 0.0000000000 0.0000000000 0.0000000000 0.0000000000 0.0000000000 0.0000000000 0.0000000000 0.0000000000 0.0000000000 0.0000000000 0.0000000000
10.1380462248 9.6868876945 0.0000000000 8.5916143308 0.0000000000 8.0873536278 0.0000000000 7.7606962724 0.0000000000 7.5224838345 0.0000000000 7.3382533139 0.0000000000 7.1910436235 0.0000000000 7.0712737578 0.0000000000 6.9730286392 0.0000000000 6.8924288888 0.0000000000 6.8268231956 0.0000000000 6.7743519020 0.0000000000 6.7336957392 0.0000000000 6.7039246062 0.0000000000 6.6844043068 0.0000000000 6.6747392442 0.0000000000 6.6747392442 0.0000000000 6.6844043068 0.0000000000 6.7039246062 0.0000000000 6.7336957392 0.0000000000 6.7743519020 0.0000000000 6.8268231956 0.0000000000 6.8924288888 0.0000000000 6.9730286392 0.0000000000 7.0712737578 0.0000000000 7.1910436235 0.0000000000 7.3382533139 0.0000000000 7.5224838345 0.0000000000 7.7606962724 0.0000000000 8.0873536278 0.0000000000 8.5916143308 0.0000000000 9.6868876945
0.0000000000 0.0000000000 0.0000000000 0.0000000000 0.0000000000 0.0000000000 0.0000000000 0.0000000000 0.0000000000 0.0000000000 0.0000000000 0.0000000000 0.0000000000 0.0000000000 0.0000000000 0.0000000000 0.0000000000 0.0000000000 0.0000000000 0.0000000000 0.0000000000 0.0000000000 0.0000000000 0.0000000000 0.0000000000 0.0000000000 0.0000000000 0.0000000000 0.0000000000 0.0000000000 0.0000000000 0.0000000000 0.0000000000 0.0000000000 0.0000000000 0.0000000000 0.0000000000 0.0000000000 0.0000000000 0.0000000000 0.0000000000 0.0000000000 0.0000000000 0.0000000000 0.0000000000 0.0000000000 0.0000000000 0.0000000000 0.0000000000 0.0000000000 0.0000000000 0.0000000000 0.0000000000 0.0000000000 0.0000000000 0.0000000000 0.0000000000 0.0000000000 0.0000000000 0.0000000000 0.0000000000 0.0000000000 0.0000000000 0.0000000000
9.8112853522 9.3601355358 0.0000000000 8.2649099261 0.0000000000 7.7606962724 0.0000000000 7.4340848092 0.0000000000 7.1959166657 0.0000000000 7.0117284166 0.0000000000 6.8645585693 0.0000000000 6.7448257367 0.0000000000 6.6466144863 0.0000000000 6.5660451154 0.0000000000 6.5004660225 0.0000000000 6.4480172955 0.0000000000 6.4073794501 0.0000000000 6.3776222104 0.0000000000 6.3581112476 0.0000000000 6.3484508757 0.0000000000 6.3484508757 0.0000000000 6.3581112476 0.0000000000 6.3776222104 0.0000000000 6.4073794501 0.0000000000 6.4480172955 0.0000000000 6.5004660225 0.0000000000 6.5660451154 0.0000000000 6.6466144863 0.0000000000 6.7448257367 0.0000000000 6.8645585693 0.0000000000 7.0117284166 0.0000000000 7.1959166657 0.0000000000 7.4340848092 0.0000000000 7.7606962724 0.0000000000 8.2649099261 0.0000000000 9.3601355358
0.0000000000 0.0000000000 0.0000000000 0.0000000000 0.0000000000 0.0000000000 0.0000000000 0.0000000000 0.0000000000 0.0000000000 0.0000000000 0.0000000000 0.0000000000 0.0000000000 0.0000000000 0.0000000000 0.0000000000 0.0000000000 0.0000000000 0.0000000000 0.0000000000 0.0000000000 0.0000000000 0.0000000000 0.0000000000 0.0000000000 0.0000000000 0.0000000000 0.0000000000 0.0000000000 0.0000000000 0.0000000000 0.0000000000 0.0000000000 0.0000000000 0.0000000000 0.0000000000 0.0000000000 0.0000000000 0.0000000000 0.0000000000 0.0000000000 0.0000000000 0.0000000000 0.0000000000 0.0000000000 0.0000000000 0.0000000000 0.0000000000 0.0000000000 0.0000000000 0.0000000000 0.0000000000 0.0000000000 0.0000000000 0.0000000000 0.0000000000 0.0000000000 0.0000000000 0.0000000000 0.0000000000 0.0000000000 0.0000000000 0.0000000000
9.5729729868 9.1218315828 0.0000000000 8.0266520730 0.0000000000 7.5224838345 0.0000000000 7.1959166657 0.0000000000 6.9577912707 0.0000000000 6.7736438141 0.0000000000 6.6265124129 0.0000000000 6.5068153121 0.0000000000 6.4086367378 0.0000000000 6.3280966752 0.0000000000 6.2625432430 0.0000000000 6.2101162846 0.0000000000 6.1694961081 0.0000000000 6.1397522695 0.0000000000 6.1202503122 0.0000000000 6.1105944646 0.0000000000 6.1105944646 0.0000000000 6.1202503122 0.0000000000 6.1397522695 0.0000000000 6.1694961081 0.0000000000 6.2101162846 0.0000000000 6.2625432430 0.0000000000 6.3280966752 0.0000000000 6.4086367378 0.0000000000 6.5068153121 0.0000000000 6.6265124129 0.0000000000 6.7736438141 0.0000000000 6.9577912707 0.0000000000 7.1959166657 0.0000000000 7.5224838345 0.0000000000 8.0266520730 0.0000000000 9.1218315828
0.0000000000 0.0000000000 0.0000000000 0.0000000000 0.0000000000 0.0000000000 0.0000000000 0.0000000000 0.0000000000 0.0000000000 0.0000000000 0.0000000000 0.0000000000 0.0000000000 0.0000000000 0.0000000000 0.0000000000 0.0000000000 0.0000000000 0.0000000000 0.0000000000 0.0000000000 0.0000000000 0.0000000000 0.0000000000 0.0000000000 0.0000000000 0.0000000000 0.0000000000 0.0000000000 0.0000000000 0.0000000000 0.0000000000 0.0000000000 0.0000000000 0.0000000000 0.0000000000 0.0000000000 0.0000000000 0.0000000000 0.0000000000 0.0000000000 0.0000000000 0.0000000000 0.0000000000 0.0000000000 0.0000000000 0.0000000000 0.0000000000 0.0000000000 0.0000000000 0.0000000000 0.0000000000 0.0000000000 0.0000000000 0.0000000000 0.0000000000 0.0000000000 0.0000000000 0.0000000000 0.0000000000 0.0000000000 0.0000000000 0.0000000000
9.3886470890 8.9375137150 0.0000000000 7.8423782074 0.0000000000 7.3382533139 0.0000000000 7.0117284166 0.0000000000 6.7736438141 0.0000000000 6.5895352806 0.0000000000 6.4424405607 0.0000000000 6.3227775491 0.0000000000 6.2246301466 0.0000000000 6.1441180413 0.0000000000 6.0785890856 0.0000000000 6.0261828903 0.0000000000 5.9855795661 0.0000000000 5.9558485086 0.0000000000 5.9363551400 0.0000000000 5.9267036073 0.0000000000 5.9267036073 0.0000000000 5.9363551400 0.0000000000 5.9558485086 0.0000000000 5.9855795661 0.0000000000 6.0261828903 0.0000000000 6.0785890856 0.0000000000 6.1441180413 0.0000000000 6.2246301466 0.0000000000 6.3227775491 0.0000000000 6.4424405607 0.0000000000 6.5895352806 0.0000000000 6.7736438141 0.0000000000 7.0117284166 0.0000000000 7.3382533139 0.0000000000 7.8423782074 0.0000000000 8.9375137150
0.0000000000 0.0000000000 0.0000000000 0.0000000000 0.0000000000 0.0000000000 0.0000000000 0.0000000000 0.0000000000 0.0000000000 0.0000000000 0.0000000000 0.0000000000 0.0000000000 0.0000000000 0.0000000000 0.0000000000 0.0000000000 0.0000000000 0.0000000000 0.0000000000 0.0000000000 0.0000000000 0.0000000000 0.0000000000 0.0000000000 0.0000000000 0.0000000000 0.0000000000 0.0000000000 0.0000000000 0.0000000000 0.0000000000 0.0000000000 0.0000000000 0.0000000000 0.0000000000 0.0000000000 0.0000000000 0.0000000000 0.0000000000 0.0000000000 0.0000000000 0.0000000000 0.0000000000 0.0000000000 0.0000000000 0.0000000000 0.0000000000 0.0000000000 0.0000000000 0.0000000000 0.0000000000 0.0000000000 0.0000000000 0.0000000000 0.0000000000 0.0000000000 0.0000000000 0.0000000000 0.0000000000 0.0000000000 0.0000000000 0.0000000000
9.2413474883 8.7902216847 0.0000000000 7.6951276586 0.0000000000 7.1910436235 0.0000000000 6.8645585693 0.0000000000 6.6265124129 0.0000000000 6.4424405607 0.0000000000 6.2953804070 0.0000000000 6.1757495166 0.0000000000 6.0776314845 0.0000000000 5.9971457193 0.0000000000 5.9316398234 0.0000000000 5.8792531883 0.0000000000 5.8386657393 0.0000000000 5.8089467218 0.0000000000 5.7894614438 0.0000000000 5.7798139755 0.0000000000 5.7798139755 0.0000000000 5.7894614438 0.0000000000 5.8089467218 0.0000000000 5.8386657393 0.0000000000 5.8792531883 0.0000000000 5.9316398234 0.0000000000 5.9971457193 0.0000000000 6.0776314845 0.0000000000 6.1757495166 0.0000000000 6.2953804070 0.0000000000 6.4424405607 0.0000000000 6.6265124129 0.0000000000 6.8645585693 0.0000000000 7.1910436235 0.0000000000 7.6951276586 0.0000000000 8.7902216847
0.0000000000 0.0000000000 0.0000000000 0.0000000000 0.0000000000 0.0000000000 0.0000000000 0.0000000000 0.0000000000 0.0000000000 0.0000000000 0.0000000000 0.0000000000 0.0000000000 0.0000000000 0.0000000000 0.0000000000 0.0000000000 0.0000000000 0.0000000000 0.0000000000 0.0000000000 0.0000000000 0.0000000000 0.0000000000 0.0000000000 0.0000000000 0.0000000000 0.0000000000 0.0000000000 0.0000000000 0.0000000000 0.0000000000 0.0000000000 0.0000000000 0.0000000000 0.0000000000 0.0000000000 0.0000000000 0.0000000000 0.0000000000 0.0000000000 0.0000000000 0.0000000000 0.0000000000 0.0000000000 0.0000000000 0.0000000000 0.0000000000 0.0000000000 0.0000000000 0.0000000000 0.0000000000 0.0000000000 0.0000000000 0.0000000000 0.0000000000 0.0000000000 0.0000000000 0.0000000000 0.0000000000 0.0000000000 0.0000000000 0.0000000000
9.1214940432 8.6703752776 0.0000000000 7.5753198133 0.0000000000 7.0712737578 0.0000000000 6.7448257367 0.0000000000 6.5068153121 0.0000000000 6.3227775491 0.0000000000 6.1757495166 0.0000000000 6.0561484736 0.0000000000 5.9580577311 0.0000000000 5.8775964388 0.0000000000 5.8121119666 0.0000000000 5.7597435034 0.0000000000 5.7191708025 0.0000000000 5.6894629696 0.0000000000 5.6699852073 0.0000000000 5.6603415147 0.0000000000 5.6603415147 0.0000000000 5.6699852073 0.0000000000 5.6894629696 0.0000000000 5.7191708025 0.0000000000 5.7597435034 0.0000000000 5.8121119666 0.0000000000 5.8775964388 0.0000000000 5.9580577311 0.0000000000 6.0561484736 0.0000000000 6.1757495166 0.0000000000 6.3227775491 0.0000000000 6.5068153121 0.0000000000 6.7448257367 0.0000000000 7.0712737578 0.0000000000 7.5753198133 0.0000000000 8.6703752776
0.0000000000 0.0000000000 0.0000000000 0.0000000000 0.0000000000 0.0000000000 0.0000000000 0.0000000000 0.0000000000 0.0000000000 0.0000000000 0.0000000000 0.0000000000 0.0000000000 0.0000000000 0.0000000000 0.0000000000 0.0000000000 0.0000000000 0.0000000000 0.0000000000 0.0000000000 0.0000000000 0.0000000000 0.0000000000 0.0000000000 0.0000000000 0.0000000000 0.0000000000 0.0000000000 0.0000000000 0.0000000000 0.0000000000 0.0000000000 0.0000000000 0.0000000000 0.0000000000 0.0000000000 0.0000000000 0.0000000000 0.0000000000 0.0000000000 0.0000000000 0.0000000000 0.0000000000 0.0000000000 0.0000000000 0.0000000000 0.0000000000 0.0000000000 0.0000000000 0.0000000000 0.0000000000 0.0000000000 0.0000000000 0.0000000000 0.0000000000 0.0000000000 0.0000000000 0.0000000000 0.0000000000 0.0000000000 0.0000000000 0.0000000000
9.0231724786 8.5720601507 0.0000000000 7.4770399581 0.0000000000 6.9730286392 0.0000000000 6.6466144863 0.0000000000 6.4086367378 0.0000000000 6.2246301466 0.0000000000 6.0776314845 0.0000000000 5.9580577311 0.0000000000 5.8599919384 0.0000000000 5.7795530193 0.0000000000 5.7140881322 0.0000000000 5.6617362806 0.0000000000 5.6211770610 0.0000000000 5.5914794519 0.0000000000 5.5720085594 0.0000000000 5.5623683179 0.0000000000 5.5623683179 0.0000000000 5.5720085594 0.0000000000 5.5914794519 0.0000000000 5.6211770610 0.0000000000 5.6617362806 0.0000000000 5.7140881322 0.0000000000 5.7795530193 0.0000000000 5.8599919384 0.0000000000 5.9580577311 0.0000000000 6.0776314845 0.0000000000 6.2246301466 0.0000000000 6.4086367378 0.0000000000 6.6466144863 0.0000000000 6.9730286392 0.0000000000 7.4770399581 0.0000000000 8.5720601507
0.0000000000 0.0000000000 0.0000000000 0.0000000000 0.0000000000 0.0000000000 0.0000000000 0.0000000000 0.0000000000 0.0000000000 0.0000000000 0.0000000000 0.0000000000 0.0000000000 0.0000000000 0.0000000000 0.0000000000 0.0000000000 0.0000000000 0.0000000000 0.0000000000 0.0000000000 0.0000000000 0.0000000000 0.0000000000 0.0000000000 0.0000000000 0.0000000000 0.0000000000 0.0000000000 0.0000000000 0.0000000000 0.0000000000 0.0000000000 0.0000000000 0.0000000000 0.0000000000 0.0000000000 0.0000000000 0.0000000000 0.0000000000 0.0000000000 0.0000000000 0.0000000000 0.0000000000 0.0000000000 0.0000000000 0.0000000000 0.0000000000 0.0000000000 0.0000000000 0.0000000000 0.0000000000 0.0000000000 0.0000000000 0.0000000000 0.0000000000 0.0000000000 0.0000000000 0.0000000000 0.0000000000 0.0000000000 0.0000000000 0.0000000000
8.9425041499 8.4913975976 0.0000000000 7.3964090474 0.0000000000 6.8924288888 0.0000000000 6.5660451154 0.0000000000 6.3280966752 0.0000000000 6.1441180413 0.0000000000 5.9971457193 0.0000000000 5.8775964388 0.0000000000 5.7795530193 0.0000000000 5.6991341623 0.0000000000 5.6336868363 0.0000000000 5.5813498791 0.0000000000 5.5408027468 0.0000000000 5.5111143041 0.0000000000 5.4916495709 0.0000000000 5.4820124236 0.0000000000 5.4820124236 0.0000000000 5.4916495709 0.0000000000 5.5111143041 0.0000000000 5.5408027468 0.0000000000 5.5813498791 0.0000000000 5.6336868363 0.0000000000 5.6991341623 0.0000000000 5.7795530193 0.0000000000 5.8775964388 0.0000000000 5.9971457193 0.0000000000 6.1441180413 0.0000000000 6.3280966752 0.0000000000 6.5660451154 0.0000000000 6.8924288888 0.0000000000 7.3964090474 0.0000000000 8.4913975976
0.0000000000 0.0000000000 0.0000000000 0.0000000000 0.0000000000 0.0000000000 0.0000000000 0.0000000000 0.0000000000 0.0000000000 0.0000000000 0.0000000000 0.0000000000 0.0000000000 0.0000000000 0.0000000000 0.0000000000 0.0000000000 0.0000000000 0.0000000000 0.0000000000 0.0000000000 0.0000000000 0.0000000000 0.0000000000 0.0000000000 0.0000000000 0.0000000000 0.0000000000 0.0000000000 0.0000000000 0.0000000000 0.0000000000 0.0000000000 0.0000000000 0.0000000000 0.0000000000 0.0000000000 0.0000000000 0.0000000000 0.0000000000 0.0000000000 0.0000000000 0.0000000000 0.0000000000 0.0000000000 0.0000000000 0.0000000000 0.0000000000 0.0000000000 0.0000000000 0.0000000000 0.0000000000 0.0000000000 0.0000000000 0.0000000000 0.0000000000 0.0000000000 0.0000000000 0.0000000000 0.0000000000 0.0000000000 0.0000000000 0.0000000000
8.8768384042 8.4257369097 0.0000000000 7.3307760688 0.0000000000 6.8268231956 0.0000000000 6.5004660225 0.0000000000 6.2625432430 0.0000000000 6.0785890856 0.0000000000 5.9316398234 0.0000000000 5.8121119666 0.0000000000 5.7140881322 0.0000000000 5.6336868363 0.0000000000 5.5682548816 0.0000000000 5.5159309613 0.0000000000 5.4753944086 0.0000000000 5.4457139888 0.0000000000 5.4262546463 0.0000000000 5.4166202072 0.0000000000 5.4166202072 0.0000000000 5.4262546463 0.0000000000 5.4457139888 0.0000000000 5.4753944086 0.0000000000 5.5159309613 0.0000000000 5.5682548816 0.0000000000 5.6336868363 0.0000000000 5.7140881322 0.0000000000 5.8121119666 0.0000000000 5.9316398234 0.0000000000 6.0785890856 0.0000000000 6.2625432430 0.0000000000 6.5004660225 0.0000000000 6.8268231956 0.0000000000 7.3307760688 0.0000000000 8.4257369097
0.0000000000 0.0000000000 0.0000000000 0.0000000000 0.0000000000 0.0000000000 0.0000000000 0.0000000000 0.0000000000 0.0000000000 0.0000000000 0.0000000000 0.0000000000 0.0000000000 0.0000000000 0.0000000000 0.0000000000 0.0000000000 0.0000000000 0.0000000000 0.0000000000 0.0000000000 0.0000000000 0.0000000000 0.0000000000 0.0000000000 0.0000000000 0.0000000000 0.0000000000 0.0000000000 0.0000000000 0.0000000000 0.0000000000 0.0000000000 0.0000000000 0.0000000000 0.0000000000 0.0000000000 0.0000000000 0.0000000000 0.0000000000 0.0000000000 0.0000000000 0.0000000000 0.0000000000 0.0000000000 0.0000000000 0.0000000000 0.0000000000 0.0000000000 0.0000000000 0.0000000000 0.0000000000 0.0000000000 0.0000000000 0.0000000000 0.0000000000 0.0000000000 0.0000000000 0.0000000000 0.0000000000 0.0000000000 0.0000000000 0.0000000000
8.8243161602 8.3732189571 0.0000000000 7.2782816261 0.0000000000 6.7743519020 0.0000000000 6.4480172955 0.0000000000 6.2101162846 0.0000000000 6.0261828903 0.0000000000 5.8792531883 0.0000000000 5.7597435034 0.0000000000 5.6617362806 0.0000000000 5.5813498791 0.0000000000 5.5159309613 0.0000000000 5.4636180975 0.0000000000 5.4230905172 0.0000000000 5.3934169013 0.0000000000 5.3739621305 0.0000000000 5.3643299880 0.0000000000 5.3643299880 0.0000000000 5.3739621305 0.0000000000 5.3934169013 0.0000000000 5.4230905172 0.0000000000 5.4636180975 0.0000000000 5.5159309613 0.0000000000 5.5813498791 0.0000000000 5.6617362806 0.0000000000 5.7597435034 0.0000000000 5.8792531883 0.0000000000 6.0261828903 0.0000000000 6.2101162846 0.0000000000 6.4480172955 0.0000000000 6.7743519020 0.0000000000 7.2782816261 0.0000000000 8.3732189571
0.0000000000 0.0000000000 0.0000000000 0.0000000000 0.0000000000 0.0000000000 0.0000000000 0.0000000000 0.0000000000 0.0000000000 0.0000000000 0.0000000000 0.0000000000 0.0000000000 0.0000000000 0.0000000000 0.0000000000 0.0000000000 0.0000000000 0.0000000000 0.0000000000 0.0000000000 0.0000000000 0.0000000000 0.0000000000 0.0000000000 0.0000000000 0.0000000000 0.0000000000 0.0000000000 0.0000000000 0.0000000000 0.0000000000 0.0000000000 0.0000000000 0.0000000000 0.0000000000 0.0000000000 0.0000000000 0.0000000000 0.0000000000 0.0000000000 0.0000000000 0.0000000000 0.0000000000 0.0000000000 0.0000000000 0.0000000000 0.0000000000 0.0000000000 0.0000000000 0.0000000000 0.0000000000 0.0000000000 0.0000000000 0.0000000000 0.0000000000 0.0000000000 0.0000000000 0.0000000000 0.0000000000 0.0000000000 0.0000000000 0.0000000000
8.7836186380 8.3325249187 0.0000000000 7.2376066723 0.0000000000 6.7336957392 0.0000000000 6.4073794501 0.0000000000 6.1694961081 0.0000000000 5.9855795661 0.0000000000 5.8386657393 0.0000000000 5.7191708025 0.0000000000 5.6211770610 0.0000000000 5.5408027468 0.0000000000 5.4753944086 0.0000000000 5.4230905172 0.0000000000 5.3825702177 0.0000000000 5.3529021230 0.0000000000 5.3334510620 0.0000000000 5.3238207831 0.0000000000 5.3238207831 0.0000000000 5.3334510620 0.0000000000 5.3529021230 0.0000000000 5.3825702177 0.0000000000 5.4230905172 0.0000000000 5.4753944086 0.0000000000 5.5408027468 0.0000000000 5.6211770610 0.0000000000 5.7191708025 0.0000000000 5.8386657393 0.0000000000 5.9855795661 0.0000000000 6.1694961081 0.0000000000 6.4073794501 0.0000000000 6.7336957392 0.0000000000 7.2376066723 0.0000000000 8.3325249187
0.0000000000 0.0000000000 0.0000000000 0.0000000000 0.0000000000 0.0000000000 0.0000000000 0.0000000000 0.0000000000 0.0000000000 0.0000000000 0.0000000000 0.0000000000 0.0000000000 0.0000000000 0.0000000000 0.0000000000 0.0000000000 0.0000000000 0.0000000000 0.0000000000 0.0000000000 0.0000000000 0.0000000000 0.0000000000 0.0000000000 0.0000000000 0.0000000000 0.0000000000 0.0000000000 0.0000000000 0.0000000000 0.0000000000 0.0000000000 0.0000000000 0.0000000000 0.0000000000 0.0000000000 0.0000000000 0.0000000000 0.0000000000 0.0000000000 0.0000000000 0.0000000000 0.0000000000 0.0000000000 0.0000000000 0.0000000000 0.0000000000 0.0000000000 0.0000000000 0.0000000000 0.0000000000 0.0000000000 0.0000000000 0.0000000000 0.0000000000 0.0000000000 0.0000000000 0.0000000000 0.0000000000 0.0000000000 0.0000000000 0.0000000000
8.7538161333 8.3027250565 0.0000000000 7.2078212863 0.0000000000 6.7039246062 0.0000000000 6.3776222104 0.0000000000 6.1397522695 0.0000000000 5.9558485086 0.0000000000 5.8089467218 0.0000000000 5.6894629696 0.0000000000 5.5914794519 0.0000000000 5.5111143041 0.0000000000 5.4457139888 0.0000000000 5.3934169013 0.0000000000 5.3529021230 0.0000000000 5.3232382151 0.0000000000 5.3037899672 0.0000000000 5.2941611013 0.0000000000 5.2941611013 0.0000000000 5.3037899672 0.0000000000 5.3232382151 0.0000000000 5.3529021230 0.0000000000 5.3934169013 0.0000000000 5.4457139888 0.0000000000 5.5111143041 0.0000000000 5.5914794519 0.0000000000 5.6894629696 0.0000000000 5.8089467218 0.0000000000 5.9558485086 0.0000000000 6.1397522695 0.0000000000 6.3776222104 0.0000000000 6.7039246062 0.0000000000 7.2078212863 0.0000000000 8.3027250565
0.0000000000 0.0000000000 0.0000000000 0.0000000000 0.0000000000 0.0000000000 0.0000000000 0.0000000000 0.0000000000 0.0000000000 0.0000000000 0.0000000000 0.0000000000 0.0000000000 0.0000000000 0.0000000000 0.0000000000 0.0000000000 0.0000000000 0.0000000000 0.0000000000 0.0000000000 0.0000000000 0.0000000000 0.0000000000 0.0000000000 0.0000000000 0.0000000000 0.0000000000 0.0000000000 0.0000000000 0.0000000000 0.0000000000 0.0000000000 0.0000000000 0.0000000000 0.0000000000 0.0000000000 0.0000000000 0.0000000000 0.0000000000 0.0000000000 0.0000000000 0.0000000000 0.0000000000 0.0000000000 0.0000000000 0.0000000000 0.0000000000 0.0000000000 0.0000000000 0.0000000000 0.0000000000 0.0000000000 0.0000000000 0.0000000000 0.0000000000 0.0000000000 0.0000000000 0.0000000000 0.0000000000 0.0000000000 0.0000000000 0.0000000000
8.7342747508 8.2831854499 0.0000000000 7.1882914085 0.0000000000 6.6844043068 0.0000000000 6.3581112476 0.0000000000 6.1202503122 0.0000000000 5.9363551400 0.0000000000 5.7894614438 0.0000000000 5.6699852073 0.0000000000 5.5720085594 0.0000000000 5.4916495709 0.0000000000 5.4262546463 0.0000000000 5.3739621305 0.0000000000 5.3334510620 0.0000000000 5.3037899672 0.0000000000 5.2843436094 0.0000000000 5.2747156931 0.0000000000 5.2747156931 0.0000000000 5.2843436094 0.0000000000 5.3037899672 0.0000000000 5.3334510620 0.0000000000 5.3739621305 0.0000000000 5.4262546463 0.0000000000 5.4916495709 0.0000000000 5.5720085594 0.0000000000 5.6699852073 0.0000000000 5.7894614438 0.0000000000 5.9363551400 0.0000000000 6.1202503122 0.0000000000 6.3581112476 0.0000000000 6.6844043068 0.0000000000 7.1882914085 0.0000000000 8.2831854499
0.0000000000 0.0000000000 0.0000000000 0.0000000000 0.0000000000 0.0000000000 0.0000000000 0.0000000000 0.0000000000 0.0000000000 0.0000000000 0.0000000000 0.0000000000 0.0000000000 0.0000000000 0.0000000000 0.0000000000 0.0000000000 0.0000000000 0.0000000000 0.0000000000 0.0000000000 0.0000000000 0.0000000000 0.0000000000 0.0000000000 0.0000000000 0.0000000000 0.0000000000 0.0000000000 0.0000000000 0.0000000000 0.0000000000 0.0000000000 0.0000000000 0.0000000000 0.0000000000 0.0000000000 0.0000000000 0.0000000000 0.0000000000 0.0000000000 0.0000000000 0.0000000000 0.0000000000 0.0000000000 0.0000000000 0.0000000000 0.0000000000 0.0000000000 0.0000000000 0.0000000000 0.0000000000 0.0000000000 0.0000000000 0.0000000000 0.0000000000 0.0000000000 0.0000000000 0.0000000000 0.0000000000 0.0000000000 0.0000000000 0.0000000000
8.7245990958 8.2735106873 0.0000000000 7.1786215336 0.0000000000 6.6747392442 0.0000000000 6.3484508757 0.0000000000 6.1105944646 0.0000000000 5.9267036073 0.0000000000 5.7798139755 0.0000000000 5.6603415147 0.0000000000 5.5623683179 0.0000000000 5.4820124236 0.0000000000 5.4166202072 0.0000000000 5.3643299880 0.0000000000 5.3238207831 0.0000000000 5.2941611013 0.0000000000 5.2747156931 0.0000000000 5.2650882537 0.0000000000 5.2650882537 0.0000000000 5.2747156931 0.0000000000 5.2941611013 0.0000000000 5.3238207831 0.0000000000 5.3643299880 0.0000000000 5.4166202072 0.0000000000 5.4820124236 0.0000000000 5.5623683179 0.0000000000 5.6603415147 0.0000000000 5.7798139755 0.0000000000 5.9267036073 0.0000000000 6.1105944646 0.0000000000 6.3484508757 0.0000000000 6.6747392442 0.0000000000 7.1786215336 0.0000000000 8.2735106873
0.0000000000 0.0000000000 0.0000000000 0.0000000000 0.0000000000 0.0000000000 0.0000000000 0.0000000000 0.0000000000 0.0000000000 0.0000000000 0.0000000000 0.0000000000 0.0000000000 0.0000000000 0.0000000000 0.0000000000 0.0000000000 0.0000000000 0.0000000000 0.0000000000 0.0000000000 0.0000000000 0.0000000000 0.0000000000 0.0000000000 0.0000000000 0.0000000000 0.0000000000 0.0000000000 0.0000000000 0.0000000000 0.0000000000 0.0000000000 0.0000000000 0.0000000000 0.0000000000 0.0000000000 0.0000000000 0.0000000000 0.0000000000 0.0000000000 0.0000000000 0.0000000000 0.0000000000 0.0000000000 0.0000000000 0.0000000000 0.0000000000 0.0000000000 0.0000000000 0.0000000000 0.0000000000 0.0000000000 0.0000000000 0.0000000000 0.0000000000 0.0000000000 0.0000000000 0.0000000000 0.0000000000 0.0000000000 0.0000000000 0.0000000000
8.7245990958 8.2735106873 0.0000000000 7.1786215336 0.0000000000 6.6747392442 0.0000000000 6.3484508757 0.0000000000 6.1105944646 0.0000000000 5.9267036073 0.0000000000 5.7798139755 0.0000000000 5.6603415147 0.0000000000 5.5623683179 0.0000000000 5.4820124236 0.0000000000 5.4166202072 0.0000000000 5.3643299880 0.0000000000 5.3238207831 0.0000000000 5.2941611013 0.0000000000 5.2747156931 0.0000000000 5.2650882537 0.0000000000 5.2650882537 0.0000000000 5.2747156931 0.0000000000 5.2941611013 0.0000000000 5.3238207831 0.0000000000 5.3643299880 0.0000000000 5.4166202072 0.0000000000 5.4820124236 0.0000000000 5.5623683179 0.0000000000 5.6603415147 0.0000000000 5.7798139755 0.0000000000 5.9267036073 0.0000000000 6.1105944646 0.0000000000 6.3484508757 0.0000000000 6.6747392442 0.0000000000 7.1786215336 0.0000000000 8.2735106873
0.0000000000 0.0000000000 0.0000000000 0.0000000000 0.0000000000 0.0000000000 0.0000000000 0.0000000000 0.0000000000 0.0000000000 0.0000000000 0.0000000000 0.0000000000 0.0000000000 0.0000000000 0.0000000000 0.0000000000 0.0000000000 0.0000000000 0.0000000000 0.0000000000 0.0000000000 0.0000000000 0.0000000000 0.0000000000 0.0000000000 0.0000000000 0.0000000000 0.0000000000 0.0000000000 0.0000000000 0.0000000000 0.0000000000 0.0000000000 0.0000000000 0.0000000000 0.0000000000 0.0000000000 0.0000000000 0.0000000000 0.0000000000 0.0000000000 0.0000000000 0.0000000000 0.0000000000 0.0000000000 0.0000000000 0.0000000000 0.0000000000 0.0000000000 0.0000000000 0.0000000000 0.0000000000 0.0000000000 0.0000000000 0.0000000000 0.0000000000 0.0000000000 0.0000000000 0.0000000000 0.0000000000 0.0000000000 0.0000000000 0.0000000000
8.7342747508 8.2831854499 0.0000000000 7.1882914085 0.0000000000 6.6844043068 0.0000000000 6.3581112476 0.0000000000 6.1202503122 0.0000000000 5.9363551400 0.0000000000 5.7894614438 0.0000000000 5.6699852073 0.0000000000 5.5720085594 0.0000000000 5.4916495709 0.0000000000 5.4262546463 0.0000000000 5.3739621305 0.0000000000 5.3334510620 0.0000000000 5.3037899672 0.0000000000 5.2843436094 0.0000000000 5.2747156931 0.0000000000 5.2747156931 0.0000000000 5.2843436094 0.0000000000 5.3037899672 0.0000000000 5.3334510620 0.0000000000 5.3739621305 0.0000000000 5.4262546463 0.0000000000 5.4916495709 0.0000000000 5.5720085594 0.0000000000 5.6699852073 0.0000000000 5.7894614438 0.0000000000 5.9363551400 0.0000000000 6.1202503122 0.0000000000 6.3581112476 0.0000000000 6.6844043068 0.0000000000 7.1882914085 0.0000000000 8.2831854499
0.0000000000 0.0000000000 0.0000000000 0.0000000000 0.0000000000 0.0000000000 0.0000000000 0.0000000000 0.0000000000 0.0000000000 0.0000000000 0.0000000000 0.0000000000 0.0000000000 0.0000000000 0.0000000000 0.0000000000 0.0000000000 0.0000000000 0.0000000000 0.0000000000 0.0000000000 0.0000000000 0.0000000000 0.0000000000 0.0000000000 0.0000000000 0.0000000000 0.0000000000 0.0000000000 0.0000000000 0.0000000000 0.0000000000 0.0000000000 0.0000000000 0.0000000000 0.0000000000 0.0000000000 0.0000000000 0.0000000000 0.0000000000 0.0000000000 0.0000000000 0.0000000000 0.0000000000 0.0000000000 0.0000000000 0.0000000000 0.0000000000 0.0000000000 0.0000000000 0.0000000000 0.0000000000 0.0000000000 0.0000000000 0.0000000000 0.0000000000 0.0000000000 0.0000000000 0.0000000000 0.0000000000 0.0000000000 0.0000000000 0.0000000000
8.7538161333 8.3027250565 0.0000000000 7.2078212863 0.0000000000 6.7039246062 0.0000000000 6.3776222104 0.0000000000 6.1397522695 0.0000000000 5.9558485086 0.0000000000 5.8089467218 0.0000000000 5.6894629696 0.0000000000 5.5914794519 0.0000000000 5.5111143041 0.0000000000 5.4457139888 0.0000000000 5.3934169013 0.0000000000 5.3529021230 0.0000000000 5.3232382151 0.0000000000 5.3037899672 0.0000000000 5.2941611013 0.0000000000 5.2941611013 0.0000000000 5.3037899672 0.0000000000 5.3232382151 0.0000000000 5.3529021230 0.0000000000 5.3934169013 0.0000000000 5.4457139888 0.0000000000 5.5111143041 0.0000000000 5.5914794519 0.0000000000 5.6894629696 0.0000000000 5.8089467218 0.0000000000 5.9558485086 0.0000000000 6.1397522695 0.0000000000 6.3776222104 0.0000000000 6.7039246062 0.0000000000 7.2078212863 0.0000000000 8.3027250565
0.0000000000 0.0000000000 0.0000000000 0.0000000000 0.0000000000 0.0000000000 0.0000000000 0.0000000000 0.0000000000 0.0000000000 0.0000000000 0.0000000000 0.0000000000 0.0000000000 0.0000000000 0.0000000000 0.0000000000 0.0000000000 0.0000000000 0.0000000000 0.0000000000 0.0000000000 0.0000000000 0.0000000000 0.0000000000 0.0000000000 0.0000000000 0.0000000000 0.0000000000 0.0000000000 0.0000000000 0.0000000000 0.0000000000 0.0000000000 0.0000000000 0.0000000000 0.0000000000 0.0000000000 0.0000000000 0.0000000000 0.0000000000 0.0000000000 0.0000000000 0.0000000000 0.0000000000 0.0000000000 0.0000000000 0.0000000000 0.0000000000 0.0000000000 0.0000000000 0.0000000000 0.0000000000 0.0000000000 0.0000000000 0.0000000000 0.0000000000 0.0000000000 0.0000000000 0.0000000000 0.0000000000 0.0000000000 0.0000000000 0.0000000000
8.7836186380 8.3325249187 0.0000000000 7.2376066723 0.0000000000 6.7336957392 0.0000000000 6.4073794501 0.0000000000 6.1694961081 0.0000000000 5.9855795661 0.0000000000 5.8386657393 0.0000000000 5.7191708025 0.0000000000 5.6211770610 0.0000000000 5.5408027468 0.0000000000 5.4753944086 0.0000000000 5.4230905172 0.0000000000 5.3825702177 0.0000000000 5.3529021230 0.0000000000 5.3334510620 0.0000000000 5.3238207831 0.0000000000 5.3238207831 0.0000000000 5.3334510620 0.0000000000 5.3529021230 0.0000000000 5.3825702177 0.0000000000 5.4230905172 0.0000000000 5.4753944086 0.0000000000 5.5408027468 0.0000000000 5.6211770610 0.0000000000 5.7191708025 0.0000000000 5.8386657393 0.0000000000 5.9855795661 0.0000000000 6.1694961081 0.0000000000 6.4073794501 0.0000000000 6.7336957392 0.0000000000 7.2376066723 0.0000000000 8.3325249187
0.0000000000 0.0000000000 0.0000000000 0.0000000000 0.0000000000 0.0000000000 0.0000000000 0.0000000000 0.0000000000 0.0000000000 0.0000000000 0.0000000000 0.0000000000 0.0000000000 0.0000000000 0.0000000000 0.0000000000 0.0000000000 0.0000000000 0.0000000000 0.0000000000 0.0000000000 0.0000000000 0.0000000000 0.0000000000 0.0000000000 0.0000000000 0.0000000000 0.0000000000 0.0000000000 0.0000000000 0.0000000000 0.0000000000 0.0000000000 0.0000000000 0.0000000000 0.0000000000 0.0000000000 0.0000000000 0.0000000000 0.0000000000 0.0000000000 0.0000000000 0.0000000000 0.0000000000 0.0000000000 0.0000000000 0.0000000000 0.0000000000 0.0000000000 0.0000000000 0.0000000000 0.0000000000 0.0000000000 0.0000000000 0.0000000000 0.0000000000 0.0000000000 0.0000000000 0.0000000000 0.0000000000 0.0000000000 0.0000000000 0.0000000000
8.8243161602 8.3732189571 0.0000000000 7.2782816261 0.0000000000 6.7743519020 0.0000000000 6.4480172955 0.0000000000 6.2101162846 0.0000000000 6.0261828903 0.0000000000 5.8792531883 0.0000000000 5.7597435034 0.0000000000 5.6617362806 0.0000000000 5.5813498791 0.0000000000 5.5159309613 0.0000000000 5.4636180975 0.0000000000 5.4230905172 0.0000000000 5.3934169013 0.0000000000 5.3739621305 0.0000000000 5.3643299880 0.0000000000 5.3643299880 0.0000000000 5.3739621305 0.0000000000 5.3934169013 0.0000000000 5.4230905172 0.0000000000 5.4636180975 0.0000000000 5.5159309613 0.0000000000 5.5813498791 0.0000000000 5.6617362806 0.0000000000 5.7597435034 0.0000000000 5.8792531883 0.0000000000 6.0261828903 0.0000000000 6.2101162846 0.0000000000 6.4480172955 0.0000000000 6.7743519020 0.0000000000 7.2782816261 0.0000000000 8.3732189571
0.0000000000 0.0000000000 0.0000000000 0.0000000000 0.0000000000 0.0000000000 0.0000000000 0.0000000000 0.0000000000 0.0000000000 0.0000000000 0.0000000000 0.0000000000 0.0000000000 0.0000000000 0.0000000000 0.0000000000 0.0000000000 0.0000000000 0.0000000000 0.0000000000 0.0000000000 0.0000000000 0.0000000000 0.0000000000 0.0000000000 0.0000000000 0.0000000000 0.0000000000 0.0000000000 0.0000000000 0.0000000000 0.0000000000 0.0000000000 0.0000000000 0.0000000000 0.0000000000 0.0000000000 0.0000000000 0.0000000000 0.0000000000 0.0000000000 0.0000000000 0.0000000000 0.0000000000 0.0000000000 0.0000000000 0.0000000000 0.0000000000 0.0000000000 0.0000000000 0.0000000000 0.0000000000 0.0000000000 0.0000000000 0.0000000000 0.0000000000 0.0000000000 0.0000000000 0.0000000000 0.0000000000 0.0000000000 0.0000000000 0.0000000000
8.8768384042 8.4257369097 0.0000000000 7.3307760688 0.0000000000 6.8268231956 0.0000000000 6.5004660225 0.0000000000 6.2625432430 0.0000000000 6.0785890856 0.0000000000 5.9316398234 0.0000000000 5.8121119666 0.0000000000 5.7140881322 0.0000000000 5.6336868363 0.0000000000 5.5682548816 0.0000000000 5.5159309613 0.0000000000 5.4753944086 0.0000000000 5.4457139888 0.0000000000 5.4262546463 0.0000000000 5.4166202072 0.0000000000 5.4166202072 0.0000000000 5.4262546463 0.0000000000 5.4457139888 0.0000000000 5.4753944086 0.0000000000 5.5159309613 0.0000000000 5.5682548816 0.0000000000 5.6336868363 0.0000000000 5.7140881322 0.0000000000 5.8121119666 0.0000000000 5.9316398234 0.0000000000 6.0785890856 0.0000000000 6.2625432430 0.0000000000 6.5004660225 0.0000000000 6.8268231956 0.0000000000 7.3307760688 0.0000000000 8.4257369097
0.0000000000 0.0000000000 0.0000000000 0.0000000000 0.0000000000 0.0000000000 0.0000000000 0.0000000000 0.0000000000 0.0000000000 0.0000000000 0.0000000000 0.0000000000 0.0000000000 0.0000000000 0.0000000000 0.0000000000 0.0000000000 0.0000000000 0.0000000000 0.0000000000 0.0000000000 0.0000000000 0.0000000000 0.0000000000 0.0000000000 0.0000000000 0.0000000000 0.0000000000 0.0000000000 0.0000000000 0.0000000000 0.0000000000 0.0000000000 0.0000000000 0.0000000000 0.0000000000 0.0000000000 0.0000000000 0.0000000000 0.0000000000 0.0000000000 0.0000000000 0.0000000000 0.0000000000 0.0000000000 0.0000000000 0.0000000000 0.0000000000 0.0000000000 0.0000000000 0.0000000000 0.0000000000 0.0000000000 0.0000000000 0.0000000000 0.0000000000 0.0000000000 0.0000000000 0.0000000000 0.0000000000 0.0000000000 0.0000000000 0.0000000000
8.9425041499 8.4913975976 0.0000000000 7.3964090474 0.0000000000 6.8924288888 0.0000000000 6.5660451154 0.0000000000 6.3280966752 0.0000000000 6.1441180413 0.0000000000 5.9971457193 0.0000000000 5.8775964388 0.0000000000 5.7795530193 0.0000000000 5.6991341623 0.0000000000 5.6336868363 0.0000000000 5.5813498791 0.0000000000 5.5408027468 0.0000000000 5.5111143041 0.0000000000 5.4916495709 0.0000000000 5.4820124236 0.0000000000 5.4820124236 0.0000000000 5.4916495709 0.0000000000 5.5111143041 0.0000000000 5.5408027468 0.0000000000 5.5813498791 0.0000000000 5.6336868363 0.0000000000 5.6991341623 0.0000000000 5.7795530193 0.0000000000 5.8775964388 0.0000000000 5.9971457193 0.0000000000 6.1441180413 0.0000000000 6.3280966752 0.0000000000 6.5660451154 0.0000000000 6.8924288888 0.0000000000 7.3964090474 0.0000000000 8.4913975976
0.0000000000 0.0000000000 0.0000000000 0.0000000000 0.0000000000 0.0000000000 0.0000000000 0.0000000000 0.0000000000 0.0000000000 0.0000000000 0.0000000000 0.0000000000 0.0000000000 0.0000000000 0.0000000000 0.0000000000 0.0000000000 0.0000000000 0.0000000000 0.0000000000 0.0000000000 0.0000000000 0.0000000000 0.0000000000 0.0000000000 0.0000000000 0.0000000000 0.0000000000 0.0000000000 0.0000000000 0.0000000000 0.0000000000 0.0000000000 0.0000000000 0.0000000000 0.0000000000 0.0000000000 0.0000000000 0.0000000000 0.0000000000 0.0000000000 0.0000000000 0.0000000000 0.0000000000 0.0000000000 0.0000000000 0.0000000000 0.0000000000 0.0000000000 0.0000000000 0.0000000000 0.0000000000 0.0000000000 0.0000000000 0.0000000000 0.0000000000 0.0000000000 0.0000000000 0.0000000000 0.0000000000 0.0000000000 0.0000000000 0.0000000000
9.0231724786 8.5720601507 0.0000000000 7.4770399581 0.0000000000 6.9730286392 0.0000000000 6.6466144863 0.0000000000 6.4086367378 0.0000000000 6.2246301466 0.0000000000 6.0776314845 0.0000000000 5.9580577311 0.0000000000 5.8599919384 0.0000000000 5.7795530193 0.0000000000 5.7140881322 0.0000000000 5.6617362806 0.0000000000 5.6211770610 0.0000000000 5.5914794519 0.0000000000 5.5720085594 0.0000000000 5.5623683179 0.0000000000 5.5623683179 0.0000000000 5.5720085594 0.0000000000 5.5914794519 0.0000000000 5.6211770610 0.0000000000 5.6617362806 0.0000000000 5.7140881322 0.0000000000 5.7795530193 0.0000000000 5.8599919384 0.0000000000 5.9580577311 0.0000000000 6.0776314845 0.0000000000 6.2246301466 0.0000000000 6.4086367378 0.0000000000 6.6466144863 0.0000000000 6.9730286392 0.0000000000 7.4770399581 0.0000000000 8.5720601507
0.0000000000 0.0000000000 0.0000000000 0.0000000000 0.0000000000 0.0000000000 0.0000000000 0.0000000000 0.0000000000 0.0000000000 0.0000000000 0.0000000000 0.0000000000 0.0000000000 0.0000000000 0.0000000000 0.0000000000 0.0000000000 0.0000000000 0.0000000000 0.0000000000 0.0000000000 0.0000000000 0.0000000000 0.0000000000 0.0000000000 0.0000000000 0.0000000000 0.0000000000 0.0000000000 0.0000000000 0.0000000000 0.0000000000 0.0000000000 0.0000000000 0.0000000000 0.0000000000 0.0000000000 0.0000000000 0.0000000000 0.0000000000 0.0000000000 0.0000000000 0.0000000000 0.0000000000 0.0000000000 0.0000000000 0.0000000000 0.0000000000 0.0000000000 0.0000000000 0.0000000000 0.0000000000 0.0000000000 0.0000000000 0.0000000000 0.0000000000 0.0000000000 0.0000000000 0.0000000000 0.0000000000 0.0000000000 0.0000000000 0.0000000000
9.1214940432 8.6703752776 0.0000000000 7.5753198133 0.0000000000 7.0712737578 0.0000000000 6.7448257367 0.0000000000 6.5068153121 0.0000000000 6.3227775491 0.0000000000 6.1757495166 0.0000000000 6.0561484736 0.0000000000 5.9580577311 0.0000000000 5.8775964388 0.0000000000 5.8121119666 0.0000000000 5.7597435034 0.0000000000 5.7191708025 0.0000000000 5.6894629696 0.0000000000 5.6699852073 0.0000000000 5.6603415147 0.0000000000 5.6603415147 0.0000000000 5.6699852073 0.0000000000 5.6894629696 0.0000000000 5.7191708025 0.0000000000 5.7597435034 0.0000000000 5.8121119666 0.0000000000 5.8775964388 0.0000000000 5.9580577311 0.0000000000 6.0561484736 0.0000000000 6.1757495166 0.0000000000 6.3227775491 0.0000000000 6.5068153121 0.0000000000 6.7448257367 0.0000000000 7.0712737578 0.0000000000 7.5753198133 0.0000000000 8.6703752776
0.0000000000 0.0000000000 0.0000000000 0.0000000000 0.0000000000 0.0000000000 0.0000000000 0.0000000000 0.0000000000 0.0000000000 0.0000000000 0.0000000000 0.0000000000 0.0000000000 0.0000000000 0.0000000000 0.0000000000 0.0000000000 0.0000000000 0.0000000000 0.0000000000 0.0000000000 0.0000000000 0.0000000000 0.0000000000 0.0000000000 0.0000000000 0.0000000000 0.0000000000 0.0000000000 0.0000000000 0.0000000000 0.0000000000 0.0000000000 0.0000000000 0.0000000000 0.0000000000 0.0000000000 0.0000000000 0.0000000000 0.0000000000 0.0000000000 0.0000000000 0.0000000000 0.0000000000 0.0000000000 0.0000000000 0.0000000000 0.0000000000 0.0000000000 0.0000000000 0.0000000000 0.0000000000 0.0000000000 0.0000000000 0.0000000000 0.0000000000 0.0000000000 0.0000000000 0.0000000000 0.0000000000 0.0000000000 0.0000000000 0.0000000000
9.2413474883 8.7902216847 0.0000000000 7.6951276586 0.0000000000 7.1910436235 0.0000000000 6.8645585693 0.0000000000 6.6265124129 0.0000000000 6.4424405607 0.0000000000 6.2953804070 0.0000000000 6.1757495166 0.0000000000 6.0776314845 0.0000000000 5.9971457193 0.0000000000 5.9316398234 0.0000000000 5.8792531883 0.0000000000 5.8386657393 0.0000000000 5.8089467218 0.0000000000 5.7894614438 0.0000000000 5.7798139755 0.0000000000 5.7798139755 0.0000000000 5.7894614438 0.0000000000 5.8089467218 0.0000000000 5.8386657393 0.0000000000 5.8792531883 0.0000000000 5.9316398234 0.0000000000 5.9971457193 0.0000000000 6.0776314845 0.0000000000 6.1757495166 0.0000000000 6.2953804070 0.0000000000 6.4424405607 0.0000000000 6.6265124129 0.0000000000 6.8645585693 0.0000000000 7.1910436235 0.0000000000 7.6951276586 0.0000000000 8.7902216847
0.0000000000 0.0000000000 0.0000000000 0.0000000000 0.0000000000 0.0000000000 0.0000000000 0.0000000000 0.0000000000 0.0000000000 0.0000000000 0.0000000000 0.0000000000 0.0000000000 0.0000000000 0.0000000000 0.0000000000 0.0000000000 0.0000000000 0.0000000000 0.0000000000 0.0000000000 0.0000000000 0.0000000000 0.0000000000 0.0000000000 0.0000000000 0.0000000000 0.0000000000 0.0000000000 0.0000000000 0.0000000000 0.0000000000 0.0000000000 0.0000000000 0.0000000000 0.0000000000 0.0000000000 0.0000000000 0.0000000000 0.0000000000 0.0000000000 0.0000000000 0.0000000000 0.0000000000 0.0000000000 0.0000000000 0.0000000000 0.0000000000 0.0000000000 0.0000000000 0.0000000000 0.0000000000 0.0000000000 0.0000000000 0.0000000000 0.0000000000 0.0000000000 0.0000000000 0.0000000000 0.0000000000 0.0000000000 0.0000000000 0.0000000000
9.3886470890 8.9375137150 0.0000000000 7.8423782074 0.0000000000 7.3382533139 0.0000000000 7.0117284166 0.0000000000 6.7736438141 0.0000000000 6.5895352806 0.0000000000 6.4424405607 0.0000000000 6.3227775491 0.0000000000 6.2246301466 0.0000000000 6.1441180413 0.0000000000 6.0785890856 0.0000000000 6.0261828903 0.0000000000 5.9855795661 0.0000000000 5.9558485086 0.0000000000 5.9363551400 0.0000000000 5.9267036073 0.0000000000 5.9267036073 0.0000000000 5.9363551400 0.0000000000 5.9558485086 0.0000000000 5.9855795661 0.0000000000 6.0261828903 0.0000000000 6.0785890856 0.0000000000 6.1441180413 0.0000000000 6.2246301466 0.0000000000 6.3227775491 0.0000000000 6.4424405607 0.0000000000 6.5895352806 0.0000000000 6.7736438141 0.0000000000 7.0117284166 0.0000000000 7.3382533139 0.0000000000 7.8423782074 0.0000000000 8.9375137150
0.0000000000 0.0000000000 0.0000000000 0.0000000000 0.0000000000 0.0000000000 0.0000000000 0.0000000000 0.0000000000 0.0000000000 0.0000000000 0.0000000000 0.0000000000 0.0000000000 0.0000000000 0.0000000000 0.0000000000 0.0000000000 0.0000000000 0.0000000000 0.0000000000 0.0000000000 0.0000000000 0.0000000000 0.0000000000 0.0000000000 0.0000000000 0.0000000000 0.0000000000 0.0000000000 0.0000000000 0.0000000000 0.0000000000 0.0000000000 0.0000000000 0.0000000000 0.0000000000 0.0000000000 0.0000000000 0.0000000000 0.0000000000 0.0000000000 0.0000000000 0.0000000000 0.0000000000 0.0000000000 0.0000000000 0.0000000000 0.0000000000 0.0000000000 0.0000000000 0.0000000000 0.0000000000 0.0000000000 0.0000000000 0.0000000000 0.0000000000 0.0000000000 0.0000000000 0.0000000000 0.0000000000 0.0000000000 0.0000000000 0.0000000000
9.5729729868 9.1218315828 0.0000000000 8.0266520730 0.0000000000 7.5224838345 0.0000000000 7.1959166657 0.0000000000 6.9577912707 0.0000000000 6.7736438141 0.0000000000 6.6265124129 0.0000000000 6.5068153121 0.0000000000 6.4086367378 0.0000000000 6.3280966752 0.0000000000 6.2625432430 0.0000000000 6.2101162846 0.0000000000 6.1694961081 0.0000000000 6.1397522695 0.0000000000 6.1202503122 0.0000000000 6.1105944646 0.0000000000 6.1105944646 0.0000000000 6.1202503122 0.0000000000 6.1397522695 0.0000000000 6.1694961081 0.0000000000 6.2101162846 0.0000000000 6.2625432430 0.0000000000 6.3280966752 0.0000000000 6.4086367378 0.0000000000 6.5068153121 0.0000000000 6.6265124129 0.0000000000 6.7736438141 0.0000000000 6.9577912707 0.0000000000 7.1959166657 0.0000000000 7.5224838345 0.0000000000 8.0266520730 0.0000000000 9.1218315828
0.0000000000 0.0000000000 0.0000000000 0.0000000000 0.0000000000 0.0000000000 0.0000000000 0.0000000000 0.0000000000 0.0000000000 0.0000000000 0.0000000000 0.0000000000 0.0000000000 0.0000000000 0.0000000000 0.0000000000 0.0000000000 0.0000000000 0.0000000000 0.0000000000 0.0000000000 0.0000000000 0.0000000000 0.0000000000 0.0000000000 0.0000000000 0.0000000000 0.0000000000 0.0000000000 0.0000000000 0.0000000000 0.0000000000 0.0000000000 0.0000000000 0.0000000000 0.0000000000 0.0000000000 0.0000000000 0.0000000000 0.0000000000 0.0000000000 0.0000000000 0.0000000000 0.0000000000 0.0000000000 0.0000000000 0.0000000000 0.0000000000 0.0000000000 0.0000000000 0.0000000000 0.0000000000 0.0000000000 0.0000000000 0.0000000000 0.0000000000 0.0000000000 0.0000000000 0.0000000000 0.0000000000 0.0000000000 0.0000000000 0.0000000000
9.8112853522 9.3601355358 0.0000000000 8.2649099261 0.0000000000 7.7606962724 0.0000000000 7.4340848092 0.0000000000 7.1959166657 0.0000000000 7.0117284166 0.0000000000 6.8645585693 0.0000000000 6.7448257367 0.0000000000 6.6466144863 0.0000000000 6.5660451154 0.0000000000 6.5004660225 0.0000000000 6.4480172955 0.0000000000 6.4073794501 0.0000000000 6.3776222104 0.0000000000 6.3581112476 0.0000000000 6.3484508757 0.0000000000 6.3484508757 0.0000000000 6.3581112476 0.0000000000 6.3776222104 0.0000000000 6.4073794501 0.0000000000 6.4480172955 0.0000000000 6.5004660225 0.0000000000 6.5660451154 0.0000000000 6.6466144863 0.0000000000 6.7448257367 0.0000000000 6.8645585693 0.0000000000 7.0117284166 0.0000000000 7.1959166657 0.0000000000 7.4340848092 0.0000000000 7.7606962724 0.0000000000 8.2649099261 0.0000000000 9.3601355358
0.0000000000 0.0000000000 0.0000000000 0.0000000000 0.0000000000 0.0000000000 0.0000000000 0.0000000000 0.0000000000 0.0000000000 0.0000000000 0.0000000000 0.0000000000 0.0000000000 0.0000000000 0.0000000000 0.0000000000 0.0000000000 0.0000000000 0.0000000000 0.0000000000 0.0000000000 0.0000000000 0.0000000000 0.0000000000 0.0000000000 0.0000000000 0.0000000000 0.0000000000 0.0000000000 0.0000000000 0.0000000000 0.0000000000 0.0000000000 0.0000000000 0.0000000000 0.0000000000 0.0000000000 0.0000000000 0.0000000000 0.0000000000 0.0000000000 0.0000000000 0.0000000000 0.0000000000 0.0000000000 0.0000000000 0.0000000000 0.0000000000 0.0000000000 0.0000000000 0.0000000000 0.0000000000 0.0000000000 0.0000000000 0.0000000000 0.0000000000 0.0000000000 0.0000000000 0.0000000000 0.0000000000 0.0000000000 0.0000000000 0.0000000000
10.1380462248 9.6868876945 0.0000000000 8.5916143308 0.0000000000 8.0873536278 0.0000000000 7.7606962724 0.0000000000 7.5224838345 0.0000000000 7.3382533139 0.0000000000 7.1910436235 0.0000000000 7.0712737578 0.0000000000 6.9730286392 0.0000000000 6.8924288888 0.0000000000 6.8268231956 0.0000000000 6.7743519020 0.0000000000 6.7336957392 0.0000000000 6.7039246062 0.0000000000 6.6844043068 0.0000000000 6.6747392442 0.0000000000 6.6747392442 0.0000000000 6.6844043068 0.0000000000 6.7039246062 0.0000000000 6.7336957392 0.0000000000 6.7743519020 0.0000000000 6.8268231956 0.0000000000 6.8924288888 0.0000000000 6.9730286392 0.0000000000 7.0712737578 0.0000000000 7.1910436235 0.0000000000 7.3382533139 0.0000000000 7.5224838345 0.0000000000 7.7606962724 0.0000000000 8.0873536278 0.0000000000 8.5916143308 0.0000000000 9.6868876945
0.0000000000 0.0000000000 0.0000000000 0.0000000000 0.0000000000 0.0000000000 0.0000000000 0.0000000000 0.0000000000 0.0000000000 0.0000000000 0.0000000000 0.0000000000 0.0000000000 0.0000000000 0.0000000000 0.0000000000 0.0000000000 0.0000000000 0.0000000000 0.0000000000 0.0000000000 0.0000000000 0.0000000000 0.0000000000 0.0000000000 0.0000000000 0.0000000000 0.0000000000 0.0000000000 0.0000000000 0.0000000000 0.0000000000 0.0000000000 0.0000000000 0.0000000000 0.0000000000 0.0000000000 0.0000000000 0.0000000000 0.0000000000 0.0000000000 0.0000000000 0.0000000000 0.0000000000 0.0000000000 0.0000000000 0.0000000000 0.0000000000 0.0000000000 0.0000000000 0.0000000000 0.0000000000 0.0000000000 0.0000000000 0.0000000000 0.0000000000 0.0000000000 0.0000000000 0.0000000000 0.0000000000 0.0000000000 0.0000000000 0.0000000000
10.6424130387 10.1912455771 0.0000000000 9.0959232648 0.0000000000 8.5916143308 0.0000000000 8.2649099261 0.0000000000 8.0266520730 0.0000000000 7.8423782074 0.0000000000 7.6951276586 0.0000000000 7.5753198133 0.0000000000 7.4770399581 0.0000000000 7.3964090474 0.0000000000 7.3307760688 0.0000000000 7.2782816261 0.0000000000 7.2376066723 0.0000000000 7.2078212863 0.0000000000 7.1882914085 0.0000000000 7.1786215336 0.0000000000 7.1786215336 0.0000000000 7.1882914085 0.0000000000 7.2078212863 0.0000000000 7.2376066723 0.0000000000 7.2782816261 0.0000000000 7.3307760688 0.0000000000 7.3964090474 0.0000000000 7.4770399581 0.0000000000 7.5753198133 0.0000000000 7.6951276586 0.0000000000 7.8423782074 0.0000000000 8.0266520730 0.0000000000 8.2649099261 0.0000000000 8.5916143308 0.0000000000 9.0959232648 0.0000000000 10.1912455771
0.0000000000 0.0000000000 0.0000000000 0.0000000000 0.0000000000 0.0000000000 0.0000000000 0.0000000000 0.0000000000 0.0000000000 0.0000000000 0.0000000000 0.0000000000 0.0000000000 0.0000000000 0.0000000000 0.0000000000 0.0000000000 0.0000000000 0.0000000000 0.0000000000 0.0000000000 0.0000000000 0.0000000000 0.0000000000 0.0000000000 0.0000000000 0.0000000000 0.0000000000 0.0000000000 0.0000000000 0.0000000000 0.0000000000 0.0000000000 0.0000000000 0.0000000000 0.0000000000 0.0000000000 0.0000000000 0.0000000000 0.0000000000 0.0000000000 0.0000000000 0.0000000000 0.0000000000 0.0000000000 0.0000000000 0.0000000000 0.0000000000 0.0000000000 0.0000000000 0.0000000000 0.0000000000 0.0000000000 0.0000000000 0.0000000000 0.0000000000 0.0000000000 0.0000000000 0.0000000000 0.0000000000 0.0000000000 0.0000000000 0.0000000000
11.7377940861 11.2866175617 0.0000000000 10.1912455771 0.0000000000 9.6868876945 0.0000000000 9.3601355358 0.0000000000 9.1218315828 0.0000000000 8.9375137150 0.0000000000 8.7902216847 0.0000000000 8.6703752776 0.0000000000 8.5720601507 0.0000000000 8.4913975976 0.0000000000 8.4257369097 0.0000000000 8.3732189571 0.0000000000 8.3325249187 0.0000000000 8.3027250565 0.0000000000 8.2831854499 0.0000000000 8.2735106873 0.0000000000 8.2735106873 0.0000000000 8.2831854499 0.0000000000 8.3027250565 0.0000000000 8.3325249187 0.0000000000 8.3732189571 0.0000000000 8.4257369097 0.0000000000 8.4913975976 0.0000000000 8.5720601507 0.0000000000 8.6703752776 0.0000000000 8.7902216847 0.0000000000 8.9375137150 0.0000000000 9.1218315828 0.0000000000 9.3601355358 0.0000000000 9.6868876945 0.0000000000 10.1912455771 0.0000000000 11.2866175617
