11.0903701476 10.6391977697 0.0000000000 9.5438485116 0.0000000000 9.0395130249 0.0000000000 8.7127827162 0.0000000000 8.4744998569 0.0000000000 8.2902021235 0.0000000000 8.1429290746 0.0000000000 8.0231003132 0.0000000000 7.9248013268 0.0000000000 7.8441532537 0.0000000000 7.7785052462 0.0000000000 7.7259980523 0.0000000000 7.6853127476 0.0000000000 7.6555195103 0.0000000000 7.6359843560 0.0000000000 7.6263118302 0.0000000000 7.6263118302 0.0000000000 7.6359843560 0.0000000000 7.6555195103 0.0000000000 7.6853127476 0.0000000000 7.7259980523 0.0000000000 7.7785052462 0.0000000000 7.8441532537 0.0000000000 7.9248013268 0.0000000000 8.0231003132 0.0000000000 8.1429290746 0.0000000000 8.2902021235 0.0000000000 8.4744998569 0.0000000000 8.7127827162 0.0000000000 9.0395130249 0.0000000000 9.5438485116 0.0000000000 10.6391977697
10.6391977697 10.1880303520 0.0000000000 9.0927082799 0.0000000000 8.5883995828 0.0000000000 8.2616954091 0.0000000000 8.0234377790 0.0000000000 7.8391641263 0.0000000000 7.6919137782 0.0000000000 7.5721061194 0.0000000000 7.4738264348 0.0000000000 7.3931956772 0.0000000000 7.3275628326 0.0000000000 7.2750685035 0.0000000000 7.2343936420 0.0000000000 7.2046083261 0.0000000000 7.1850784953 0.0000000000 7.1754086441 0.0000000000 7.1754086441 0.0000000000 7.1850784953 0.0000000000 7.2046083261 0.0000000000 7.2343936420 0.0000000000 7.2750685035 0.0000000000 7.3275628326 0.0000000000 7.3931956772 0.0000000000 7.4738264348 0.0000000000 7.5721061194 0.0000000000 7.6919137782 0.0000000000 7.8391641263 0.0000000000 8.0234377790 0.0000000000 8.2616954091 0.0000000000 8.5883995828 0.0000000000 9.0927082799 0.0000000000 10.1880303520
0.0000000000 0.0000000000 0.0000000000 0.0000000000 0.0000000000 0.0000000000 0.0000000000 0.0000000000 0.0000000000 0.0000000000 0.0000000000 0.0000000000 0.0000000000 0.0000000000 0.0000000000 0.0000000000 0.0000000000 0.0000000000 0.0000000000 0.0000000000 0.0000000000 0.0000000000 0.0000000000 0.0000000000 0.0000000000 0.0000000000 0.0000000000 0.0000000000 0.0000000000 0.0000000000 0.0000000000 0.0000000000 0.0000000000 0.0000000000 0.0000000000 0.0000000000 0.0000000000 0.0000000000 0.0000000000 0.0000000000 0.0000000000 0.0000000000 0.0000000000 0.0000000000 0.0000000000 0.0000000000 0.0000000000 0.0000000000 0.0000000000 0.0000000000 0.0000000000 0.0000000000 0.0000000000 0.0000000000 0.0000000000 0.0000000000 0.0000000000 0.0000000000 0.0000000000 0.0000000000 0.0000000000 0.0000000000 0.0000000000 0.0000000000
9.5438485116 9.0927082799 0.0000000000 7.9975351949 0.0000000000 7.4933732855 0.0000000000 7.1668122892 0.0000000000 6.9286928509 0.0000000000 6.7445510783 0.0000000000 6.5974250339 0.0000000000 6.4777329115 0.0000000000 6.3795588896 0.0000000000 6.2990229101 0.0000000000 6.2334730527 0.0000000000 6.1810491268 0.0000000000 6.1404314118 0.0000000000 6.1106894399 0.0000000000 6.0911887371 0.0000000000 6.0815335197 0.0000000000 6.0815335197 0.0000000000 6.0911887371 0.0000000000 6.1106894399 0.0000000000 6.1404314118 0.0000000000 6.1810491268 0.0000000000 6.2334730527 0.0000000000 6.2990229101 0.0000000000 6.3795588896 0.0000000000 6.4777329115 0.0000000000 6.5974250339 0.0000000000 6.7445510783 0.0000000000 6.9286928509 0.0000000000 7.1668122892 0.0000000000 7.4933732855 0.0000000000 7.9975351949 0.0000000000 9.0927082799
0.0000000000 0.0000000000 0.0000000000 0.0000000000 0.0000000000 0.0000000000 0.0000000000 0.0000000000 0.0000000000 0.0000000000 0.0000000000 0.0000000000 0.0000000000 0.0000000000 0.0000000000 0.0000000000 0.0000000000 0.0000000000 0.0000000000 0.0000000000 0.0000000000 0.0000000000 0.0000000000 0.0000000000 0.0000000000 0.0000000000 0.0000000000 0.0000000000 0.0000000000 0.0000000000 0.0000000000 0.0000000000 0.0000000000 0.0000000000 0.0000000000 0.0000000000 0.0000000000 0.0000000000 0.0000000000 0.0000000000 0.0000000000 0.0000000000 0.0000000000 0.0000000000 0.0000000000 0.0000000000 0.0000000000 0.0000000000 0.0000000000 0.0000000000 0.0000000000 0.0000000000 0.0000000000 0.0000000000 0.0000000000 0.0000000000 0.0000000000 0.0000000000 0.0000000000 0.0000000000 0.0000000000 0.0000000000 0.0000000000 0.0000000000
9.0395130249 8.5883995828 0.0000000000 7.4933732855 0.0000000000 6.9893559546 0.0000000000 6.6629359402 0.0000000000 6.4249525367 0.0000000000 6.2409405509 0.0000000000 6.0939368061 0.0000000000 5.9743583303 0.0000000000 5.8762882201 0.0000000000 5.7958454295 0.0000000000 5.7303771534 0.0000000000 5.6780224274 0.0000000000 5.6374608750 0.0000000000 5.6077614969 0.0000000000 5.5882894157 0.0000000000 5.5786485771 0.0000000000 5.5786485771 0.0000000000 5.5882894157 0.0000000000 5.6077614969 0.0000000000 5.6374608750 0.0000000000 5.6780224274 0.0000000000 5.7303771534 0.0000000000 5.7958454295 0.0000000000 5.8762882201 0.0000000000 5.9743583303 0.0000000000 6.0939368061 0.0000000000 6.2409405509 0.0000000000 6.4249525367 0.0000000000 6.6629359402 0.0000000000 6.9893559546 0.0000000000 7.4933732855 0.0000000000 8.5883995828
0.0000000000 0.0000000000 0.0000000000 0.0000000000 0.0000000000 0.0000000000 0.0000000000 0.0000000000 0.0000000000 0.0000000000 0.0000000000 0.0000000000 0.0000000000 0.0000000000 0.0000000000 0.0000000000 0.0000000000 0.0000000000 0.0000000000 0.0000000000 0.0000000000 0.0000000000 0.0000000000 0.0000000000 0.0000000000 0.0000000000 0.0000000000 0.0000000000 0.0000000000 0.0000000000 0.0000000000 0.0000000000 0.0000000000 0.0000000000 0.0000000000 0.0000000000 0.0000000000 0.0000000000 0.0000000000 0.0000000000 0.0000000000 0.0000000000 0.0000000000 0.0000000000 0.0000000000 0.0000000000 0.0000000000 0.0000000000 0.0000000000 0.0000000000 0.0000000000 0.0000000000 0.0000000000 0.0000000000 0.0000000000 0.0000000000 0.0000000000 0.0000000000 0.0000000000 0.0000000000 0.0000000000 0.0000000000 0.0000000000 0.0000000000
8.7127827162 8.2616954091 0.0000000000 7.1668122892 0.0000000000 6.6629359402 0.0000000000 6.3366533618 0.0000000000 6.0988025355 0.0000000000 5.9149170044 0.0000000000 5.7680323897 0.0000000000 5.6485645894 0.0000000000 5.5505956526 0.0000000000 5.4702435776 0.0000000000 5.4048547038 0.0000000000 5.3525673194 0.0000000000 5.3120604148 0.0000000000 5.2824024773 0.0000000000 5.2629582410 0.0000000000 5.2533313904 0.0000000000 5.2533313904 0.0000000000 5.2629582410 0.0000000000 5.2824024773 0.0000000000 5.3120604148 0.0000000000 5.3525673194 0.0000000000 5.4048547038 0.0000000000 5.4702435776 0.0000000000 5.5505956526 0.0000000000 5.6485645894 0.0000000000 5.7680323897 0.0000000000 5.9149170044 0.0000000000 6.0988025355 0.0000000000 6.3366533618 0.0000000000 6.6629359402 0.0000000000 7.1668122892 0.0000000000 8.2616954091
0.0000000000 0.0000000000 0.0000000000 0.0000000000 0.0000000000 0.0000000000 0.0000000000 0.0000000000 0.0000000000 0.0000000000 0.0000000000 0.0000000000 0.0000000000 0.0000000000 0.0000000000 0.0000000000 0.0000000000 0.0000000000 0.0000000000 0.0000000000 0.0000000000 0.0000000000 0.0000000000 0.0000000000 0.0000000000 0.0000000000 0.0000000000 0.0000000000 0.0000000000 0.0000000000 0.0000000000 0.0000000000 0.0000000000 0.0000000000 0.0000000000 0.0000000000 0.0000000000 0.0000000000 0.0000000000 0.0000000000 0.0000000000 0.0000000000 0.0000000000 0.0000000000 0.0000000000 0.0000000000 0.0000000000 0.0000000000 0.0000000000 0.0000000000 0.0000000000 0.0000000000 0.0000000000 0.0000000000 0.0000000000 0.0000000000 0.0000000000 0.0000000000 0.0000000000 0.0000000000 0.0000000000 0.0000000000 0.0000000000 0.0000000000
8.4744998569 8.0234377790 0.0000000000 6.9286928509 0.0000000000 6.4249525367 0.0000000000 6.0988025355 0.0000000000 5.8610795651 0.0000000000 5.6773159547 0.0000000000 5.5305461710 0.0000000000 5.4111850281 0.0000000000 5.3133135713 0.0000000000 5.2330488838 0.0000000000 5.1677364865 0.0000000000 5.1155139529 0.0000000000 5.0750596685 0.0000000000 5.0454416305 0.0000000000 5.0260242016 0.0000000000 5.0164108173 0.0000000000 5.0164108173 0.0000000000 5.0260242016 0.0000000000 5.0454416305 0.0000000000 5.0750596685 0.0000000000 5.1155139529 0.0000000000 5.1677364865 0.0000000000 5.2330488838 0.0000000000 5.3133135713 0.0000000000 5.4111850281 0.0000000000 5.5305461710 0.0000000000 5.6773159547 0.0000000000 5.8610795651 0.0000000000 6.0988025355 0.0000000000 6.4249525367 0.0000000000 6.9286928509 0.0000000000 8.0234377790
0.0000000000 0.0000000000 0.0000000000 0.0000000000 0.0000000000 0.0000000000 0.0000000000 0.0000000000 0.0000000000 0.0000000000 0.0000000000 0.0000000000 0.0000000000 0.0000000000 0.0000000000 0.0000000000 0.0000000000 0.0000000000 0.0000000000 0.0000000000 0.0000000000 0.0000000000 0.0000000000 0.0000000000 0.0000000000 0.0000000000 0.0000000000 0.0000000000 0.0000000000 0.0000000000 0.0000000000 0.0000000000 0.0000000000 0.0000000000 0.0000000000 0.0000000000 0.0000000000 0.0000000000 0.0000000000 0.0000000000 0.0000000000 0.0000000000 0.0000000000 0.0000000000 0.0000000000 0.0000000000 0.0000000000 0.0000000000 0.0000000000 0.0000000000 0.0000000000 0.0000000000 0.0000000000 0.0000000000 0.0000000000 0.0000000000 0.0000000000 0.0000000000 0.0000000000 0.0000000000 0.0000000000 0.0000000000 0.0000000000 0.0000000000
8.2902021235 7.8391641263 0.0000000000 6.7445510783 0.0000000000 6.2409405509 0.0000000000 5.9149170044 0.0000000000 5.6773159547 0.0000000000 5.4936685766 0.0000000000 5.3470082412 0.0000000000 5.2277487341 0.0000000000 5.1299701493 0.0000000000 5.0497887032 0.0000000000 4.9845491426 0.0000000000 4.9323883647 0.0000000000 4.8919841833 0.0000000000 4.8624041326 0.0000000000 4.8430122249 0.0000000000 4.8334116601 0.0000000000 4.8334116601 0.0000000000 4.8430122249 0.0000000000 4.8624041326 0.0000000000 4.8919841833 0.0000000000 4.9323883647 0.0000000000 4.9845491426 0.0000000000 5.0497887032 0.0000000000 5.1299701493 0.0000000000 5.2277487341 0.0000000000 5.3470082412 0.0000000000 5.4936685766 0.0000000000 5.6773159547 0.0000000000 5.9149170044 0.0000000000 6.2409405509 0.0000000000 6.7445510783 0.0000000000 7.8391641263
0.0000000000 0.0000000000 0.0000000000 0.0000000000 0.0000000000 0.0000000000 0.0000000000 0.0000000000 0.0000000000 0.0000000000 0.0000000000 0.0000000000 0.0000000000 0.0000000000 0.0000000000 0.0000000000 0.0000000000 0.0000000000 0.0000000000 0.0000000000 0.0000000000 0.0000000000 0.0000000000 0.0000000000 0.0000000000 0.0000000000 0.0000000000 0.0000000000 0.0000000000 0.0000000000 0.0000000000 0.0000000000 0.0000000000 0.0000000000 0.0000000000 0.0000000000 0.0000000000 0.0000000000 0.0000000000 0.0000000000 0.0000000000 0.0000000000 0.0000000000 0.0000000000 0.0000000000 0.0000000000 0.0000000000 0.0000000000 0.0000000000 0.0000000000 0.0000000000 0.0000000000 0.0000000000 0.0000000000 0.0000000000 0.0000000000 0.0000000000 0.0000000000 0.0000000000 0.0000000000 0.0000000000 0.0000000000 0.0000000000 0.0000000000
8.1429290746 7.6919137782 0.0000000000 6.5974250339 0.0000000000 6.0939368061 0.0000000000 5.7680323897 0.0000000000 5.5305461710 0.0000000000 5.3470082412 0.0000000000 5.2004509431 0.0000000000 5.0812870991 0.0000000000 4.9835959120 0.0000000000 4.9034927874 0.0000000000 4.8383217478 0.0000000000 4.7862190592 0.0000000000 4.7458620011 0.0000000000 4.7163176755 0.0000000000 4.6969497675 0.0000000000 4.6873612578 0.0000000000 4.6873612578 0.0000000000 4.6969497675 0.0000000000 4.7163176755 0.0000000000 4.7458620011 0.0000000000 4.7862190592 0.0000000000 4.8383217478 0.0000000000 4.9034927874 0.0000000000 4.9835959120 0.0000000000 5.0812870991 0.0000000000 5.2004509431 0.0000000000 5.3470082412 0.0000000000 5.5305461710 0.0000000000 5.7680323897 0.0000000000 6.0939368061 0.0000000000 6.5974250339 0.0000000000 7.6919137782
0.0000000000 0.0000000000 0.0000000000 0.0000000000 0.0000000000 0.0000000000 0.0000000000 0.0000000000 0.0000000000 0.0000000000 0.0000000000 0.0000000000 0.0000000000 0.0000000000 0.0000000000 0.0000000000 0.0000000000 0.0000000000 0.0000000000 0.0000000000 0.0000000000 0.0000000000 0.0000000000 0.0000000000 0.0000000000 0.0000000000 0.0000000000 0.0000000000 0.0000000000 0.0000000000 0.0000000000 0.0000000000 0.0000000000 0.0000000000 0.0000000000 0.0000000000 0.0000000000 0.0000000000 0.0000000000 0.0000000000 0.0000000000 0.0000000000 0.0000000000 0.0000000000 0.0000000000 0.0000000000 0.0000000000 0.0000000000 0.0000000000 0.0000000000 0.0000000000 0.0000000000 0.0000000000 0.0000000000 0.0000000000 0.0000000000 0.0000000000 0.0000000000 0.0000000000 0.0000000000 0.0000000000 0.0000000000 0.0000000000 0.0000000000
8.0231003132 7.5721061194 0.0000000000 6.4777329115 0.0000000000 5.9743583303 0.0000000000 5.6485645894 0.0000000000 5.4111850281 0.0000000000 5.2277487341 0.0000000000 5.0812870991 0.0000000000 4.9622120544 0.0000000000 4.8646019801 0.0000000000 4.7845715331 0.0000000000 4.7194640681 0.0000000000 4.6674152686 0.0000000000 4.6271019221 0.0000000000 4.5975907325 0.0000000000 4.5782450837 0.0000000000 4.5686677542 0.0000000000 4.5686677542 0.0000000000 4.5782450837 0.0000000000 4.5975907325 0.0000000000 4.6271019221 0.0000000000 4.6674152686 0.0000000000 4.7194640681 0.0000000000 4.7845715331 0.0000000000 4.8646019801 0.0000000000 4.9622120544 0.0000000000 5.0812870991 0.0000000000 5.2277487341 0.0000000000 5.4111850281 0.0000000000 5.6485645894 0.0000000000 5.9743583303 0.0000000000 6.4777329115 0.0000000000 7.5721061194
0.0000000000 0.0000000000 0.0000000000 0.0000000000 0.0000000000 0.0000000000 0.0000000000 0.0000000000 0.0000000000 0.0000000000 0.0000000000 0.0000000000 0.0000000000 0.0000000000 0.0000000000 0.0000000000 0.0000000000 0.0000000000 0.0000000000 0.0000000000 0.0000000000 0.0000000000 0.0000000000 0.0000000000 0.0000000000 0.0000000000 0.0000000000 0.0000000000 0.0000000000 0.0000000000 0.0000000000 0.0000000000 0.0000000000 0.0000000000 0.0000000000 0.0000000000 0.0000000000 0.0000000000 0.0000000000 0.0000000000 0.0000000000 0.0000000000 0.0000000000 0.0000000000 0.0000000000 0.0000000000 0.0000000000 0.0000000000 0.0000000000 0.0000000000 0.0000000000 0.0000000000 0.0000000000 0.0000000000 0.0000000000 0.0000000000 0.0000000000 0.0000000000 0.0000000000 0.0000000000 0.0000000000 0.0000000000 0.0000000000 0.0000000000
7.9248013268 7.4738264348 0.0000000000 6.3795588896 0.0000000000 5.8762882201 0.0000000000 5.5505956526 0.0000000000 5.3133135713 0.0000000000 5.1299701493 0.0000000000 4.9835959120 0.0000000000 4.8646019801 0.0000000000 4.7670659852 0.0000000000 4.6871019042 0.0000000000 4.6220524851 0.0000000000 4.5700528827 0.0000000000 4.5297794383 0.0000000000 4.5002984947 0.0000000000 4.4809731625 0.0000000000 4.4714060373 0.0000000000 4.4714060373 0.0000000000 4.4809731625 0.0000000000 4.5002984947 0.0000000000 4.5297794383 0.0000000000 4.5700528827 0.0000000000 4.6220524851 0.0000000000 4.6871019042 0.0000000000 4.7670659852 0.0000000000 4.8646019801 0.0000000000 4.9835959120 0.0000000000 5.1299701493 0.0000000000 5.3133135713 0.0000000000 5.5505956526 0.0000000000 5.8762882201 0.0000000000 6.3795588896 0.0000000000 7.4738264348
0.0000000000 0.0000000000 0.0000000000 0.0000000000 0.0000000000 0.0000000000 0.0000000000 0.0000000000 0.0000000000 0.0000000000 0.0000000000 0.0000000000 0.0000000000 0.0000000000 0.0000000000 0.0000000000 0.0000000000 0.0000000000 0.0000000000 0.0000000000 0.0000000000 0.0000000000 0.0000000000 0.0000000000 0.0000000000 0.0000000000 0.0000000000 0.0000000000 0.0000000000 0.0000000000 0.0000000000 0.0000000000 0.0000000000 0.0000000000 0.0000000000 0.0000000000 0.0000000000 0.0000000000 0.0000000000 0.0000000000 0.0000000000 0.0000000000 0.0000000000 0.0000000000 0.0000000000 0.0000000000 0.0000000000 0.0000000000 0.0000000000 0.0000000000 0.0000000000 0.0000000000 0.0000000000 0.0000000000 0.0000000000 0.0000000000 0.0000000000 0.0000000000 0.0000000000 0.0000000000 0.0000000000 0.0000000000 0.0000000000 0.0000000000
7.8441532537 7.3931956772 0.0000000000 6.2990229101 0.0000000000 5.7958454295 0.0000000000 5.4702435776 0.0000000000 5.2330488838 0.0000000000 5.0497887032 0.0000000000 4.9034927874 0.0000000000 4.7845715331 0.0000000000 4.6871019042 0.0000000000 4.6071972710 0.0000000000 4.5421998407 0.0000000000 4.4902442974 0.0000000000 4.4500065847 0.0000000000 4.4205527240 0.0000000000 4.4012455830 0.0000000000 4.3916875943 0.0000000000 4.3916875943 0.0000000000 4.4012455830 0.0000000000 4.4205527240 0.0000000000 4.4500065847 0.0000000000 4.4902442974 0.0000000000 4.5421998407 0.0000000000 4.6071972710 0.0000000000 4.6871019042 0.0000000000 4.7845715331 0.0000000000 4.9034927874 0.0000000000 5.0497887032 0.0000000000 5.2330488838 0.0000000000 5.4702435776 0.0000000000 5.7958454295 0.0000000000 6.2990229101 0.0000000000 7.3931956772
0.0000000000 0.0000000000 0.0000000000 0.0000000000 0.0000000000 0.0000000000 0.0000000000 0.0000000000 0.0000000000 0.0000000000 0.0000000000 0.0000000000 0.0000000000 0.0000000000 0.0000000000 0.0000000000 0.0000000000 0.0000000000 0.0000000000 0.0000000000 0.0000000000 0.0000000000 0.0000000000 0.0000000000 0.0000000000 0.0000000000 0.0000000000 0.0000000000 0.0000000000 0.0000000000 0.0000000000 0.0000000000 0.0000000000 0.0000000000 0.0000000000 0.0000000000 0.0000000000 0.0000000000 0.0000000000 0.0000000000 0.0000000000 0.0000000000 0.0000000000 0.0000000000 0.0000000000 0.0000000000 0.0000000000 0.0000000000 0.0000000000 0.0000000000 0.0000000000 0.0000000000 0.0000000000 0.0000000000 0.0000000000 0.0000000000 0.0000000000 0.0000000000 0.0000000000 0.0000000000 0.0000000000 0.0000000000 0.0000000000 0.0000000000
7.7785052462 7.3275628326 0.0000000000 6.2334730527 0.0000000000 5.7303771534 0.0000000000 5.4048547038 0.0000000000 5.1677364865 0.0000000000 4.9845491426 0.0000000000 4.8383217478 0.0000000000 4.7194640681 0.0000000000 4.6220524851 0.0000000000 4.5421998407 0.0000000000 4.4772478713 0.0000000000 4.4253308514 0.0000000000 4.3851243788 0.0000000000 4.3556941951 0.0000000000 4.3364029570 0.0000000000 4.3268529552 0.0000000000 4.3268529552 0.0000000000 4.3364029570 0.0000000000 4.3556941951 0.0000000000 4.3851243788 0.0000000000 4.4253308514 0.0000000000 4.4772478713 0.0000000000 4.5421998407 0.0000000000 4.6220524851 0.0000000000 4.7194640681 0.0000000000 4.8383217478 0.0000000000 4.9845491426 0.0000000000 5.1677364865 0.0000000000 5.4048547038 0.0000000000 5.7303771534 0.0000000000 6.2334730527 0.0000000000 7.3275628326
0.0000000000 0.0000000000 0.0000000000 0.0000000000 0.0000000000 0.0000000000 0.0000000000 0.0000000000 0.0000000000 0.0000000000 0.0000000000 0.0000000000 0.0000000000 0.0000000000 0.0000000000 0.0000000000 0.0000000000 0.0000000000 0.0000000000 0.0000000000 0.0000000000 0.0000000000 0.0000000000 0.0000000000 0.0000000000 0.0000000000 0.0000000000 0.0000000000 0.0000000000 0.0000000000 0.0000000000 0.0000000000 0.0000000000 0.0000000000 0.0000000000 0.0000000000 0.0000000000 0.0000000000 0.0000000000 0.0000000000 0.0000000000 0.0000000000 0.0000000000 0.0000000000 0.0000000000 0.0000000000 0.0000000000 0.0000000000 0.0000000000 0.0000000000 0.0000000000 0.0000000000 0.0000000000 0.0000000000 0.0000000000 0.0000000000 0.0000000000 0.0000000000 0.0000000000 0.0000000000 0.0000000000 0.0000000000 0.0000000000 0.0000000000
7.7259980523 7.2750685035 0.0000000000 6.1810491268 0.0000000000 5.6780224274 0.0000000000 5.3525673194 0.0000000000 5.1155139529 0.0000000000 4.9323883647 0.0000000000 4.7862190592 0.0000000000 4.6674152686 0.0000000000 4.5700528827 0.0000000000 4.4902442974 0.0000000000 4.4253308514 0.0000000000 4.3734464735 0.0000000000 4.3332664697 0.0000000000 4.3038563460 0.0000000000 4.2845785808 0.0000000000 4.2750353454 0.0000000000 4.2750353454 0.0000000000 4.2845785808 0.0000000000 4.3038563460 0.0000000000 4.3332664697 0.0000000000 4.3734464735 0.0000000000 4.4253308514 0.0000000000 4.4902442974 0.0000000000 4.5700528827 0.0000000000 4.6674152686 0.0000000000 4.7862190592 0.0000000000 4.9323883647 0.0000000000 5.1155139529 0.0000000000 5.3525673194 0.0000000000 5.6780224274 0.0000000000 6.1810491268 0.0000000000 7.2750685035
0.0000000000 0.0000000000 0.0000000000 0.0000000000 0.0000000000 0.0000000000 0.0000000000 0.0000000000 0.0000000000 0.0000000000 0.0000000000 0.0000000000 0.0000000000 0.0000000000 0.0000000000 0.0000000000 0.0000000000 0.0000000000 0.0000000000 0.0000000000 0.0000000000 0.0000000000 0.0000000000 0.0000000000 0.0000000000 0.0000000000 0.0000000000 0.0000000000 0.0000000000 0.0000000000 0.0000000000 0.0000000000 0.0000000000 0.0000000000 0.0000000000 0.0000000000 0.0000000000 0.0000000000 0.0000000000 0.0000000000 0.0000000000 0.0000000000 0.0000000000 0.0000000000 0.0000000000 0.0000000000 0.0000000000 0.0000000000 0.0000000000 0.0000000000 0.0000000000 0.0000000000 0.0000000000 0.0000000000 0.0000000000 0.0000000000 0.0000000000 0.0000000000 0.0000000000 0.0000000000 0.0000000000 0.0000000000 0.0000000000 0.0000000000
7.6853127476 7.2343936420 0.0000000000 6.1404314118 0.0000000000 5.6374608750 0.0000000000 5.3120604148 0.0000000000 5.0750596685 0.0000000000 4.8919841833 0.0000000000 4.7458620011 0.0000000000 4.6271019221 0.0000000000 4.5297794383 0.0000000000 4.4500065847 0.0000000000 4.3851243788 0.0000000000 4.3332664697 0.0000000000 4.2931079279 0.0000000000 4.2637140690 0.0000000000 4.2444472272 0.0000000000 4.2349094778 0.0000000000 4.2349094778 0.0000000000 4.2444472272 0.0000000000 4.2637140690 0.0000000000 4.2931079279 0.0000000000 4.3332664697 0.0000000000 4.3851243788 0.0000000000 4.4500065847 0.0000000000 4.5297794383 0.0000000000 4.6271019221 0.0000000000 4.7458620011 0.0000000000 4.8919841833 0.0000000000 5.0750596685 0.0000000000 5.3120604148 0.0000000000 5.6374608750 0.0000000000 6.1404314118 0.0000000000 7.2343936420
0.0000000000 0.0000000000 0.0000000000 0.0000000000 0.0000000000 0.0000000000 0.0000000000 0.0000000000 0.0000000000 0.0000000000 0.0000000000 0.0000000000 0.0000000000 0.0000000000 0.0000000000 0.0000000000 0.0000000000 0.0000000000 0.0000000000 0.0000000000 0.0000000000 0.0000000000 0.0000000000 0.0000000000 0.0000000000 0.0000000000 0.0000000000 0.0000000000 0.0000000000 0.0000000000 0.0000000000 0.0000000000 0.0000000000 0.0000000000 0.0000000000 0.0000000000 0.0000000000 0.0000000000 0.0000000000 0.0000000000 0.0000000000 0.0000000000 0.0000000000 0.0000000000 0.0000000000 0.0000000000 0.0000000000 0.0000000000 0.0000000000 0.0000000000 0.0000000000 0.0000000000 0.0000000000 0.0000000000 0.0000000000 0.0000000000 0.0000000000 0.0000000000 0.0000000000 0.0000000000 0.0000000000 0.0000000000 0.0000000000 0.0000000000
7.6555195103 7.2046083261 0.0000000000 6.1106894399 0.0000000000 5.6077614969 0.0000000000 5.2824024773 0.0000000000 5.0454416305 0.0000000000 4.8624041326 0.0000000000 4.7163176755 0.0000000000 4.5975907325 0.0000000000 4.5002984947 0.0000000000 4.4205527240 0.0000000000 4.3556941951 0.0000000000 4.3038563460 0.0000000000 4.2637140690 0.0000000000 4.2343325356 0.0000000000 4.2150739717 0.0000000000 4.2055403795 0.0000000000 4.2055403795 0.0000000000 4.2150739717 0.0000000000 4.2343325356 0.0000000000 4.2637140690 0.0000000000 4.3038563460 0.0000000000 4.3556941951 0.0000000000 4.4205527240 0.0000000000 4.5002984947 0.0000000000 4.5975907325 0.0000000000 4.7163176755 0.0000000000 4.8624041326 0.0000000000 5.0454416305 0.0000000000 5.2824024773 0.0000000000 5.6077614969 0.0000000000 6.1106894399 0.0000000000 7.2046083261
0.0000000000 0.0000000000 0.0000000000 0.0000000000 0.0000000000 0.0000000000 0.0000000000 0.0000000000 0.0000000000 0.0000000000 0.0000000000 0.0000000000 0.0000000000 0.0000000000 0.0000000000 0.0000000000 0.0000000000 0.0000000000 0.0000000000 0.0000000000 0.0000000000 0.0000000000 0.0000000000 0.0000000000 0.0000000000 0.0000000000 0.0000000000 0.0000000000 0.0000000000 0.0000000000 0.0000000000 0.0000000000 0.0000000000 0.0000000000 0.0000000000 0.0000000000 0.0000000000 0.0000000000 0.0000000000 0.0000000000 0.0000000000 0.0000000000 0.0000000000 0.0000000000 0.0000000000 0.0000000000 0.0000000000 0.0000000000 0.0000000000 0.0000000000 0.0000000000 0.0000000000 0.0000000000 0.0000000000 0.0000000000 0.0000000000 0.0000000000 0.0000000000 0.0000000000 0.0000000000 0.0000000000 0.0000000000 0.0000000000 0.0000000000
7.6359843560 7.1850784953 0.0000000000 6.0911887371 0.0000000000 5.5882894157 0.0000000000 5.2629582410 0.0000000000 5.0260242016 0.0000000000 4.8430122249 0.0000000000 4.6969497675 0.0000000000 4.5782450837 0.0000000000 4.4809731625 0.0000000000 4.4012455830 0.0000000000 4.3364029570 0.0000000000 4.2845785808 0.0000000000 4.2444472272 0.0000000000 4.2150739717 0.0000000000 4.1958209671 0.0000000000 4.1862901667 0.0000000000 4.1862901667 0.0000000000 4.1958209671 0.0000000000 4.2150739717 0.0000000000 4.2444472272 0.0000000000 4.2845785808 0.0000000000 4.3364029570 0.0000000000 4.4012455830 0.0000000000 4.4809731625 0.0000000000 4.5782450837 0.0000000000 4.6969497675 0.0000000000 4.8430122249 0.0000000000 5.0260242016 0.0000000000 5.2629582410 0.0000000000 5.5882894157 0.0000000000 6.0911887371 0.0000000000 7.1850784953
0.0000000000 0.0000000000 0.0000000000 0.0000000000 0.0000000000 0.0000000000 0.0000000000 0.0000000000 0.0000000000 0.0000000000 0.0000000000 0.0000000000 0.0000000000 0.0000000000 0.0000000000 0.0000000000 0.0000000000 0.0000000000 0.0000000000 0.0000000000 0.0000000000 0.0000000000 0.0000000000 0.0000000000 0.0000000000 0.0000000000 0.0000000000 0.0000000000 0.0000000000 0.0000000000 0.0000000000 0.0000000000 0.0000000000 0.0000000000 0.0000000000 0.0000000000 0.0000000000 0.0000000000 0.0000000000 0.0000000000 0.0000000000 0.0000000000 0.0000000000 0.0000000000 0.0000000000 0.0000000000 0.0000000000 0.0000000000 0.0000000000 0.0000000000 0.0000000000 0.0000000000 0.0000000000 0.0000000000 0.0000000000 0.0000000000 0.0000000000 0.0000000000 0.0000000000 0.0000000000 0.0000000000 0.0000000000 0.0000000000 0.0000000000
7.6263118302 7.1754086441 0.0000000000 6.0815335197 0.0000000000 5.5786485771 0.0000000000 5.2533313904 0.0000000000 5.0164108173 0.0000000000 4.8334116601 0.0000000000 4.6873612578 0.0000000000 4.5686677542 0.0000000000 4.4714060373 0.0000000000 4.3916875943 0.0000000000 4.3268529552 0.0000000000 4.2750353454 0.0000000000 4.2349094778 0.0000000000 4.2055403795 0.0000000000 4.1862901667 0.0000000000 4.1767607683 0.0000000000 4.1767607683 0.0000000000 4.1862901667 0.0000000000 4.2055403795 0.0000000000 4.2349094778 0.0000000000 4.2750353454 0.0000000000 4.3268529552 0.0000000000 4.3916875943 0.0000000000 4.4714060373 0.0000000000 4.5686677542 0.0000000000 4.6873612578 0.0000000000 4.8334116601 0.0000000000 5.0164108173 0.0000000000 5.2533313904 0.0000000000 5.5786485771 0.0000000000 6.0815335197 0.0000000000 7.1754086441
0.0000000000 0.0000000000 0.0000000000 0.0000000000 0.0000000000 0.0000000000 0.0000000000 0.0000000000 0.0000000000 0.0000000000 0.0000000000 0.0000000000 0.0000000000 0.0000000000 0.0000000000 0.0000000000 0.0000000000 0.0000000000 0.0000000000 0.0000000000 0.0000000000 0.0000000000 0.0000000000 0.0000000000 0.0000000000 0.0000000000 0.0000000000 0.0000000000 0.0000000000 0.0000000000 0.0000000000 0.0000000000 0.0000000000 0.0000000000 0.0000000000 0.0000000000 0.0000000000 0.0000000000 0.0000000000 0.0000000000 0.0000000000 0.0000000000 0.0000000000 0.0000000000 0.0000000000 0.0000000000 0.0000000000 0.0000000000 0.0000000000 0.0000000000 0.0000000000 0.0000000000 0.0000000000 0.0000000000 0.0000000000 0.0000000000 0.0000000000 0.0000000000 0.0000000000 0.0000000000 0.0000000000 0.0000000000 0.0000000000 0.0000000000
7.6263118302 7.1754086441 0.0000000000 6.0815335197 0.0000000000 5.5786485771 0.0000000000 5.2533313904 0.0000000000 5.0164108173 0.0000000000 4.8334116601 0.0000000000 4.6873612578 0.0000000000 4.5686677542 0.0000000000 4.4714060373 0.0000000000 4.3916875943 0.0000000000 4.3268529552 0.0000000000 4.2750353454 0.0000000000 4.2349094778 0.0000000000 4.2055403795 0.0000000000 4.1862901667 0.0000000000 4.1767607683 0.0000000000 4.1767607683 0.0000000000 4.1862901667 0.0000000000 4.2055403795 0.0000000000 4.2349094778 0.0000000000 4.2750353454 0.0000000000 4.3268529552 0.0000000000 4.3916875943 0.0000000000 4.4714060373 0.0000000000 4.5686677542 0.0000000000 4.6873612578 0.0000000000 4.8334116601 0.0000000000 5.0164108173 0.0000000000 5.2533313904 0.0000000000 5.5786485771 0.0000000000 6.0815335197 0.0000000000 7.1754086441
0.0000000000 0.0000000000 0.0000000000 0.0000000000 0.0000000000 0.0000000000 0.0000000000 0.0000000000 0.0000000000 0.0000000000 0.0000000000 0.0000000000 0.0000000000 0.0000000000 0.0000000000 0.0000000000 0.0000000000 0.0000000000 0.0000000000 0.0000000000 0.0000000000 0.0000000000 0.0000000000 0.0000000000 0.0000000000 0.0000000000 0.0000000000 0.0000000000 0.0000000000 0.0000000000 0.0000000000 0.0000000000 0.0000000000 0.0000000000 0.0000000000 0.0000000000 0.0000000000 0.0000000000 0.0000000000 0.0000000000 0.0000000000 0.0000000000 0.0000000000 0.0000000000 0.0000000000 0.0000000000 0.0000000000 0.0000000000 0.0000000000 0.0000000000 0.0000000000 0.0000000000 0.0000000000 0.0000000000 0.0000000000 0.0000000000 0.0000000000 0.0000000000 0.0000000000 0.0000000000 0.0000000000 0.0000000000 0.0000000000 0.0000000000
7.6359843560 7.1850784953 0.0000000000 6.0911887371 0.0000000000 5.5882894157 0.0000000000 5.2629582410 0.0000000000 5.0260242016 0.0000000000 4.8430122249 0.0000000000 4.6969497675 0.0000000000 4.5782450837 0.0000000000 4.4809731625 0.0000000000 4.4012455830 0.0000000000 4.3364029570 0.0000000000 4.2845785808 0.0000000000 4.2444472272 0.0000000000 4.2150739717 0.0000000000 4.1958209671 0.0000000000 4.1862901667 0.0000000000 4.1862901667 0.0000000000 4.1958209671 0.0000000000 4.2150739717 0.0000000000 4.2444472272 0.0000000000 4.2845785808 0.0000000000 4.3364029570 0.0000000000 4.4012455830 0.0000000000 4.4809731625 0.0000000000 4.5782450837 0.0000000000 4.6969497675 0.0000000000 4.8430122249 0.0000000000 5.0260242016 0.0000000000 5.2629582410 0.0000000000 5.5882894157 0.0000000000 6.0911887371 0.0000000000 7.1850784953
0.0000000000 0.0000000000 0.0000000000 0.0000000000 0.0000000000 0.0000000000 0.0000000000 0.0000000000 0.0000000000 0.0000000000 0.0000000000 0.0000000000 0.0000000000 0.0000000000 0.0000000000 0.0000000000 0.0000000000 0.0000000000 0.0000000000 0.0000000000 0.0000000000 0.0000000000 0.0000000000 0.0000000000 0.0000000000 0.0000000000 0.0000000000 0.0000000000 0.0000000000 0.0000000000 0.0000000000 0.0000000000 0.0000000000 0.0000000000 0.0000000000 0.0000000000 0.0000000000 0.0000000000 0.0000000000 0.0000000000 0.0000000000 0.0000000000 0.0000000000 0.0000000000 0.0000000000 0.0000000000 0.0000000000 0.0000000000 0.0000000000 0.0000000000 0.0000000000 0.0000000000 0.0000000000 0.0000000000 0.0000000000 0.0000000000 0.0000000000 0.0000000000 0.0000000000 0.0000000000 0.0000000000 0.0000000000 0.0000000000 0.0000000000
7.6555195103 7.2046083261 0.0000000000 6.1106894399 0.0000000000 5.6077614969 0.0000000000 5.2824024773 0.0000000000 5.0454416305 0.0000000000 4.8624041326 0.0000000000 4.7163176755 0.0000000000 4.5975907325 0.0000000000 4.5002984947 0.0000000000 4.4205527240 0.0000000000 4.3556941951 0.0000000000 4.3038563460 0.0000000000 4.2637140690 0.0000000000 4.2343325356 0.0000000000 4.2150739717 0.0000000000 4.2055403795 0.0000000000 4.2055403795 0.0000000000 4.2150739717 0.0000000000 4.2343325356 0.0000000000 4.2637140690 0.0000000000 4.3038563460 0.0000000000 4.3556941951 0.0000000000 4.4205527240 0.0000000000 4.5002984947 0.0000000000 4.5975907325 0.0000000000 4.7163176755 0.0000000000 4.8624041326 0.0000000000 5.0454416305 0.0000000000 5.2824024773 0.0000000000 5.6077614969 0.0000000000 6.1106894399 0.0000000000 7.2046083261
0.0000000000 0.0000000000 0.0000000000 0.0000000000 0.0000000000 0.0000000000 0.0000000000 0.0000000000 0.0000000000 0.0000000000 0.0000000000 0.0000000000 0.0000000000 0.0000000000 0.0000000000 0.0000000000 0.0000000000 0.0000000000 0.0000000000 0.0000000000 0.0000000000 0.0000000000 0.0000000000 0.0000000000 0.0000000000 0.0000000000 0.0000000000 0.0000000000 0.0000000000 0.0000000000 0.0000000000 0.0000000000 0.0000000000 0.0000000000 0.0000000000 0.0000000000 0.0000000000 0.0000000000 0.0000000000 0.0000000000 0.0000000000 0.0000000000 0.0000000000 0.0000000000 0.0000000000 0.0000000000 0.0000000000 0.0000000000 0.0000000000 0.0000000000 0.0000000000 0.0000000000 0.0000000000 0.0000000000 0.0000000000 0.0000000000 0.0000000000 0.0000000000 0.0000000000 0.0000000000 0.0000000000 0.0000000000 0.0000000000 0.0000000000
7.6853127476 7.2343936420 0.0000000000 6.1404314118 0.0000000000 5.6374608750 0.0000000000 5.3120604148 0.0000000000 5.0750596685 0.0000000000 4.8919841833 0.0000000000 4.7458620011 0.0000000000 4.6271019221 0.0000000000 4.5297794383 0.0000000000 4.4500065847 0.0000000000 4.3851243788 0.0000000000 4.3332664697 0.0000000000 4.2931079279 0.0000000000 4.2637140690 0.0000000000 4.2444472272 0.0000000000 4.2349094778 0.0000000000 4.2349094778 0.0000000000 4.2444472272 0.0000000000 4.2637140690 0.0000000000 4.2931079279 0.0000000000 4.3332664697 0.0000000000 4.3851243788 0.0000000000 4.4500065847 0.0000000000 4.5297794383 0.0000000000 4.6271019221 0.0000000000 4.7458620011 0.0000000000 4.8919841833 0.0000000000 5.0750596685 0.0000000000 5.3120604148 0.0000000000 5.6374608750 0.0000000000 6.1404314118 0.0000000000 7.2343936420
0.0000000000 0.0000000000 0.0000000000 0.0000000000 0.0000000000 0.0000000000 0.0000000000 0.0000000000 0.0000000000 0.0000000000 0.0000000000 0.0000000000 0.0000000000 0.0000000000 0.0000000000 0.0000000000 0.0000000000 0.0000000000 0.0000000000 0.0000000000 0.0000000000 0.0000000000 0.0000000000 0.0000000000 0.0000000000 0.0000000000 0.0000000000 0.0000000000 0.0000000000 0.0000000000 0.0000000000 0.0000000000 0.0000000000 0.0000000000 0.0000000000 0.0000000000 0.0000000000 0.0000000000 0.0000000000 0.0000000000 0.0000000000 0.0000000000 0.0000000000 0.0000000000 0.0000000000 0.0000000000 0.0000000000 0.0000000000 0.0000000000 0.0000000000 0.0000000000 0.0000000000 0.0000000000 0.0000000000 0.0000000000 0.0000000000 0.0000000000 0.0000000000 0.0000000000 0.0000000000 0.0000000000 0.0000000000 0.0000000000 0.0000000000
7.7259980523 7.2750685035 0.0000000000 6.1810491268 0.0000000000 5.6780224274 0.0000000000 5.3525673194 0.0000000000 5.1155139529 0.0000000000 4.9323883647 0.0000000000 4.7862190592 0.0000000000 4.6674152686 0.0000000000 4.5700528827 0.0000000000 4.4902442974 0.0000000000 4.4253308514 0.0000000000 4.3734464735 0.0000000000 4.3332664697 0.0000000000 4.3038563460 0.0000000000 4.2845785808 0.0000000000 4.2750353454 0.0000000000 4.2750353454 0.0000000000 4.2845785808 0.0000000000 4.3038563460 0.0000000000 4.3332664697 0.0000000000 4.3734464735 0.0000000000 4.4253308514 0.0000000000 4.4902442974 0.0000000000 4.5700528827 0.0000000000 4.6674152686 0.0000000000 4.7862190592 0.0000000000 4.9323883647 0.0000000000 5.1155139529 0.0000000000 5.3525673194 0.0000000000 5.6780224274 0.0000000000 6.1810491268 0.0000000000 7.2750685035
0.0000000000 0.0000000000 0.0000000000 0.0000000000 0.0000000000 0.0000000000 0.0000000000 0.0000000000 0.0000000000 0.0000000000 0.0000000000 0.0000000000 0.0000000000 0.0000000000 0.0000000000 0.0000000000 0.0000000000 0.0000000000 0.0000000000 0.0000000000 0.0000000000 0.0000000000 0.0000000000 0.0000000000 0.0000000000 0.0000000000 0.0000000000 0.0000000000 0.0000000000 0.0000000000 0.0000000000 0.0000000000 0.0000000000 0.0000000000 0.0000000000 0.0000000000 0.0000000000 0.0000000000 0.0000000000 0.0000000000 0.0000000000 0.0000000000 0.0000000000 0.0000000000 0.0000000000 0.0000000000 0.0000000000 0.0000000000 0.0000000000 0.0000000000 0.0000000000 0.0000000000 0.0000000000 0.0000000000 0.0000000000 0.0000000000 0.0000000000 0.0000000000 0.0000000000 0.0000000000 0.0000000000 0.0000000000 0.0000000000 0.0000000000
7.7785052462 7.3275628326 0.0000000000 6.2334730527 0.0000000000 5.7303771534 0.0000000000 5.4048547038 0.0000000000 5.1677364865 0.0000000000 4.9845491426 0.0000000000 4.8383217478 0.0000000000 4.7194640681 0.0000000000 4.6220524851 0.0000000000 4.5421998407 0.0000000000 4.4772478713 0.0000000000 4.4253308514 0.0000000000 4.3851243788 0.0000000000 4.3556941951 0.0000000000 4.3364029570 0.0000000000 4.3268529552 0.0000000000 4.3268529552 0.0000000000 4.3364029570 0.0000000000 4.3556941951 0.0000000000 4.3851243788 0.0000000000 4.4253308514 0.0000000000 4.4772478713 0.0000000000 4.5421998407 0.0000000000 4.6220524851 0.0000000000 4.7194640681 0.0000000000 4.8383217478 0.0000000000 4.9845491426 0.0000000000 5.1677364865 0.0000000000 5.4048547038 0.0000000000 5.7303771534 0.0000000000 6.2334730527 0.0000000000 7.3275628326
0.0000000000 0.0000000000 0.0000000000 0.0000000000 0.0000000000 0.0000000000 0.0000000000 0.0000000000 0.0000000000 0.0000000000 0.0000000000 0.0000000000 0.0000000000 0.0000000000 0.0000000000 0.0000000000 0.0000000000 0.0000000000 0.0000000000 0.0000000000 0.0000000000 0.0000000000 0.0000000000 0.0000000000 0.0000000000 0.0000000000 0.0000000000 0.0000000000 0.0000000000 0.0000000000 0.0000000000 0.0000000000 0.0000000000 0.0000000000 0.0000000000 0.0000000000 0.0000000000 0.0000000000 0.0000000000 0.0000000000 0.0000000000 0.0000000000 0.0000000000 0.0000000000 0.0000000000 0.0000000000 0.0000000000 0.0000000000 0.0000000000 0.0000000000 0.0000000000 0.0000000000 0.0000000000 0.0000000000 0.0000000000 0.0000000000 0.0000000000 0.0000000000 0.0000000000 0.0000000000 0.0000000000 0.0000000000 0.0000000000 0.0000000000
7.8441532537 7.3931956772 0.0000000000 6.2990229101 0.0000000000 5.7958454295 0.0000000000 5.4702435776 0.0000000000 5.2330488838 0.0000000000 5.0497887032 0.0000000000 4.9034927874 0.0000000000 4.7845715331 0.0000000000 4.6871019042 0.0000000000 4.6071972710 0.0000000000 4.5421998407 0.0000000000 4.4902442974 0.0000000000 4.4500065847 0.0000000000 4.4205527240 0.0000000000 4.4012455830 0.0000000000 4.3916875943 0.0000000000 4.3916875943 0.0000000000 4.4012455830 0.0000000000 4.4205527240 0.0000000000 4.4500065847 0.0000000000 4.4902442974 0.0000000000 4.5421998407 0.0000000000 4.6071972710 0.0000000000 4.6871019042 0.0000000000 4.7845715331 0.0000000000 4.9034927874 0.0000000000 5.0497887032 0.0000000000 5.2330488838 0.0000000000 5.4702435776 0.0000000000 5.7958454295 0.0000000000 6.2990229101 0.0000000000 7.3931956772
0.0000000000 0.0000000000 0.0000000000 0.0000000000 0.0000000000 0.0000000000 0.0000000000 0.0000000000 0.0000000000 0.0000000000 0.0000000000 0.0000000000 0.0000000000 0.0000000000 0.0000000000 0.0000000000 0.0000000000 0.0000000000 0.0000000000 0.0000000000 0.0000000000 0.0000000000 0.0000000000 0.0000000000 0.0000000000 0.0000000000 0.0000000000 0.0000000000 0.0000000000 0.0000000000 0.0000000000 0.0000000000 0.0000000000 0.0000000000 0.0000000000 0.0000000000 0.0000000000 0.0000000000 0.0000000000 0.0000000000 0.0000000000 0.0000000000 0.0000000000 0.0000000000 0.0000000000 0.0000000000 0.0000000000 0.0000000000 0.0000000000 0.0000000000 0.0000000000 0.0000000000 0.0000000000 0.0000000000 0.0000000000 0.0000000000 0.0000000000 0.0000000000 0.0000000000 0.0000000000 0.0000000000 0.0000000000 0.0000000000 0.0000000000
7.9248013268 7.4738264348 0.0000000000 6.3795588896 0.0000000000 5.8762882201 0.0000000000 5.5505956526 0.0000000000 5.3133135713 0.0000000000 5.1299701493 0.0000000000 4.9835959120 0.0000000000 4.8646019801 0.0000000000 4.7670659852 0.0000000000 4.6871019042 0.0000000000 4.6220524851 0.0000000000 4.5700528827 0.0000000000 4.5297794383 0.0000000000 4.5002984947 0.0000000000 4.4809731625 0.0000000000 4.4714060373 0.0000000000 4.4714060373 0.0000000000 4.4809731625 0.0000000000 4.5002984947 0.0000000000 4.5297794383 0.0000000000 4.5700528827 0.0000000000 4.6220524851 0.0000000000 4.6871019042 0.0000000000 4.7670659852 0.0000000000 4.8646019801 0.0000000000 4.9835959120 0.0000000000 5.1299701493 0.0000000000 5.3133135713 0.0000000000 5.5505956526 0.0000000000 5.8762882201 0.0000000000 6.3795588896 0.0000000000 7.4738264348
0.0000000000 0.0000000000 0.0000000000 0.0000000000 0.0000000000 0.0000000000 0.0000000000 0.0000000000 0.0000000000 0.0000000000 0.0000000000 0.0000000000 0.0000000000 0.0000000000 0.0000000000 0.0000000000 0.0000000000 0.0000000000 0.0000000000 0.0000000000 0.0000000000 0.0000000000 0.0000000000 0.0000000000 0.0000000000 0.0000000000 0.0000000000 0.0000000000 0.0000000000 0.0000000000 0.0000000000 0.0000000000 0.0000000000 0.0000000000 0.0000000000 0.0000000000 0.0000000000 0.0000000000 0.0000000000 0.0000000000 0.0000000000 0.0000000000 0.0000000000 0.0000000000 0.0000000000 0.0000000000 0.0000000000 0.0000000000 0.0000000000 0.0000000000 0.0000000000 0.0000000000 0.0000000000 0.0000000000 0.0000000000 0.0000000000 0.0000000000 0.0000000000 0.0000000000 0.0000000000 0.0000000000 0.0000000000 0.0000000000 0.0000000000
8.0231003132 7.5721061194 0.0000000000 6.4777329115 0.0000000000 5.9743583303 0.0000000000 5.6485645894 0.0000000000 5.4111850281 0.0000000000 5.2277487341 0.0000000000 5.0812870991 0.0000000000 4.9622120544 0.0000000000 4.8646019801 0.0000000000 4.7845715331 0.0000000000 4.7194640681 0.0000000000 4.6674152686 0.0000000000 4.6271019221 0.0000000000 4.5975907325 0.0000000000 4.5782450837 0.0000000000 4.5686677542 0.0000000000 4.5686677542 0.0000000000 4.5782450837 0.0000000000 4.5975907325 0.0000000000 4.6271019221 0.0000000000 4.6674152686 0.0000000000 4.7194640681 0.0000000000 4.7845715331 0.0000000000 4.8646019801 0.0000000000 4.9622120544 0.0000000000 5.0812870991 0.0000000000 5.2277487341 0.0000000000 5.4111850281 0.0000000000 5.6485645894 0.0000000000 5.9743583303 0.0000000000 6.4777329115 0.0000000000 7.5721061194
0.0000000000 0.0000000000 0.0000000000 0.0000000000 0.0000000000 0.0000000000 0.0000000000 0.0000000000 0.0000000000 0.0000000000 0.0000000000 0.0000000000 0.0000000000 0.0000000000 0.0000000000 0.0000000000 0.0000000000 0.0000000000 0.0000000000 0.0000000000 0.0000000000 0.0000000000 0.0000000000 0.0000000000 0.0000000000 0.0000000000 0.0000000000 0.0000000000 0.0000000000 0.0000000000 0.0000000000 0.0000000000 0.0000000000 0.0000000000 0.0000000000 0.0000000000 0.0000000000 0.0000000000 0.0000000000 0.0000000000 0.0000000000 0.0000000000 0.0000000000 0.0000000000 0.0000000000 0.0000000000 0.0000000000 0.0000000000 0.0000000000 0.0000000000 0.0000000000 0.0000000000 0.0000000000 0.0000000000 0.0000000000 0.0000000000 0.0000000000 0.0000000000 0.0000000000 0.0000000000 0.0000000000 0.0000000000 0.0000000000 0.0000000000
8.1429290746 7.6919137782 0.0000000000 6.5974250339 0.0000000000 6.0939368061 0.0000000000 5.7680323897 0.0000000000 5.5305461710 0.0000000000 5.3470082412 0.0000000000 5.2004509431 0.0000000000 5.0812870991 0.0000000000 4.9835959120 0.0000000000 4.9034927874 0.0000000000 4.8383217478 0.0000000000 4.7862190592 0.0000000000 4.7458620011 0.0000000000 4.7163176755 0.0000000000 4.6969497675 0.0000000000 4.6873612578 0.0000000000 4.6873612578 0.0000000000 4.6969497675 0.0000000000 4.7163176755 0.0000000000 4.7458620011 0.0000000000 4.7862190592 0.0000000000 4.8383217478 0.0000000000 4.9034927874 0.0000000000 4.9835959120 0.0000000000 5.0812870991 0.0000000000 5.2004509431 0.0000000000 5.3470082412 0.0000000000 5.5305461710 0.0000000000 5.7680323897 0.0000000000 6.0939368061 0.0000000000 6.5974250339 0.0000000000 7.6919137782
0.0000000000 0.0000000000 0.0000000000 0.0000000000 0.0000000000 0.0000000000 0.0000000000 0.0000000000 0.0000000000 0.0000000000 0.0000000000 0.0000000000 0.0000000000 0.0000000000 0.0000000000 0.0000000000 0.0000000000 0.0000000000 0.0000000000 0.0000000000 0.0000000000 0.0000000000 0.0000000000 0.0000000000 0.0000000000 0.0000000000 0.0000000000 0.0000000000 0.0000000000 0.0000000000 0.0000000000 0.0000000000 0.0000000000 0.0000000000 0.0000000000 0.0000000000 0.0000000000 0.0000000000 0.0000000000 0.0000000000 0.0000000000 0.0000000000 0.0000000000 0.0000000000 0.0000000000 0.0000000000 0.0000000000 0.0000000000 0.0000000000 0.0000000000 0.0000000000 0.0000000000 0.0000000000 0.0000000000 0.0000000000 0.0000000000 0.0000000000 0.0000000000 0.0000000000 0.0000000000 0.0000000000 0.0000000000 0.0000000000 0.0000000000
8.2902021235 7.8391641263 0.0000000000 6.7445510783 0.0000000000 6.2409405509 0.0000000000 5.9149170044 0.0000000000 5.6773159547 0.0000000000 5.4936685766 0.0000000000 5.3470082412 0.0000000000 5.2277487341 0.0000000000 5.1299701493 0.0000000000 5.0497887032 0.0000000000 4.9845491426 0.0000000000 4.9323883647 0.0000000000 4.8919841833 0.0000000000 4.8624041326 0.0000000000 4.8430122249 0.0000000000 4.8334116601 0.0000000000 4.8334116601 0.0000000000 4.8430122249 0.0000000000 4.8624041326 0.0000000000 4.8919841833 0.0000000000 4.9323883647 0.0000000000 4.9845491426 0.0000000000 5.0497887032 0.0000000000 5.1299701493 0.0000000000 5.2277487341 0.0000000000 5.3470082412 0.0000000000 5.4936685766 0.0000000000 5.6773159547 0.0000000000 5.9149170044 0.0000000000 6.2409405509 0.0000000000 6.7445510783 0.0000000000 7.8391641263
0.0000000000 0.0000000000 0.0000000000 0.0000000000 0.0000000000 0.0000000000 0.0000000000 0.0000000000 0.0000000000 0.0000000000 0.0000000000 0.0000000000 0.0000000000 0.0000000000 0.0000000000 0.0000000000 0.0000000000 0.0000000000 0.0000000000 0.0000000000 0.0000000000 0.0000000000 0.0000000000 0.0000000000 0.0000000000 0.0000000000 0.0000000000 0.0000000000 0.0000000000 0.0000000000 0.0000000000 0.0000000000 0.0000000000 0.0000000000 0.0000000000 0.0000000000 0.0000000000 0.0000000000 0.0000000000 0.0000000000 0.0000000000 0.0000000000 0.0000000000 0.0000000000 0.0000000000 0.0000000000 0.0000000000 0.0000000000 0.0000000000 0.0000000000 0.0000000000 0.0000000000 0.0000000000 0.0000000000 0.0000000000 0.0000000000 0.0000000000 0.0000000000 0.0000000000 0.0000000000 0.0000000000 0.0000000000 0.0000000000 0.0000000000
8.4744998569 8.0234377790 0.0000000000 6.9286928509 0.0000000000 6.4249525367 0.0000000000 6.0988025355 0.0000000000 5.8610795651 0.0000000000 5.6773159547 0.0000000000 5.5305461710 0.0000000000 5.4111850281 0.0000000000 5.3133135713 0.0000000000 5.2330488838 0.0000000000 5.1677364865 0.0000000000 5.1155139529 0.0000000000 5.0750596685 0.0000000000 5.0454416305 0.0000000000 5.0260242016 0.0000000000 5.0164108173 0.0000000000 5.0164108173 0.0000000000 5.0260242016 0.0000000000 5.0454416305 0.0000000000 5.0750596685 0.0000000000 5.1155139529 0.0000000000 5.1677364865 0.0000000000 5.2330488838 0.0000000000 5.3133135713 0.0000000000 5.4111850281 0.0000000000 5.5305461710 0.0000000000 5.6773159547 0.0000000000 5.8610795651 0.0000000000 6.0988025355 0.0000000000 6.4249525367 0.0000000000 6.9286928509 0.0000000000 8.0234377790
0.0000000000 0.0000000000 0.0000000000 0.0000000000 0.0000000000 0.0000000000 0.0000000000 0.0000000000 0.0000000000 0.0000000000 0.0000000000 0.0000000000 0.0000000000 0.0000000000 0.0000000000 0.0000000000 0.0000000000 0.0000000000 0.0000000000 0.0000000000 0.0000000000 0.0000000000 0.0000000000 0.0000000000 0.0000000000 0.0000000000 0.0000000000 0.0000000000 0.0000000000 0.0000000000 0.0000000000 0.0000000000 0.0000000000 0.0000000000 0.0000000000 0.0000000000 0.0000000000 0.0000000000 0.0000000000 0.0000000000 0.0000000000 0.0000000000 0.0000000000 0.0000000000 0.0000000000 0.0000000000 0.0000000000 0.0000000000 0.0000000000 0.0000000000 0.0000000000 0.0000000000 0.0000000000 0.0000000000 0.0000000000 0.0000000000 0.0000000000 0.0000000000 0.0000000000 0.0000000000 0.0000000000 0.0000000000 0.0000000000 0.0000000000
8.7127827162 8.2616954091 0.0000000000 7.1668122892 0.0000000000 6.6629359402 0.0000000000 6.3366533618 0.0000000000 6.0988025355 0.0000000000 5.9149170044 0.0000000000 5.7680323897 0.0000000000 5.6485645894 0.0000000000 5.5505956526 0.0000000000 5.4702435776 0.0000000000 5.4048547038 0.0000000000 5.3525673194 0.0000000000 5.3120604148 0.0000000000 5.2824024773 0.0000000000 5.2629582410 0.0000000000 5.2533313904 0.0000000000 5.2533313904 0.0000000000 5.2629582410 0.0000000000 5.2824024773 0.0000000000 5.3120604148 0.0000000000 5.3525673194 0.0000000000 5.4048547038 0.0000000000 5.4702435776 0.0000000000 5.5505956526 0.0000000000 5.6485645894 0.0000000000 5.7680323897 0.0000000000 5.9149170044 0.0000000000 6.0988025355 0.0000000000 6.3366533618 0.0000000000 6.6629359402 0.0000000000 7.1668122892 0.0000000000 8.2616954091
0.0000000000 0.0000000000 0.0000000000 0.0000000000 0.0000000000 0.0000000000 0.0000000000 0.0000000000 0.0000000000 0.0000000000 0.0000000000 0.0000000000 0.0000000000 0.0000000000 0.0000000000 0.0000000000 0.0000000000 0.0000000000 0.0000000000 0.0000000000 0.0000000000 0.0000000000 0.0000000000 0.0000000000 0.0000000000 0.0000000000 0.0000000000 0.0000000000 0.0000000000 0.0000000000 0.0000000000 0.0000000000 0.0000000000 0.0000000000 0.0000000000 0.0000000000 0.0000000000 0.0000000000 0.0000000000 0.0000000000 0.0000000000 0.0000000000 0.0000000000 0.0000000000 0.0000000000 0.0000000000 0.0000000000 0.0000000000 0.0000000000 0.0000000000 0.0000000000 0.0000000000 0.0000000000 0.0000000000 0.0000000000 0.0000000000 0.0000000000 0.0000000000 0.0000000000 0.0000000000 0.0000000000 0.0000000000 0.0000000000 0.0000000000
9.0395130249 8.5883995828 0.0000000000 7.4933732855 0.0000000000 6.9893559546 0.0000000000 6.6629359402 0.0000000000 6.4249525367 0.0000000000 6.2409405509 0.0000000000 6.0939368061 0.0000000000 5.9743583303 0.0000000000 5.8762882201 0.0000000000 5.7958454295 0.0000000000 5.7303771534 0.0000000000 5.6780224274 0.0000000000 5.6374608750 0.0000000000 5.6077614969 0.0000000000 5.5882894157 0.0000000000 5.5786485771 0.0000000000 5.5786485771 0.0000000000 5.5882894157 0.0000000000 5.6077614969 0.0000000000 5.6374608750 0.0000000000 5.6780224274 0.0000000000 5.7303771534 0.0000000000 5.7958454295 0.0000000000 5.8762882201 0.0000000000 5.9743583303 0.0000000000 6.0939368061 0.0000000000 6.2409405509 0.0000000000 6.4249525367 0.0000000000 6.6629359402 0.0000000000 6.9893559546 0.0000000000 7.4933732855 0.0000000000 8.5883995828
0.0000000000 0.0000000000 0.0000000000 0.0000000000 0.0000000000 0.0000000000 0.0000000000 0.0000000000 0.0000000000 0.0000000000 0.0000000000 0.0000000000 0.0000000000 0.0000000000 0.0000000000 0.0000000000 0.0000000000 0.0000000000 0.0000000000 0.0000000000 0.0000000000 0.0000000000 0.0000000000 0.0000000000 0.0000000000 0.0000000000 0.0000000000 0.0000000000 0.0000000000 0.0000000000 0.0000000000 0.0000000000 0.0000000000 0.0000000000 0.0000000000 0.0000000000 0.0000000000 0.0000000000 0.0000000000 0.0000000000 0.0000000000 0.0000000000 0.0000000000 0.0000000000 0.0000000000 0.0000000000 0.0000000000 0.0000000000 0.0000000000 0.0000000000 0.0000000000 0.0000000000 0.0000000000 0.0000000000 0.0000000000 0.0000000000 0.0000000000 0.0000000000 0.0000000000 0.0000000000 0.0000000000 0.0000000000 0.0000000000 0.0000000000
9.5438485116 9.0927082799 0.0000000000 7.9975351949 0.0000000000 7.4933732855 0.0000000000 7.1668122892 0.0000000000 6.9286928509 0.0000000000 6.7445510783 0.0000000000 6.5974250339 0.0000000000 6.4777329115 0.0000000000 6.3795588896 0.0000000000 6.2990229101 0.0000000000 6.2334730527 0.0000000000 6.1810491268 0.0000000000 6.1404314118 0.0000000000 6.1106894399 0.0000000000 6.0911887371 0.0000000000 6.0815335197 0.0000000000 6.0815335197 0.0000000000 6.0911887371 0.0000000000 6.1106894399 0.0000000000 6.1404314118 0.0000000000 6.1810491268 0.0000000000 6.2334730527 0.0000000000 6.2990229101 0.0000000000 6.3795588896 0.0000000000 6.4777329115 0.0000000000 6.5974250339 0.0000000000 6.7445510783 0.0000000000 6.9286928509 0.0000000000 7.1668122892 0.0000000000 7.4933732855 0.0000000000 7.9975351949 0.0000000000 9.0927082799
0.0000000000 0.0000000000 0.0000000000 0.0000000000 0.0000000000 0.0000000000 0.0000000000 0.0000000000 0.0000000000 0.0000000000 0.0000000000 0.0000000000 0.0000000000 0.0000000000 0.0000000000 0.0000000000 0.0000000000 0.0000000000 0.0000000000 0.0000000000 0.0000000000 0.0000000000 0.0000000000 0.0000000000 0.0000000000 0.0000000000 0.0000000000 0.0000000000 0.0000000000 0.0000000000 0.0000000000 0.0000000000 0.0000000000 0.0000000000 0.0000000000 0.0000000000 0.0000000000 0.0000000000 0.0000000000 0.0000000000 0.0000000000 0.0000000000 0.0000000000 0.0000000000 0.0000000000 0.0000000000 0.0000000000 0.0000000000 0.0000000000 0.0000000000 0.0000000000 0.0000000000 0.0000000000 0.0000000000 0.0000000000 0.0000000000 0.0000000000 0.0000000000 0.0000000000 0.0000000000 0.0000000000 0.0000000000 0.0000000000 0.0000000000
10.6391977697 10.1880303520 0.0000000000 9.0927082799 0.0000000000 8.5883995828 0.0000000000 8.2616954091 0.0000000000 8.0234377790 0.0000000000 7.8391641263 0.0000000000 7.6919137782 0.0000000000 7.5721061194 0.0000000000 7.4738264348 0.0000000000 7.3931956772 0.0000000000 7.3275628326 0.0000000000 7.2750685035 0.0000000000 7.2343936420 0.0000000000 7.2046083261 0.0000000000 7.1850784953 0.0000000000 7.1754086441 0.0000000000 7.1754086441 0.0000000000 7.1850784953 0.0000000000 7.2046083261 0.0000000000 7.2343936420 0.0000000000 7.2750685035 0.0000000000 7.3275628326 0.0000000000 7.3931956772 0.0000000000 7.4738264348 0.0000000000 7.5721061194 0.0000000000 7.6919137782 0.0000000000 7.8391641263 0.0000000000 8.0234377790 0.0000000000 8.2616954091 0.0000000000 8.5883995828 0.0000000000 9.0927082799 0.0000000000 10.1880303520
