65536.0000000000 41738.2732740528 0.0000000000 13957.5640820479 0.0000000000 8428.6710167692 0.0000000000 6079.1382684228 0.0000000000 4790.0259673411 0.0000000000 3983.6395022826 0.0000000000 3437.9761476220 0.0000000000 3049.6205660254 0.0000000000 2764.0149665997 0.0000000000 2549.7768879541 0.0000000000 2387.7016297723 0.0000000000 2265.5135581571 0.0000000000 2175.1504531038 0.0000000000 2111.2721814431 0.0000000000 2070.4090517403 0.0000000000 2050.4698807714 0.0000000000 2050.4698807714 0.0000000000 2070.4090517403 0.0000000000 2111.2721814431 0.0000000000 2175.1504531038 0.0000000000 2265.5135581571 0.0000000000 2387.7016297723 0.0000000000 2549.7768879541 0.0000000000 2764.0149665997 0.0000000000 3049.6205660254 0.0000000000 3437.9761476220 0.0000000000 3983.6395022826 0.0000000000 4790.0259673411 0.0000000000 6079.1382684228 0.0000000000 8428.6710167692 0.0000000000 13957.5640820479 0.0000000000 41738.2732740528
41738.2732740528 26582.0839828417 0.0000000000 8889.2307113132 0.0000000000 5368.0141332245 0.0000000000 3871.6542712125 0.0000000000 3050.6502199507 0.0000000000 2537.0824305967 0.0000000000 2189.5628045520 0.0000000000 1942.2286463461 0.0000000000 1760.3334352037 0.0000000000 1623.8904500929 0.0000000000 1520.6686877493 0.0000000000 1442.8500976018 0.0000000000 1385.3000491917 0.0000000000 1344.6175424954 0.0000000000 1318.5928160188 0.0000000000 1305.8940463844 0.0000000000 1305.8940463844 0.0000000000 1318.5928160188 0.0000000000 1344.6175424954 0.0000000000 1385.3000491917 0.0000000000 1442.8500976018 0.0000000000 1520.6686877493 0.0000000000 1623.8904500929 0.0000000000 1760.3334352037 0.0000000000 1942.2286463461 0.0000000000 2189.5628045520 0.0000000000 2537.0824305967 0.0000000000 3050.6502199507 0.0000000000 3871.6542712125 0.0000000000 5368.0141332245 0.0000000000 8889.2307113132 0.0000000000 26582.0839828417
0.0000000000 0.0000000000 0.0000000000 0.0000000000 0.0000000000 0.0000000000 0.0000000000 0.0000000000 0.0000000000 0.0000000000 0.0000000000 0.0000000000 0.0000000000 0.0000000000 0.0000000000 0.0000000000 0.0000000000 0.0000000000 0.0000000000 0.0000000000 0.0000000000 0.0000000000 0.0000000000 0.0000000000 0.0000000000 0.0000000000 0.0000000000 0.0000000000 0.0000000000 0.0000000000 0.0000000000 0.0000000000 0.0000000000 0.0000000000 0.0000000000 0.0000000000 0.0000000000 0.0000000000 0.0000000000 0.0000000000 0.0000000000 0.0000000000 0.0000000000 0.0000000000 0.0000000000 0.0000000000 0.0000000000 0.0000000000 0.0000000000 0.0000000000 0.0000000000 0.0000000000 0.0000000000 0.0000000000 0.0000000000 0.0000000000 0.0000000000 0.0000000000 0.0000000000 0.0000000000 0.0000000000 0.0000000000 0.0000000000 0.0000000000
13957.5640820479 8889.2307113132 0.0000000000 2972.6195542064 0.0000000000 1795.1006445779 0.0000000000 1294.7076712821 0.0000000000 1020.1583006872 0.0000000000 848.4177190077 0.0000000000 732.2047789457 0.0000000000 649.4945446202 0.0000000000 588.6675418099 0.0000000000 543.0400742881 0.0000000000 508.5220109002 0.0000000000 482.4989420582 0.0000000000 463.2538122145 0.0000000000 449.6493036978 0.0000000000 440.9464571490 0.0000000000 436.6999017208 0.0000000000 436.6999017208 0.0000000000 440.9464571490 0.0000000000 449.6493036978 0.0000000000 463.2538122145 0.0000000000 482.4989420582 0.0000000000 508.5220109002 0.0000000000 543.0400742881 0.0000000000 588.6675418099 0.0000000000 649.4945446202 0.0000000000 732.2047789457 0.0000000000 848.4177190077 0.0000000000 1020.1583006872 0.0000000000 1294.7076712821 0.0000000000 1795.1006445779 0.0000000000 2972.6195542064 0.0000000000 8889.2307113132
0.0000000000 0.0000000000 0.0000000000 0.0000000000 0.0000000000 0.0000000000 0.0000000000 0.0000000000 0.0000000000 0.0000000000 0.0000000000 0.0000000000 0.0000000000 0.0000000000 0.0000000000 0.0000000000 0.0000000000 0.0000000000 0.0000000000 0.0000000000 0.0000000000 0.0000000000 0.0000000000 0.0000000000 0.0000000000 0.0000000000 0.0000000000 0.0000000000 0.0000000000 0.0000000000 0.0000000000 0.0000000000 0.0000000000 0.0000000000 0.0000000000 0.0000000000 0.0000000000 0.0000000000 0.0000000000 0.0000000000 0.0000000000 0.0000000000 0.0000000000 0.0000000000 0.0000000000 0.0000000000 0.0000000000 0.0000000000 0.0000000000 0.0000000000 0.0000000000 0.0000000000 0.0000000000 0.0000000000 0.0000000000 0.0000000000 0.0000000000 0.0000000000 0.0000000000 0.0000000000 0.0000000000 0.0000000000 0.0000000000 0.0000000000
8428.6710167692 5368.0141332245 0.0000000000 1795.1006445779 0.0000000000 1084.0224473408 0.0000000000 781.8459553526 0.0000000000 616.0515295486 0.0000000000 512.3411073936 0.0000000000 442.1626268281 0.0000000000 392.2157055207 0.0000000000 355.4835943435 0.0000000000 327.9301537281 0.0000000000 307.0854419488 0.0000000000 291.3706736105 0.0000000000 279.7489560118 0.0000000000 271.5334876135 0.0000000000 266.2780268442 0.0000000000 263.7136238833 0.0000000000 263.7136238833 0.0000000000 266.2780268442 0.0000000000 271.5334876135 0.0000000000 279.7489560118 0.0000000000 291.3706736105 0.0000000000 307.0854419488 0.0000000000 327.9301537281 0.0000000000 355.4835943435 0.0000000000 392.2157055207 0.0000000000 442.1626268281 0.0000000000 512.3411073936 0.0000000000 616.0515295486 0.0000000000 781.8459553526 0.0000000000 1084.0224473408 0.0000000000 1795.1006445779 0.0000000000 5368.0141332245
0.0000000000 0.0000000000 0.0000000000 0.0000000000 0.0000000000 0.0000000000 0.0000000000 0.0000000000 0.0000000000 0.0000000000 0.0000000000 0.0000000000 0.0000000000 0.0000000000 0.0000000000 0.0000000000 0.0000000000 0.0000000000 0.0000000000 0.0000000000 0.0000000000 0.0000000000 0.0000000000 0.0000000000 0.0000000000 0.0000000000 0.0000000000 0.0000000000 0.0000000000 0.0000000000 0.0000000000 0.0000000000 0.0000000000 0.0000000000 0.0000000000 0.0000000000 0.0000000000 0.0000000000 0.0000000000 0.0000000000 0.0000000000 0.0000000000 0.0000000000 0.0000000000 0.0000000000 0.0000000000 0.0000000000 0.0000000000 0.0000000000 0.0000000000 0.0000000000 0.0000000000 0.0000000000 0.0000000000 0.0000000000 0.0000000000 0.0000000000 0.0000000000 0.0000000000 0.0000000000 0.0000000000 0.0000000000 0.0000000000 0.0000000000
6079.1382684228 3871.6542712125 0.0000000000 1294.7076712821 0.0000000000 781.8459553526 0.0000000000 563.9026197297 0.0000000000 444.3241907471 0.0000000000 369.5235495899 0.0000000000 318.9076593770 0.0000000000 282.8836835799 0.0000000000 256.3908257744 0.0000000000 236.5180397873 0.0000000000 221.4838920765 0.0000000000 210.1496912998 0.0000000000 201.7675836035 0.0000000000 195.8422166941 0.0000000000 192.0517409931 0.0000000000 190.2021777412 0.0000000000 190.2021777412 0.0000000000 192.0517409931 0.0000000000 195.8422166941 0.0000000000 201.7675836035 0.0000000000 210.1496912998 0.0000000000 221.4838920765 0.0000000000 236.5180397873 0.0000000000 256.3908257744 0.0000000000 282.8836835799 0.0000000000 318.9076593770 0.0000000000 369.5235495899 0.0000000000 444.3241907471 0.0000000000 563.9026197297 0.0000000000 781.8459553526 0.0000000000 1294.7076712821 0.0000000000 3871.6542712125
0.0000000000 0.0000000000 0.0000000000 0.0000000000 0.0000000000 0.0000000000 0.0000000000 0.0000000000 0.0000000000 0.0000000000 0.0000000000 0.0000000000 0.0000000000 0.0000000000 0.0000000000 0.0000000000 0.0000000000 0.0000000000 0.0000000000 0.0000000000 0.0000000000 0.0000000000 0.0000000000 0.0000000000 0.0000000000 0.0000000000 0.0000000000 0.0000000000 0.0000000000 0.0000000000 0.0000000000 0.0000000000 0.0000000000 0.0000000000 0.0000000000 0.0000000000 0.0000000000 0.0000000000 0.0000000000 0.0000000000 0.0000000000 0.0000000000 0.0000000000 0.0000000000 0.0000000000 0.0000000000 0.0000000000 0.0000000000 0.0000000000 0.0000000000 0.0000000000 0.0000000000 0.0000000000 0.0000000000 0.0000000000 0.0000000000 0.0000000000 0.0000000000 0.0000000000 0.0000000000 0.0000000000 0.0000000000 0.0000000000 0.0000000000
4790.0259673411 3050.6502199507 0.0000000000 1020.1583006872 0.0000000000 616.0515295486 0.0000000000 444.3241907471 0.0000000000 350.1029780243 0.0000000000 291.1641946481 0.0000000000 251.2816623262 0.0000000000 222.8967544830 0.0000000000 202.0218424092 0.0000000000 186.3631821324 0.0000000000 174.5171021862 0.0000000000 165.5863765402 0.0000000000 158.9817375678 0.0000000000 154.3128749578 0.0000000000 151.3261889779 0.0000000000 149.8688350547 0.0000000000 149.8688350547 0.0000000000 151.3261889779 0.0000000000 154.3128749578 0.0000000000 158.9817375678 0.0000000000 165.5863765402 0.0000000000 174.5171021862 0.0000000000 186.3631821324 0.0000000000 202.0218424092 0.0000000000 222.8967544830 0.0000000000 251.2816623262 0.0000000000 291.1641946481 0.0000000000 350.1029780243 0.0000000000 444.3241907471 0.0000000000 616.0515295486 0.0000000000 1020.1583006872 0.0000000000 3050.6502199507
0.0000000000 0.0000000000 0.0000000000 0.0000000000 0.0000000000 0.0000000000 0.0000000000 0.0000000000 0.0000000000 0.0000000000 0.0000000000 0.0000000000 0.0000000000 0.0000000000 0.0000000000 0.0000000000 0.0000000000 0.0000000000 0.0000000000 0.0000000000 0.0000000000 0.0000000000 0.0000000000 0.0000000000 0.0000000000 0.0000000000 0.0000000000 0.0000000000 0.0000000000 0.0000000000 0.0000000000 0.0000000000 0.0000000000 0.0000000000 0.0000000000 0.0000000000 0.0000000000 0.0000000000 0.0000000000 0.0000000000 0.0000000000 0.0000000000 0.0000000000 0.0000000000 0.0000000000 0.0000000000 0.0000000000 0.0000000000 0.0000000000 0.0000000000 0.0000000000 0.0000000000 0.0000000000 0.0000000000 0.0000000000 0.0000000000 0.0000000000 0.0000000000 0.0000000000 0.0000000000 0.0000000000 0.0000000000 0.0000000000 0.0000000000
3983.6395022826 2537.0824305967 0.0000000000 848.4177190077 0.0000000000 512.3411073936 0.0000000000 369.5235495899 0.0000000000 291.1641946481 0.0000000000 242.1475781883 0.0000000000 208.9791502315 0.0000000000 185.3727562529 0.0000000000 168.0120728431 0.0000000000 154.9895009287 0.0000000000 145.1376729130 0.0000000000 137.7104080693 0.0000000000 132.2176402037 0.0000000000 128.3347665721 0.0000000000 125.8508801940 0.0000000000 124.6388674207 0.0000000000 124.6388674207 0.0000000000 125.8508801940 0.0000000000 128.3347665721 0.0000000000 132.2176402037 0.0000000000 137.7104080693 0.0000000000 145.1376729130 0.0000000000 154.9895009287 0.0000000000 168.0120728431 0.0000000000 185.3727562529 0.0000000000 208.9791502315 0.0000000000 242.1475781883 0.0000000000 291.1641946481 0.0000000000 369.5235495899 0.0000000000 512.3411073936 0.0000000000 848.4177190077 0.0000000000 2537.0824305967
0.0000000000 0.0000000000 0.0000000000 0.0000000000 0.0000000000 0.0000000000 0.0000000000 0.0000000000 0.0000000000 0.0000000000 0.0000000000 0.0000000000 0.0000000000 0.0000000000 0.0000000000 0.0000000000 0.0000000000 0.0000000000 0.0000000000 0.0000000000 0.0000000000 0.0000000000 0.0000000000 0.0000000000 0.0000000000 0.0000000000 0.0000000000 0.0000000000 0.0000000000 0.0000000000 0.0000000000 0.0000000000 0.0000000000 0.0000000000 0.0000000000 0.0000000000 0.0000000000 0.0000000000 0.0000000000 0.0000000000 0.0000000000 0.0000000000 0.0000000000 0.0000000000 0.0000000000 0.0000000000 0.0000000000 0.0000000000 0.0000000000 0.0000000000 0.0000000000 0.0000000000 0.0000000000 0.0000000000 0.0000000000 0.0000000000 0.0000000000 0.0000000000 0.0000000000 0.0000000000 0.0000000000 0.0000000000 0.0000000000 0.0000000000
3437.9761476220 2189.5628045520 0.0000000000 732.2047789457 0.0000000000 442.1626268281 0.0000000000 318.9076593770 0.0000000000 251.2816623262 0.0000000000 208.9791502315 0.0000000000 180.3540037783 0.0000000000 159.9811212966 0.0000000000 144.9984363837 0.0000000000 133.7596454246 0.0000000000 125.2572822692 0.0000000000 118.8473751077 0.0000000000 114.1069850961 0.0000000000 110.7559723044 0.0000000000 108.6123189652 0.0000000000 107.5663229600 0.0000000000 107.5663229600 0.0000000000 108.6123189652 0.0000000000 110.7559723044 0.0000000000 114.1069850961 0.0000000000 118.8473751077 0.0000000000 125.2572822692 0.0000000000 133.7596454246 0.0000000000 144.9984363837 0.0000000000 159.9811212966 0.0000000000 180.3540037783 0.0000000000 208.9791502315 0.0000000000 251.2816623262 0.0000000000 318.9076593770 0.0000000000 442.1626268281 0.0000000000 732.2047789457 0.0000000000 2189.5628045520
0.0000000000 0.0000000000 0.0000000000 0.0000000000 0.0000000000 0.0000000000 0.0000000000 0.0000000000 0.0000000000 0.0000000000 0.0000000000 0.0000000000 0.0000000000 0.0000000000 0.0000000000 0.0000000000 0.0000000000 0.0000000000 0.0000000000 0.0000000000 0.0000000000 0.0000000000 0.0000000000 0.0000000000 0.0000000000 0.0000000000 0.0000000000 0.0000000000 0.0000000000 0.0000000000 0.0000000000 0.0000000000 0.0000000000 0.0000000000 0.0000000000 0.0000000000 0.0000000000 0.0000000000 0.0000000000 0.0000000000 0.0000000000 0.0000000000 0.0000000000 0.0000000000 0.0000000000 0.0000000000 0.0000000000 0.0000000000 0.0000000000 0.0000000000 0.0000000000 0.0000000000 0.0000000000 0.0000000000 0.0000000000 0.0000000000 0.0000000000 0.0000000000 0.0000000000 0.0000000000 0.0000000000 0.0000000000 0.0000000000 0.0000000000
3049.6205660254 1942.2286463461 0.0000000000 649.4945446202 0.0000000000 392.2157055207 0.0000000000 282.8836835799 0.0000000000 222.8967544830 0.0000000000 185.3727562529 0.0000000000 159.9811212966 0.0000000000 141.9095702625 0.0000000000 128.6193372642 0.0000000000 118.6500860028 0.0000000000 111.1081542310 0.0000000000 105.4223135310 0.0000000000 101.2174004514 0.0000000000 98.2449198152 0.0000000000 96.3434146770 0.0000000000 95.4155749270 0.0000000000 95.4155749270 0.0000000000 96.3434146770 0.0000000000 98.2449198152 0.0000000000 101.2174004514 0.0000000000 105.4223135310 0.0000000000 111.1081542310 0.0000000000 118.6500860028 0.0000000000 128.6193372642 0.0000000000 141.9095702625 0.0000000000 159.9811212966 0.0000000000 185.3727562529 0.0000000000 222.8967544830 0.0000000000 282.8836835799 0.0000000000 392.2157055207 0.0000000000 649.4945446202 0.0000000000 1942.2286463461
0.0000000000 0.0000000000 0.0000000000 0.0000000000 0.0000000000 0.0000000000 0.0000000000 0.0000000000 0.0000000000 0.0000000000 0.0000000000 0.0000000000 0.0000000000 0.0000000000 0.0000000000 0.0000000000 0.0000000000 0.0000000000 0.0000000000 0.0000000000 0.0000000000 0.0000000000 0.0000000000 0.0000000000 0.0000000000 0.0000000000 0.0000000000 0.0000000000 0.0000000000 0.0000000000 0.0000000000 0.0000000000 0.0000000000 0.0000000000 0.0000000000 0.0000000000 0.0000000000 0.0000000000 0.0000000000 0.0000000000 0.0000000000 0.0000000000 0.0000000000 0.0000000000 0.0000000000 0.0000000000 0.0000000000 0.0000000000 0.0000000000 0.0000000000 0.0000000000 0.0000000000 0.0000000000 0.0000000000 0.0000000000 0.0000000000 0.0000000000 0.0000000000 0.0000000000 0.0000000000 0.0000000000 0.0000000000 0.0000000000 0.0000000000
2764.0149665997 1760.3334352037 0.0000000000 588.6675418099 0.0000000000 355.4835943435 0.0000000000 256.3908257744 0.0000000000 202.0218424092 0.0000000000 168.0120728431 0.0000000000 144.9984363837 0.0000000000 128.6193372642 0.0000000000 116.5737722105 0.0000000000 107.5381695525 0.0000000000 100.7025610423 0.0000000000 95.5492154202 0.0000000000 91.7381043546 0.0000000000 89.0440049450 0.0000000000 87.3205811461 0.0000000000 86.4796362154 0.0000000000 86.4796362154 0.0000000000 87.3205811461 0.0000000000 89.0440049450 0.0000000000 91.7381043546 0.0000000000 95.5492154202 0.0000000000 100.7025610423 0.0000000000 107.5381695525 0.0000000000 116.5737722105 0.0000000000 128.6193372642 0.0000000000 144.9984363837 0.0000000000 168.0120728431 0.0000000000 202.0218424092 0.0000000000 256.3908257744 0.0000000000 355.4835943435 0.0000000000 588.6675418099 0.0000000000 1760.3334352037
0.0000000000 0.0000000000 0.0000000000 0.0000000000 0.0000000000 0.0000000000 0.0000000000 0.0000000000 0.0000000000 0.0000000000 0.0000000000 0.0000000000 0.0000000000 0.0000000000 0.0000000000 0.0000000000 0.0000000000 0.0000000000 0.0000000000 0.0000000000 0.0000000000 0.0000000000 0.0000000000 0.0000000000 0.0000000000 0.0000000000 0.0000000000 0.0000000000 0.0000000000 0.0000000000 0.0000000000 0.0000000000 0.0000000000 0.0000000000 0.0000000000 0.0000000000 0.0000000000 0.0000000000 0.0000000000 0.0000000000 0.0000000000 0.0000000000 0.0000000000 0.0000000000 0.0000000000 0.0000000000 0.0000000000 0.0000000000 0.0000000000 0.0000000000 0.0000000000 0.0000000000 0.0000000000 0.0000000000 0.0000000000 0.0000000000 0.0000000000 0.0000000000 0.0000000000 0.0000000000 0.0000000000 0.0000000000 0.0000000000 0.0000000000
2549.7768879541 1623.8904500929 0.0000000000 543.0400742881 0.0000000000 327.9301537281 0.0000000000 236.5180397873 0.0000000000 186.3631821324 0.0000000000 154.9895009287 0.0000000000 133.7596454246 0.0000000000 118.6500860028 0.0000000000 107.5381695525 0.0000000000 99.2029140983 0.0000000000 92.8971318195 0.0000000000 88.1432206716 0.0000000000 84.6275078300 0.0000000000 82.1422273624 0.0000000000 80.5523856924 0.0000000000 79.7766221838 0.0000000000 79.7766221838 0.0000000000 80.5523856924 0.0000000000 82.1422273624 0.0000000000 84.6275078300 0.0000000000 88.1432206716 0.0000000000 92.8971318195 0.0000000000 99.2029140983 0.0000000000 107.5381695525 0.0000000000 118.6500860028 0.0000000000 133.7596454246 0.0000000000 154.9895009287 0.0000000000 186.3631821324 0.0000000000 236.5180397873 0.0000000000 327.9301537281 0.0000000000 543.0400742881 0.0000000000 1623.8904500930
0.0000000000 0.0000000000 0.0000000000 0.0000000000 0.0000000000 0.0000000000 0.0000000000 0.0000000000 0.0000000000 0.0000000000 0.0000000000 0.0000000000 0.0000000000 0.0000000000 0.0000000000 0.0000000000 0.0000000000 0.0000000000 0.0000000000 0.0000000000 0.0000000000 0.0000000000 0.0000000000 0.0000000000 0.0000000000 0.0000000000 0.0000000000 0.0000000000 0.0000000000 0.0000000000 0.0000000000 0.0000000000 0.0000000000 0.0000000000 0.0000000000 0.0000000000 0.0000000000 0.0000000000 0.0000000000 0.0000000000 0.0000000000 0.0000000000 0.0000000000 0.0000000000 0.0000000000 0.0000000000 0.0000000000 0.0000000000 0.0000000000 0.0000000000 0.0000000000 0.0000000000 0.0000000000 0.0000000000 0.0000000000 0.0000000000 0.0000000000 0.0000000000 0.0000000000 0.0000000000 0.0000000000 0.0000000000 0.0000000000 0.0000000000
2387.7016297723 1520.6686877493 0.0000000000 508.5220109002 0.0000000000 307.0854419488 0.0000000000 221.4838920765 0.0000000000 174.5171021862 0.0000000000 145.1376729130 0.0000000000 125.2572822692 0.0000000000 111.1081542310 0.0000000000 100.7025610423 0.0000000000 92.8971318195 0.0000000000 86.9921733523 0.0000000000 82.5404421247 0.0000000000 79.2482037640 0.0000000000 76.9208988728 0.0000000000 75.4321146719 0.0000000000 74.7056621722 0.0000000000 74.7056621722 0.0000000000 75.4321146719 0.0000000000 76.9208988728 0.0000000000 79.2482037640 0.0000000000 82.5404421247 0.0000000000 86.9921733523 0.0000000000 92.8971318195 0.0000000000 100.7025610423 0.0000000000 111.1081542310 0.0000000000 125.2572822692 0.0000000000 145.1376729130 0.0000000000 174.5171021862 0.0000000000 221.4838920765 0.0000000000 307.0854419488 0.0000000000 508.5220109002 0.0000000000 1520.6686877493
0.0000000000 0.0000000000 0.0000000000 0.0000000000 0.0000000000 0.0000000000 0.0000000000 0.0000000000 0.0000000000 0.0000000000 0.0000000000 0.0000000000 0.0000000000 0.0000000000 0.0000000000 0.0000000000 0.0000000000 0.0000000000 0.0000000000 0.0000000000 0.0000000000 0.0000000000 0.0000000000 0.0000000000 0.0000000000 0.0000000000 0.0000000000 0.0000000000 0.0000000000 0.0000000000 0.0000000000 0.0000000000 0.0000000000 0.0000000000 0.0000000000 0.0000000000 0.0000000000 0.0000000000 0.0000000000 0.0000000000 0.0000000000 0.0000000000 0.0000000000 0.0000000000 0.0000000000 0.0000000000 0.0000000000 0.0000000000 0.0000000000 0.0000000000 0.0000000000 0.0000000000 0.0000000000 0.0000000000 0.0000000000 0.0000000000 0.0000000000 0.0000000000 0.0000000000 0.0000000000 0.0000000000 0.0000000000 0.0000000000 0.0000000000
2265.5135581571 1442.8500976018 0.0000000000 482.4989420582 0.0000000000 291.3706736105 0.0000000000 210.1496912998 0.0000000000 165.5863765402 0.0000000000 137.7104080693 0.0000000000 118.8473751077 0.0000000000 105.4223135310 0.0000000000 95.5492154202 0.0000000000 88.1432206716 0.0000000000 82.5404421247 0.0000000000 78.3165234710 0.0000000000 75.1927618795 0.0000000000 72.9845543216 0.0000000000 71.5719570564 0.0000000000 70.8826799847 0.0000000000 70.8826799847 0.0000000000 71.5719570564 0.0000000000 72.9845543216 0.0000000000 75.1927618795 0.0000000000 78.3165234710 0.0000000000 82.5404421247 0.0000000000 88.1432206716 0.0000000000 95.5492154202 0.0000000000 105.4223135310 0.0000000000 118.8473751077 0.0000000000 137.7104080693 0.0000000000 165.5863765402 0.0000000000 210.1496912998 0.0000000000 291.3706736105 0.0000000000 482.4989420582 0.0000000000 1442.8500976018
0.0000000000 0.0000000000 0.0000000000 0.0000000000 0.0000000000 0.0000000000 0.0000000000 0.0000000000 0.0000000000 0.0000000000 0.0000000000 0.0000000000 0.0000000000 0.0000000000 0.0000000000 0.0000000000 0.0000000000 0.0000000000 0.0000000000 0.0000000000 0.0000000000 0.0000000000 0.0000000000 0.0000000000 0.0000000000 0.0000000000 0.0000000000 0.0000000000 0.0000000000 0.0000000000 0.0000000000 0.0000000000 0.0000000000 0.0000000000 0.0000000000 0.0000000000 0.0000000000 0.0000000000 0.0000000000 0.0000000000 0.0000000000 0.0000000000 0.0000000000 0.0000000000 0.0000000000 0.0000000000 0.0000000000 0.0000000000 0.0000000000 0.0000000000 0.0000000000 0.0000000000 0.0000000000 0.0000000000 0.0000000000 0.0000000000 0.0000000000 0.0000000000 0.0000000000 0.0000000000 0.0000000000 0.0000000000 0.0000000000 0.0000000000
2175.1504531038 1385.3000491917 0.0000000000 463.2538122145 0.0000000000 279.7489560118 0.0000000000 201.7675836035 0.0000000000 158.9817375678 0.0000000000 132.2176402037 0.0000000000 114.1069850961 0.0000000000 101.2174004514 0.0000000000 91.7381043546 0.0000000000 84.6275078300 0.0000000000 79.2482037640 0.0000000000 75.1927618795 0.0000000000 72.1935957891 0.0000000000 70.0734656081 0.0000000000 68.7172117157 0.0000000000 68.0554274023 0.0000000000 68.0554274023 0.0000000000 68.7172117157 0.0000000000 70.0734656081 0.0000000000 72.1935957891 0.0000000000 75.1927618795 0.0000000000 79.2482037640 0.0000000000 84.6275078300 0.0000000000 91.7381043546 0.0000000000 101.2174004514 0.0000000000 114.1069850961 0.0000000000 132.2176402037 0.0000000000 158.9817375678 0.0000000000 201.7675836035 0.0000000000 279.7489560118 0.0000000000 463.2538122145 0.0000000000 1385.3000491917
0.0000000000 0.0000000000 0.0000000000 0.0000000000 0.0000000000 0.0000000000 0.0000000000 0.0000000000 0.0000000000 0.0000000000 0.0000000000 0.0000000000 0.0000000000 0.0000000000 0.0000000000 0.0000000000 0.0000000000 0.0000000000 0.0000000000 0.0000000000 0.0000000000 0.0000000000 0.0000000000 0.0000000000 0.0000000000 0.0000000000 0.0000000000 0.0000000000 0.0000000000 0.0000000000 0.0000000000 0.0000000000 0.0000000000 0.0000000000 0.0000000000 0.0000000000 0.0000000000 0.0000000000 0.0000000000 0.0000000000 0.0000000000 0.0000000000 0.0000000000 0.0000000000 0.0000000000 0.0000000000 0.0000000000 0.0000000000 0.0000000000 0.0000000000 0.0000000000 0.0000000000 0.0000000000 0.0000000000 0.0000000000 0.0000000000 0.0000000000 0.0000000000 0.0000000000 0.0000000000 0.0000000000 0.0000000000 0.0000000000 0.0000000000
2111.2721814431 1344.6175424954 0.0000000000 449.6493036978 0.0000000000 271.5334876135 0.0000000000 195.8422166941 0.0000000000 154.3128749578 0.0000000000 128.3347665721 0.0000000000 110.7559723044 0.0000000000 98.2449198152 0.0000000000 89.0440049450 0.0000000000 82.1422273624 0.0000000000 76.9208988728 0.0000000000 72.9845543216 0.0000000000 70.0734656081 0.0000000000 68.0155979025 0.0000000000 66.6991735099 0.0000000000 66.0568240076 0.0000000000 66.0568240076 0.0000000000 66.6991735099 0.0000000000 68.0155979025 0.0000000000 70.0734656081 0.0000000000 72.9845543216 0.0000000000 76.9208988728 0.0000000000 82.1422273624 0.0000000000 89.0440049450 0.0000000000 98.2449198152 0.0000000000 110.7559723044 0.0000000000 128.3347665721 0.0000000000 154.3128749578 0.0000000000 195.8422166941 0.0000000000 271.5334876135 0.0000000000 449.6493036978 0.0000000000 1344.6175424954
0.0000000000 0.0000000000 0.0000000000 0.0000000000 0.0000000000 0.0000000000 0.0000000000 0.0000000000 0.0000000000 0.0000000000 0.0000000000 0.0000000000 0.0000000000 0.0000000000 0.0000000000 0.0000000000 0.0000000000 0.0000000000 0.0000000000 0.0000000000 0.0000000000 0.0000000000 0.0000000000 0.0000000000 0.0000000000 0.0000000000 0.0000000000 0.0000000000 0.0000000000 0.0000000000 0.0000000000 0.0000000000 0.0000000000 0.0000000000 0.0000000000 0.0000000000 0.0000000000 0.0000000000 0.0000000000 0.0000000000 0.0000000000 0.0000000000 0.0000000000 0.0000000000 0.0000000000 0.0000000000 0.0000000000 0.0000000000 0.0000000000 0.0000000000 0.0000000000 0.0000000000 0.0000000000 0.0000000000 0.0000000000 0.0000000000 0.0000000000 0.0000000000 0.0000000000 0.0000000000 0.0000000000 0.0000000000 0.0000000000 0.0000000000
2070.4090517403 1318.5928160188 0.0000000000 440.9464571490 0.0000000000 266.2780268442 0.0000000000 192.0517409931 0.0000000000 151.3261889779 0.0000000000 125.8508801940 0.0000000000 108.6123189652 0.0000000000 96.3434146770 0.0000000000 87.3205811461 0.0000000000 80.5523856924 0.0000000000 75.4321146719 0.0000000000 71.5719570564 0.0000000000 68.7172117157 0.0000000000 66.6991735099 0.0000000000 65.4082281727 0.0000000000 64.7783111797 0.0000000000 64.7783111797 0.0000000000 65.4082281727 0.0000000000 66.6991735099 0.0000000000 68.7172117157 0.0000000000 71.5719570564 0.0000000000 75.4321146719 0.0000000000 80.5523856924 0.0000000000 87.3205811461 0.0000000000 96.3434146770 0.0000000000 108.6123189652 0.0000000000 125.8508801940 0.0000000000 151.3261889779 0.0000000000 192.0517409931 0.0000000000 266.2780268442 0.0000000000 440.9464571490 0.0000000000 1318.5928160188
0.0000000000 0.0000000000 0.0000000000 0.0000000000 0.0000000000 0.0000000000 0.0000000000 0.0000000000 0.0000000000 0.0000000000 0.0000000000 0.0000000000 0.0000000000 0.0000000000 0.0000000000 0.0000000000 0.0000000000 0.0000000000 0.0000000000 0.0000000000 0.0000000000 0.0000000000 0.0000000000 0.0000000000 0.0000000000 0.0000000000 0.0000000000 0.0000000000 0.0000000000 0.0000000000 0.0000000000 0.0000000000 0.0000000000 0.0000000000 0.0000000000 0.0000000000 0.0000000000 0.0000000000 0.0000000000 0.0000000000 0.0000000000 0.0000000000 0.0000000000 0.0000000000 0.0000000000 0.0000000000 0.0000000000 0.0000000000 0.0000000000 0.0000000000 0.0000000000 0.0000000000 0.0000000000 0.0000000000 0.0000000000 0.0000000000 0.0000000000 0.0000000000 0.0000000000 0.0000000000 0.0000000000 0.0000000000 0.0000000000 0.0000000000
2050.4698807714 1305.8940463844 0.0000000000 436.6999017208 0.0000000000 263.7136238833 0.0000000000 190.2021777412 0.0000000000 149.8688350547 0.0000000000 124.6388674207 0.0000000000 107.5663229600 0.0000000000 95.4155749270 0.0000000000 86.4796362154 0.0000000000 79.7766221838 0.0000000000 74.7056621722 0.0000000000 70.8826799847 0.0000000000 68.0554274023 0.0000000000 66.0568240076 0.0000000000 64.7783111797 0.0000000000 64.1544606316 0.0000000000 64.1544606316 0.0000000000 64.7783111797 0.0000000000 66.0568240076 0.0000000000 68.0554274023 0.0000000000 70.8826799847 0.0000000000 74.7056621722 0.0000000000 79.7766221838 0.0000000000 86.4796362154 0.0000000000 95.4155749270 0.0000000000 107.5663229600 0.0000000000 124.6388674207 0.0000000000 149.8688350547 0.0000000000 190.2021777412 0.0000000000 263.7136238833 0.0000000000 436.6999017208 0.0000000000 1305.8940463844
0.0000000000 0.0000000000 0.0000000000 0.0000000000 0.0000000000 0.0000000000 0.0000000000 0.0000000000 0.0000000000 0.0000000000 0.0000000000 0.0000000000 0.0000000000 0.0000000000 0.0000000000 0.0000000000 0.0000000000 0.0000000000 0.0000000000 0.0000000000 0.0000000000 0.0000000000 0.0000000000 0.0000000000 0.0000000000 0.0000000000 0.0000000000 0.0000000000 0.0000000000 0.0000000000 0.0000000000 0.0000000000 0.0000000000 0.0000000000 0.0000000000 0.0000000000 0.0000000000 0.0000000000 0.0000000000 0.0000000000 0.0000000000 0.0000000000 0.0000000000 0.0000000000 0.0000000000 0.0000000000 0.0000000000 0.0000000000 0.0000000000 0.0000000000 0.0000000000 0.0000000000 0.0000000000 0.0000000000 0.0000000000 0.0000000000 0.0000000000 0.0000000000 0.0000000000 0.0000000000 0.0000000000 0.0000000000 0.0000000000 0.0000000000
2050.4698807714 1305.8940463844 0.0000000000 436.6999017208 0.0000000000 263.7136238833 0.0000000000 190.2021777412 0.0000000000 149.8688350547 0.0000000000 124.6388674207 0.0000000000 107.5663229600 0.0000000000 95.4155749270 0.0000000000 86.4796362154 0.0000000000 79.7766221838 0.0000000000 74.7056621722 0.0000000000 70.8826799847 0.0000000000 68.0554274023 0.0000000000 66.0568240076 0.0000000000 64.7783111797 0.0000000000 64.1544606316 0.0000000000 64.1544606316 0.0000000000 64.7783111797 0.0000000000 66.0568240076 0.0000000000 68.0554274023 0.0000000000 70.8826799847 0.0000000000 74.7056621722 0.0000000000 79.7766221838 0.0000000000 86.4796362154 0.0000000000 95.4155749270 0.0000000000 107.5663229600 0.0000000000 124.6388674207 0.0000000000 149.8688350547 0.0000000000 190.2021777412 0.0000000000 263.7136238833 0.0000000000 436.6999017208 0.0000000000 1305.8940463844
0.0000000000 0.0000000000 0.0000000000 0.0000000000 0.0000000000 0.0000000000 0.0000000000 0.0000000000 0.0000000000 0.0000000000 0.0000000000 0.0000000000 0.0000000000 0.0000000000 0.0000000000 0.0000000000 0.0000000000 0.0000000000 0.0000000000 0.0000000000 0.0000000000 0.0000000000 0.0000000000 0.0000000000 0.0000000000 0.0000000000 0.0000000000 0.0000000000 0.0000000000 0.0000000000 0.0000000000 0.0000000000 0.0000000000 0.0000000000 0.0000000000 0.0000000000 0.0000000000 0.0000000000 0.0000000000 0.0000000000 0.0000000000 0.0000000000 0.0000000000 0.0000000000 0.0000000000 0.0000000000 0.0000000000 0.0000000000 0.0000000000 0.0000000000 0.0000000000 0.0000000000 0.0000000000 0.0000000000 0.0000000000 0.0000000000 0.0000000000 0.0000000000 0.0000000000 0.0000000000 0.0000000000 0.0000000000 0.0000000000 0.0000000000
2070.4090517403 1318.5928160188 0.0000000000 440.9464571490 0.0000000000 266.2780268442 0.0000000000 192.0517409931 0.0000000000 151.3261889779 0.0000000000 125.8508801940 0.0000000000 108.6123189652 0.0000000000 96.3434146770 0.0000000000 87.3205811461 0.0000000000 80.5523856924 0.0000000000 75.4321146719 0.0000000000 71.5719570564 0.0000000000 68.7172117157 0.0000000000 66.6991735099 0.0000000000 65.4082281727 0.0000000000 64.7783111797 0.0000000000 64.7783111797 0.0000000000 65.4082281727 0.0000000000 66.6991735099 0.0000000000 68.7172117157 0.0000000000 71.5719570564 0.0000000000 75.4321146719 0.0000000000 80.5523856924 0.0000000000 87.3205811461 0.0000000000 96.3434146770 0.0000000000 108.6123189652 0.0000000000 125.8508801940 0.0000000000 151.3261889779 0.0000000000 192.0517409931 0.0000000000 266.2780268442 0.0000000000 440.9464571490 0.0000000000 1318.5928160188
0.0000000000 0.0000000000 0.0000000000 0.0000000000 0.0000000000 0.0000000000 0.0000000000 0.0000000000 0.0000000000 0.0000000000 0.0000000000 0.0000000000 0.0000000000 0.0000000000 0.0000000000 0.0000000000 0.0000000000 0.0000000000 0.0000000000 0.0000000000 0.0000000000 0.0000000000 0.0000000000 0.0000000000 0.0000000000 0.0000000000 0.0000000000 0.0000000000 0.0000000000 0.0000000000 0.0000000000 0.0000000000 0.0000000000 0.0000000000 0.0000000000 0.0000000000 0.0000000000 0.0000000000 0.0000000000 0.0000000000 0.0000000000 0.0000000000 0.0000000000 0.0000000000 0.0000000000 0.0000000000 0.0000000000 0.0000000000 0.0000000000 0.0000000000 0.0000000000 0.0000000000 0.0000000000 0.0000000000 0.0000000000 0.0000000000 0.0000000000 0.0000000000 0.0000000000 0.0000000000 0.0000000000 0.0000000000 0.0000000000 0.0000000000
2111.2721814431 1344.6175424954 0.0000000000 449.6493036978 0.0000000000 271.5334876135 0.0000000000 195.8422166941 0.0000000000 154.3128749578 0.0000000000 128.3347665721 0.0000000000 110.7559723044 0.0000000000 98.2449198152 0.0000000000 89.0440049450 0.0000000000 82.1422273624 0.0000000000 76.9208988728 0.0000000000 72.9845543216 0.0000000000 70.0734656081 0.0000000000 68.0155979025 0.0000000000 66.6991735099 0.0000000000 66.0568240076 0.0000000000 66.0568240076 0.0000000000 66.6991735099 0.0000000000 68.0155979025 0.0000000000 70.0734656081 0.0000000000 72.9845543216 0.0000000000 76.9208988728 0.0000000000 82.1422273624 0.0000000000 89.0440049450 0.0000000000 98.2449198152 0.0000000000 110.7559723044 0.0000000000 128.3347665721 0.0000000000 154.3128749578 0.0000000000 195.8422166941 0.0000000000 271.5334876135 0.0000000000 449.6493036978 0.0000000000 1344.6175424954
0.0000000000 0.0000000000 0.0000000000 0.0000000000 0.0000000000 0.0000000000 0.0000000000 0.0000000000 0.0000000000 0.0000000000 0.0000000000 0.0000000000 0.0000000000 0.0000000000 0.0000000000 0.0000000000 0.0000000000 0.0000000000 0.0000000000 0.0000000000 0.0000000000 0.0000000000 0.0000000000 0.0000000000 0.0000000000 0.0000000000 0.0000000000 0.0000000000 0.0000000000 0.0000000000 0.0000000000 0.0000000000 0.0000000000 0.0000000000 0.0000000000 0.0000000000 0.0000000000 0.0000000000 0.0000000000 0.0000000000 0.0000000000 0.0000000000 0.0000000000 0.0000000000 0.0000000000 0.0000000000 0.0000000000 0.0000000000 0.0000000000 0.0000000000 0.0000000000 0.0000000000 0.0000000000 0.0000000000 0.0000000000 0.0000000000 0.0000000000 0.0000000000 0.0000000000 0.0000000000 0.0000000000 0.0000000000 0.0000000000 0.0000000000
2175.1504531038 1385.3000491917 0.0000000000 463.2538122145 0.0000000000 279.7489560118 0.0000000000 201.7675836035 0.0000000000 158.9817375678 0.0000000000 132.2176402037 0.0000000000 114.1069850961 0.0000000000 101.2174004514 0.0000000000 91.7381043546 0.0000000000 84.6275078300 0.0000000000 79.2482037640 0.0000000000 75.1927618795 0.0000000000 72.1935957891 0.0000000000 70.0734656081 0.0000000000 68.7172117157 0.0000000000 68.0554274023 0.0000000000 68.0554274023 0.0000000000 68.7172117157 0.0000000000 70.0734656081 0.0000000000 72.1935957891 0.0000000000 75.1927618795 0.0000000000 79.2482037640 0.0000000000 84.6275078300 0.0000000000 91.7381043546 0.0000000000 101.2174004514 0.0000000000 114.1069850961 0.0000000000 132.2176402037 0.0000000000 158.9817375678 0.0000000000 201.7675836035 0.0000000000 279.7489560118 0.0000000000 463.2538122145 0.0000000000 1385.3000491917
0.0000000000 0.0000000000 0.0000000000 0.0000000000 0.0000000000 0.0000000000 0.0000000000 0.0000000000 0.0000000000 0.0000000000 0.0000000000 0.0000000000 0.0000000000 0.0000000000 0.0000000000 0.0000000000 0.0000000000 0.0000000000 0.0000000000 0.0000000000 0.0000000000 0.0000000000 0.0000000000 0.0000000000 0.0000000000 0.0000000000 0.0000000000 0.0000000000 0.0000000000 0.0000000000 0.0000000000 0.0000000000 0.0000000000 0.0000000000 0.0000000000 0.0000000000 0.0000000000 0.0000000000 0.0000000000 0.0000000000 0.0000000000 0.0000000000 0.0000000000 0.0000000000 0.0000000000 0.0000000000 0.0000000000 0.0000000000 0.0000000000 0.0000000000 0.0000000000 0.0000000000 0.0000000000 0.0000000000 0.0000000000 0.0000000000 0.0000000000 0.0000000000 0.0000000000 0.0000000000 0.0000000000 0.0000000000 0.0000000000 0.0000000000
2265.5135581571 1442.8500976018 0.0000000000 482.4989420582 0.0000000000 291.3706736105 0.0000000000 210.1496912998 0.0000000000 165.5863765402 0.0000000000 137.7104080693 0.0000000000 118.8473751077 0.0000000000 105.4223135310 0.0000000000 95.5492154202 0.0000000000 88.1432206716 0.0000000000 82.5404421247 0.0000000000 78.3165234710 0.0000000000 75.1927618795 0.0000000000 72.9845543216 0.0000000000 71.5719570564 0.0000000000 70.8826799847 0.0000000000 70.8826799847 0.0000000000 71.5719570564 0.0000000000 72.9845543216 0.0000000000 75.1927618795 0.0000000000 78.3165234710 0.0000000000 82.5404421247 0.0000000000 88.1432206716 0.0000000000 95.5492154202 0.0000000000 105.4223135310 0.0000000000 118.8473751077 0.0000000000 137.7104080693 0.0000000000 165.5863765402 0.0000000000 210.1496912998 0.0000000000 291.3706736105 0.0000000000 482.4989420582 0.0000000000 1442.8500976018
0.0000000000 0.0000000000 0.0000000000 0.0000000000 0.0000000000 0.0000000000 0.0000000000 0.0000000000 0.0000000000 0.0000000000 0.0000000000 0.0000000000 0.0000000000 0.0000000000 0.0000000000 0.0000000000 0.0000000000 0.0000000000 0.0000000000 0.0000000000 0.0000000000 0.0000000000 0.0000000000 0.0000000000 0.0000000000 0.0000000000 0.0000000000 0.0000000000 0.0000000000 0.0000000000 0.0000000000 0.0000000000 0.0000000000 0.0000000000 0.0000000000 0.0000000000 0.0000000000 0.0000000000 0.0000000000 0.0000000000 0.0000000000 0.0000000000 0.0000000000 0.0000000000 0.0000000000 0.0000000000 0.0000000000 0.0000000000 0.0000000000 0.0000000000 0.0000000000 0.0000000000 0.0000000000 0.0000000000 0.0000000000 0.0000000000 0.0000000000 0.0000000000 0.0000000000 0.0000000000 0.0000000000 0.0000000000 0.0000000000 0.0000000000
2387.7016297723 1520.6686877493 0.0000000000 508.5220109002 0.0000000000 307.0854419488 0.0000000000 221.4838920765 0.0000000000 174.5171021862 0.0000000000 145.1376729130 0.0000000000 125.2572822692 0.0000000000 111.1081542310 0.0000000000 100.7025610423 0.0000000000 92.8971318195 0.0000000000 86.9921733523 0.0000000000 82.5404421247 0.0000000000 79.2482037640 0.0000000000 76.9208988728 0.0000000000 75.4321146719 0.0000000000 74.7056621722 0.0000000000 74.7056621722 0.0000000000 75.4321146719 0.0000000000 76.9208988728 0.0000000000 79.2482037640 0.0000000000 82.5404421247 0.0000000000 86.9921733523 0.0000000000 92.8971318195 0.0000000000 100.7025610423 0.0000000000 111.1081542310 0.0000000000 125.2572822692 0.0000000000 145.1376729130 0.0000000000 174.5171021862 0.0000000000 221.4838920765 0.0000000000 307.0854419488 0.0000000000 508.5220109002 0.0000000000 1520.6686877493
0.0000000000 0.0000000000 0.0000000000 0.0000000000 0.0000000000 0.0000000000 0.0000000000 0.0000000000 0.0000000000 0.0000000000 0.0000000000 0.0000000000 0.0000000000 0.0000000000 0.0000000000 0.0000000000 0.0000000000 0.0000000000 0.0000000000 0.0000000000 0.0000000000 0.0000000000 0.0000000000 0.0000000000 0.0000000000 0.0000000000 0.0000000000 0.0000000000 0.0000000000 0.0000000000 0.0000000000 0.0000000000 0.0000000000 0.0000000000 0.0000000000 0.0000000000 0.0000000000 0.0000000000 0.0000000000 0.0000000000 0.0000000000 0.0000000000 0.0000000000 0.0000000000 0.0000000000 0.0000000000 0.0000000000 0.0000000000 0.0000000000 0.0000000000 0.0000000000 0.0000000000 0.0000000000 0.0000000000 0.0000000000 0.0000000000 0.0000000000 0.0000000000 0.0000000000 0.0000000000 0.0000000000 0.0000000000 0.0000000000 0.0000000000
2549.7768879541 1623.8904500929 0.0000000000 543.0400742881 0.0000000000 327.9301537281 0.0000000000 236.5180397873 0.0000000000 186.3631821324 0.0000000000 154.9895009287 0.0000000000 133.7596454246 0.0000000000 118.6500860028 0.0000000000 107.5381695525 0.0000000000 99.2029140983 0.0000000000 92.8971318195 0.0000000000 88.1432206716 0.0000000000 84.6275078300 0.0000000000 82.1422273624 0.0000000000 80.5523856924 0.0000000000 79.7766221838 0.0000000000 79.7766221838 0.0000000000 80.5523856924 0.0000000000 82.1422273624 0.0000000000 84.6275078300 0.0000000000 88.1432206716 0.0000000000 92.8971318195 0.0000000000 99.2029140983 0.0000000000 107.5381695525 0.0000000000 118.6500860028 0.0000000000 133.7596454246 0.0000000000 154.9895009287 0.0000000000 186.3631821324 0.0000000000 236.5180397873 0.0000000000 327.9301537281 0.0000000000 543.0400742881 0.0000000000 1623.8904500929
0.0000000000 0.0000000000 0.0000000000 0.0000000000 0.0000000000 0.0000000000 0.0000000000 0.0000000000 0.0000000000 0.0000000000 0.0000000000 0.0000000000 0.0000000000 0.0000000000 0.0000000000 0.0000000000 0.0000000000 0.0000000000 0.0000000000 0.0000000000 0.0000000000 0.0000000000 0.0000000000 0.0000000000 0.0000000000 0.0000000000 0.0000000000 0.0000000000 0.0000000000 0.0000000000 0.0000000000 0.0000000000 0.0000000000 0.0000000000 0.0000000000 0.0000000000 0.0000000000 0.0000000000 0.0000000000 0.0000000000 0.0000000000 0.0000000000 0.0000000000 0.0000000000 0.0000000000 0.0000000000 0.0000000000 0.0000000000 0.0000000000 0.0000000000 0.0000000000 0.0000000000 0.0000000000 0.0000000000 0.0000000000 0.0000000000 0.0000000000 0.0000000000 0.0000000000 0.0000000000 0.0000000000 0.0000000000 0.0000000000 0.0000000000
2764.0149665997 1760.3334352037 0.0000000000 588.6675418099 0.0000000000 355.4835943435 0.0000000000 256.3908257744 0.0000000000 202.0218424092 0.0000000000 168.0120728431 0.0000000000 144.9984363837 0.0000000000 128.6193372642 0.0000000000 116.5737722105 0.0000000000 107.5381695525 0.0000000000 100.7025610423 0.0000000000 95.5492154202 0.0000000000 91.7381043546 0.0000000000 89.0440049450 0.0000000000 87.3205811461 0.0000000000 86.4796362154 0.0000000000 86.4796362154 0.0000000000 87.3205811461 0.0000000000 89.0440049450 0.0000000000 91.7381043546 0.0000000000 95.5492154202 0.0000000000 100.7025610423 0.0000000000 107.5381695525 0.0000000000 116.5737722105 0.0000000000 128.6193372642 0.0000000000 144.9984363837 0.0000000000 168.0120728431 0.0000000000 202.0218424092 0.0000000000 256.3908257744 0.0000000000 355.4835943435 0.0000000000 588.6675418099 0.0000000000 1760.3334352037
0.0000000000 0.0000000000 0.0000000000 0.0000000000 0.0000000000 0.0000000000 0.0000000000 0.0000000000 0.0000000000 0.0000000000 0.0000000000 0.0000000000 0.0000000000 0.0000000000 0.0000000000 0.0000000000 0.0000000000 0.0000000000 0.0000000000 0.0000000000 0.0000000000 0.0000000000 0.0000000000 0.0000000000 0.0000000000 0.0000000000 0.0000000000 0.0000000000 0.0000000000 0.0000000000 0.0000000000 0.0000000000 0.0000000000 0.0000000000 0.0000000000 0.0000000000 0.0000000000 0.0000000000 0.0000000000 0.0000000000 0.0000000000 0.0000000000 0.0000000000 0.0000000000 0.0000000000 0.0000000000 0.0000000000 0.0000000000 0.0000000000 0.0000000000 0.0000000000 0.0000000000 0.0000000000 0.0000000000 0.0000000000 0.0000000000 0.0000000000 0.0000000000 0.0000000000 0.0000000000 0.0000000000 0.0000000000 0.0000000000 0.0000000000
3049.6205660254 1942.2286463461 0.0000000000 649.4945446202 0.0000000000 392.2157055207 0.0000000000 282.8836835799 0.0000000000 222.8967544830 0.0000000000 185.3727562529 0.0000000000 159.9811212966 0.0000000000 141.9095702625 0.0000000000 128.6193372642 0.0000000000 118.6500860028 0.0000000000 111.1081542310 0.0000000000 105.4223135310 0.0000000000 101.2174004514 0.0000000000 98.2449198152 0.0000000000 96.3434146770 0.0000000000 95.4155749270 0.0000000000 95.4155749270 0.0000000000 96.3434146770 0.0000000000 98.2449198152 0.0000000000 101.2174004514 0.0000000000 105.4223135310 0.0000000000 111.1081542310 0.0000000000 118.6500860028 0.0000000000 128.6193372642 0.0000000000 141.9095702625 0.0000000000 159.9811212966 0.0000000000 185.3727562529 0.0000000000 222.8967544830 0.0000000000 282.8836835799 0.0000000000 392.2157055207 0.0000000000 649.4945446202 0.0000000000 1942.2286463461
0.0000000000 0.0000000000 0.0000000000 0.0000000000 0.0000000000 0.0000000000 0.0000000000 0.0000000000 0.0000000000 0.0000000000 0.0000000000 0.0000000000 0.0000000000 0.0000000000 0.0000000000 0.0000000000 0.0000000000 0.0000000000 0.0000000000 0.0000000000 0.0000000000 0.0000000000 0.0000000000 0.0000000000 0.0000000000 0.0000000000 0.0000000000 0.0000000000 0.0000000000 0.0000000000 0.0000000000 0.0000000000 0.0000000000 0.0000000000 0.0000000000 0.0000000000 0.0000000000 0.0000000000 0.0000000000 0.0000000000 0.0000000000 0.0000000000 0.0000000000 0.0000000000 0.0000000000 0.0000000000 0.0000000000 0.0000000000 0.0000000000 0.0000000000 0.0000000000 0.0000000000 0.0000000000 0.0000000000 0.0000000000 0.0000000000 0.0000000000 0.0000000000 0.0000000000 0.0000000000 0.0000000000 0.0000000000 0.0000000000 0.0000000000
3437.9761476220 2189.5628045520 0.0000000000 732.2047789457 0.0000000000 442.1626268281 0.0000000000 318.9076593770 0.0000000000 251.2816623262 0.0000000000 208.9791502315 0.0000000000 180.3540037783 0.0000000000 159.9811212966 0.0000000000 144.9984363837 0.0000000000 133.7596454246 0.0000000000 125.2572822692 0.0000000000 118.8473751077 0.0000000000 114.1069850961 0.0000000000 110.7559723044 0.0000000000 108.6123189652 0.0000000000 107.5663229600 0.0000000000 107.5663229600 0.0000000000 108.6123189652 0.0000000000 110.7559723044 0.0000000000 114.1069850961 0.0000000000 118.8473751077 0.0000000000 125.2572822692 0.0000000000 133.7596454246 0.0000000000 144.9984363837 0.0000000000 159.9811212966 0.0000000000 180.3540037783 0.0000000000 208.9791502315 0.0000000000 251.2816623262 0.0000000000 318.9076593770 0.0000000000 442.1626268281 0.0000000000 732.2047789457 0.0000000000 2189.5628045520
0.0000000000 0.0000000000 0.0000000000 0.0000000000 0.0000000000 0.0000000000 0.0000000000 0.0000000000 0.0000000000 0.0000000000 0.0000000000 0.0000000000 0.0000000000 0.0000000000 0.0000000000 0.0000000000 0.0000000000 0.0000000000 0.0000000000 0.0000000000 0.0000000000 0.0000000000 0.0000000000 0.0000000000 0.0000000000 0.0000000000 0.0000000000 0.0000000000 0.0000000000 0.0000000000 0.0000000000 0.0000000000 0.0000000000 0.0000000000 0.0000000000 0.0000000000 0.0000000000 0.0000000000 0.0000000000 0.0000000000 0.0000000000 0.0000000000 0.0000000000 0.0000000000 0.0000000000 0.0000000000 0.0000000000 0.0000000000 0.0000000000 0.0000000000 0.0000000000 0.0000000000 0.0000000000 0.0000000000 0.0000000000 0.0000000000 0.0000000000 0.0000000000 0.0000000000 0.0000000000 0.0000000000 0.0000000000 0.0000000000 0.0000000000
3983.6395022826 2537.0824305967 0.0000000000 848.4177190077 0.0000000000 512.3411073936 0.0000000000 369.5235495899 0.0000000000 291.1641946481 0.0000000000 242.1475781883 0.0000000000 208.9791502315 0.0000000000 185.3727562529 0.0000000000 168.0120728431 0.0000000000 154.9895009287 0.0000000000 145.1376729130 0.0000000000 137.7104080693 0.0000000000 132.2176402037 0.0000000000 128.3347665721 0.0000000000 125.8508801940 0.0000000000 124.6388674207 0.0000000000 124.6388674207 0.0000000000 125.8508801940 0.0000000000 128.3347665721 0.0000000000 132.2176402037 0.0000000000 137.7104080693 0.0000000000 145.1376729130 0.0000000000 154.9895009287 0.0000000000 168.0120728431 0.0000000000 185.3727562529 0.0000000000 208.9791502315 0.0000000000 242.1475781883 0.0000000000 291.1641946481 0.0000000000 369.5235495899 0.0000000000 512.3411073936 0.0000000000 848.4177190077 0.0000000000 2537.0824305967
0.0000000000 0.0000000000 0.0000000000 0.0000000000 0.0000000000 0.0000000000 0.0000000000 0.0000000000 0.0000000000 0.0000000000 0.0000000000 0.0000000000 0.0000000000 0.0000000000 0.0000000000 0.0000000000 0.0000000000 0.0000000000 0.0000000000 0.0000000000 0.0000000000 0.0000000000 0.0000000000 0.0000000000 0.0000000000 0.0000000000 0.0000000000 0.0000000000 0.0000000000 0.0000000000 0.0000000000 0.0000000000 0.0000000000 0.0000000000 0.0000000000 0.0000000000 0.0000000000 0.0000000000 0.0000000000 0.0000000000 0.0000000000 0.0000000000 0.0000000000 0.0000000000 0.0000000000 0.0000000000 0.0000000000 0.0000000000 0.0000000000 0.0000000000 0.0000000000 0.0000000000 0.0000000000 0.0000000000 0.0000000000 0.0000000000 0.0000000000 0.0000000000 0.0000000000 0.0000000000 0.0000000000 0.0000000000 0.0000000000 0.0000000000
4790.0259673411 3050.6502199507 0.0000000000 1020.1583006872 0.0000000000 616.0515295486 0.0000000000 444.3241907471 0.0000000000 350.1029780243 0.0000000000 291.1641946481 0.0000000000 251.2816623262 0.0000000000 222.8967544830 0.0000000000 202.0218424092 0.0000000000 186.3631821324 0.0000000000 174.5171021862 0.0000000000 165.5863765402 0.0000000000 158.9817375678 0.0000000000 154.3128749578 0.0000000000 151.3261889779 0.0000000000 149.8688350547 0.0000000000 149.8688350547 0.0000000000 151.3261889779 0.0000000000 154.3128749578 0.0000000000 158.9817375678 0.0000000000 165.5863765402 0.0000000000 174.5171021862 0.0000000000 186.3631821324 0.0000000000 202.0218424092 0.0000000000 222.8967544830 0.0000000000 251.2816623262 0.0000000000 291.1641946481 0.0000000000 350.1029780243 0.0000000000 444.3241907471 0.0000000000 616.0515295486 0.0000000000 1020.1583006872 0.0000000000 3050.6502199507
0.0000000000 0.0000000000 0.0000000000 0.0000000000 0.0000000000 0.0000000000 0.0000000000 0.0000000000 0.0000000000 0.0000000000 0.0000000000 0.0000000000 0.0000000000 0.0000000000 0.0000000000 0.0000000000 0.0000000000 0.0000000000 0.0000000000 0.0000000000 0.0000000000 0.0000000000 0.0000000000 0.0000000000 0.0000000000 0.0000000000 0.0000000000 0.0000000000 0.0000000000 0.0000000000 0.0000000000 0.0000000000 0.0000000000 0.0000000000 0.0000000000 0.0000000000 0.0000000000 0.0000000000 0.0000000000 0.0000000000 0.0000000000 0.0000000000 0.0000000000 0.0000000000 0.0000000000 0.0000000000 0.0000000000 0.0000000000 0.0000000000 0.0000000000 0.0000000000 0.0000000000 0.0000000000 0.0000000000 0.0000000000 0.0000000000 0.0000000000 0.0000000000 0.0000000000 0.0000000000 0.0000000000 0.0000000000 0.0000000000 0.0000000000
6079.1382684228 3871.6542712125 0.0000000000 1294.7076712821 0.0000000000 781.8459553526 0.0000000000 563.9026197297 0.0000000000 444.3241907471 0.0000000000 369.5235495899 0.0000000000 318.9076593770 0.0000000000 282.8836835799 0.0000000000 256.3908257744 0.0000000000 236.5180397873 0.0000000000 221.4838920765 0.0000000000 210.1496912998 0.0000000000 201.7675836035 0.0000000000 195.8422166941 0.0000000000 192.0517409931 0.0000000000 190.2021777412 0.0000000000 190.2021777412 0.0000000000 192.0517409931 0.0000000000 195.8422166941 0.0000000000 201.7675836035 0.0000000000 210.1496912998 0.0000000000 221.4838920765 0.0000000000 236.5180397873 0.0000000000 256.3908257744 0.0000000000 282.8836835799 0.0000000000 318.9076593770 0.0000000000 369.5235495899 0.0000000000 444.3241907471 0.0000000000 563.9026197297 0.0000000000 781.8459553526 0.0000000000 1294.7076712821 0.0000000000 3871.6542712125
0.0000000000 0.0000000000 0.0000000000 0.0000000000 0.0000000000 0.0000000000 0.0000000000 0.0000000000 0.0000000000 0.0000000000 0.0000000000 0.0000000000 0.0000000000 0.0000000000 0.0000000000 0.0000000000 0.0000000000 0.0000000000 0.0000000000 0.0000000000 0.0000000000 0.0000000000 0.0000000000 0.0000000000 0.0000000000 0.0000000000 0.0000000000 0.0000000000 0.0000000000 0.0000000000 0.0000000000 0.0000000000 0.0000000000 0.0000000000 0.0000000000 0.0000000000 0.0000000000 0.0000000000 0.0000000000 0.0000000000 0.0000000000 0.0000000000 0.0000000000 0.0000000000 0.0000000000 0.0000000000 0.0000000000 0.0000000000 0.0000000000 0.0000000000 0.0000000000 0.0000000000 0.0000000000 0.0000000000 0.0000000000 0.0000000000 0.0000000000 0.0000000000 0.0000000000 0.0000000000 0.0000000000 0.0000000000 0.0000000000 0.0000000000
8428.6710167692 5368.0141332245 0.0000000000 1795.1006445779 0.0000000000 1084.0224473408 0.0000000000 781.8459553526 0.0000000000 616.0515295486 0.0000000000 512.3411073936 0.0000000000 442.1626268281 0.0000000000 392.2157055207 0.0000000000 355.4835943435 0.0000000000 327.9301537281 0.0000000000 307.0854419488 0.0000000000 291.3706736105 0.0000000000 279.7489560118 0.0000000000 271.5334876135 0.0000000000 266.2780268442 0.0000000000 263.7136238833 0.0000000000 263.7136238833 0.0000000000 266.2780268442 0.0000000000 271.5334876135 0.0000000000 279.7489560118 0.0000000000 291.3706736105 0.0000000000 307.0854419488 0.0000000000 327.9301537281 0.0000000000 355.4835943435 0.0000000000 392.2157055207 0.0000000000 442.1626268281 0.0000000000 512.3411073936 0.0000000000 616.0515295486 0.0000000000 781.8459553526 0.0000000000 1084.0224473408 0.0000000000 1795.1006445779 0.0000000000 5368.0141332245
0.0000000000 0.0000000000 0.0000000000 0.0000000000 0.0000000000 0.0000000000 0.0000000000 0.0000000000 0.0000000000 0.0000000000 0.0000000000 0.0000000000 0.0000000000 0.0000000000 0.0000000000 0.0000000000 0.0000000000 0.0000000000 0.0000000000 0.0000000000 0.0000000000 0.0000000000 0.0000000000 0.0000000000 0.0000000000 0.0000000000 0.0000000000 0.0000000000 0.0000000000 0.0000000000 0.0000000000 0.0000000000 0.0000000000 0.0000000000 0.0000000000 0.0000000000 0.0000000000 0.0000000000 0.0000000000 0.0000000000 0.0000000000 0.0000000000 0.0000000000 0.0000000000 0.0000000000 0.0000000000 0.0000000000 0.0000000000 0.0000000000 0.0000000000 0.0000000000 0.0000000000 0.0000000000 0.0000000000 0.0000000000 0.0000000000 0.0000000000 0.0000000000 0.0000000000 0.0000000000 0.0000000000 0.0000000000 0.0000000000 0.0000000000
13957.5640820479 8889.2307113132 0.0000000000 2972.6195542064 0.0000000000 1795.1006445779 0.0000000000 1294.7076712821 0.0000000000 1020.1583006872 0.0000000000 848.4177190077 0.0000000000 732.2047789457 0.0000000000 649.4945446202 0.0000000000 588.6675418099 0.0000000000 543.0400742881 0.0000000000 508.5220109002 0.0000000000 482.4989420582 0.0000000000 463.2538122145 0.0000000000 449.6493036978 0.0000000000 440.9464571490 0.0000000000 436.6999017208 0.0000000000 436.6999017208 0.0000000000 440.9464571490 0.0000000000 449.6493036978 0.0000000000 463.2538122145 0.0000000000 482.4989420582 0.0000000000 508.5220109002 0.0000000000 543.0400742881 0.0000000000 588.6675418099 0.0000000000 649.4945446202 0.0000000000 732.2047789457 0.0000000000 848.4177190077 0.0000000000 1020.1583006872 0.0000000000 1294.7076712821 0.0000000000 1795.1006445779 0.0000000000 2972.6195542064 0.0000000000 8889.2307113132
0.0000000000 0.0000000000 0.0000000000 0.0000000000 0.0000000000 0.0000000000 0.0000000000 0.0000000000 0.0000000000 0.0000000000 0.0000000000 0.0000000000 0.0000000000 0.0000000000 0.0000000000 0.0000000000 0.0000000000 0.0000000000 0.0000000000 0.0000000000 0.0000000000 0.0000000000 0.0000000000 0.0000000000 0.0000000000 0.0000000000 0.0000000000 0.0000000000 0.0000000000 0.0000000000 0.0000000000 0.0000000000 0.0000000000 0.0000000000 0.0000000000 0.0000000000 0.0000000000 0.0000000000 0.0000000000 0.0000000000 0.0000000000 0.0000000000 0.0000000000 0.0000000000 0.0000000000 0.0000000000 0.0000000000 0.0000000000 0.0000000000 0.0000000000 0.0000000000 0.0000000000 0.0000000000 0.0000000000 0.0000000000 0.0000000000 0.0000000000 0.0000000000 0.0000000000 0.0000000000 0.0000000000 0.0000000000 0.0000000000 0.0000000000
41738.2732740528 26582.0839828417 0.0000000000 8889.2307113132 0.0000000000 5368.0141332245 0.0000000000 3871.6542712125 0.0000000000 3050.6502199507 0.0000000000 2537.0824305967 0.0000000000 2189.5628045520 0.0000000000 1942.2286463461 0.0000000000 1760.3334352037 0.0000000000 1623.8904500929 0.0000000000 1520.6686877493 0.0000000000 1442.8500976018 0.0000000000 1385.3000491917 0.0000000000 1344.6175424954 0.0000000000 1318.5928160188 0.0000000000 1305.8940463844 0.0000000000 1305.8940463844 0.0000000000 1318.5928160188 0.0000000000 1344.6175424954 0.0000000000 1385.3000491917 0.0000000000 1442.8500976018 0.0000000000 1520.6686877493 0.0000000000 1623.8904500929 0.0000000000 1760.3334352037 0.0000000000 1942.2286463461 0.0000000000 2189.5628045520 0.0000000000 2537.0824305967 0.0000000000 3050.6502199507 0.0000000000 3871.6542712125 0.0000000000 5368.0141332245 0.0000000000 8889.2307113132 0.0000000000 26582.0839828417
