255 251 247 243 239 235 231 227 223 219 215 210 206 202 198 194 190 186 182 178 174 170 166 162 158 154 150 146 142 138 134 130 125 121 117 113 109 105 101 97 93 89 85 81 77 73 69 65 61 57 53 49 45 40 36 32 28 24 20 16 12 8 4 0
255 251 247 243 239 235 231 227 223 219 215 210 206 202 198 194 190 186 182 178 174 170 166 162 158 154 150 146 142 138 134 130 125 121 117 113 109 105 101 97 93 89 85 81 77 73 69 65 61 57 53 49 45 40 36 32 28 24 20 16 12 8 4 0
255 251 247 243 239 235 231 227 223 219 215 210 206 202 198 194 190 186 182 178 174 170 166 162 158 154 150 146 142 138 134 130 125 121 117 113 109 105 101 97 93 89 85 81 77 73 69 65 61 57 53 49 45 40 36 32 28 24 20 16 12 8 4 0
255 251 247 243 239 235 231 227 223 219 215 210 206 202 198 194 190 186 182 178 174 170 166 162 158 154 150 146 142 138 134 130 125 121 117 113 109 105 101 97 93 89 85 81 77 73 69 65 61 57 53 49 45 40 36 32 28 24 20 16 12 8 4 0
255 251 247 243 239 235 231 227 223 219 215 210 206 202 198 194 190 186 182 178 174 170 166 162 158 154 150 146 142 138 134 130 125 121 117 113 109 105 101 97 93 89 85 81 77 73 69 65 61 57 53 49 45 40 36 32 28 24 20 16 12 8 4 0
255 251 247 243 239 235 231 227 223 219 215 210 206 202 198 194 190 186 182 178 174 170 166 162 158 154 150 146 142 138 134 130 125 121 117 113 109 105 101 97 93 89 85 81 77 73 69 65 61 57 53 49 45 40 36 32 28 24 20 16 12 8 4 0
255 251 247 243 239 235 231 227 223 219 215 210 206 202 198 194 190 186 182 178 174 170 166 162 158 154 150 146 142 138 134 130 125 121 117 113 109 105 101 97 93 89 85 81 77 73 69 65 61 57 53 49 45 40 36 32 28 24 20 16 12 8 4 0
255 251 247 243 239 235 231 227 223 219 215 210 206 202 198 194 190 186 182 178 174 170 166 162 158 154 150 146 142 138 134 130 125 121 117 113 109 105 101 97 93 89 85 81 77 73 69 65 61 57 53 49 45 40 36 32 28 24 20 16 12 8 4 0
255 251 247 243 239 235 231 227 223 219 215 210 206 202 198 194 190 186 182 178 174 170 166 162 158 154 150 146 142 138 134 130 125 121 117 113 109 105 101 97 93 89 85 81 77 73 69 65 61 57 53 49 45 40 36 32 28 24 20 16 12 8 4 0
255 251 247 243 239 235 231 227 223 219 215 210 206 202 198 194 190 186 182 178 174 170 166 162 158 154 150 146 142 138 134 130 125 121 117 113 109 105 101 97 93 89 85 81 77 73 69 65 61 57 53 49 45 40 36 32 28 24 20 16 12 8 4 0
255 251 247 243 239 235 231 227 223 219 215 210 206 202 198 194 190 186 182 178 174 170 166 162 158 154 150 146 142 138 134 130 125 121 117 113 109 105 101 97 93 89 85 81 77 73 69 65 61 57 53 49 45 40 36 32 28 24 20 16 12 8 4 0
255 251 247 243 239 235 231 227 223 219 215 210 206 202 198 194 190 186 182 178 174 170 166 162 158 154 150 146 142 138 134 130 125 121 117 113 109 105 101 97 93 89 85 81 77 73 69 65 61 57 53 49 45 40 36 32 28 24 20 16 12 8 4 0
255 251 247 243 239 235 231 227 223 219 215 210 206 202 198 194 190 186 182 178 174 170 166 162 158 154 150 146 142 138 134 130 125 121 117 113 109 105 101 97 93 89 85 81 77 73 69 65 61 57 53 49 45 40 36 32 28 24 20 16 12 8 4 0
255 251 247 243 239 235 231 227 223 219 215 210 206 202 198 194 190 186 182 178 174 170 166 162 158 154 150 146 142 138 134 130 125 121 117 113 109 105 101 97 93 89 85 81 77 73 69 65 61 57 53 49 45 40 36 32 28 24 20 16 12 8 4 0
255 251 247 243 239 235 231 227 223 219 215 210 206 202 198 194 190 186 182 178 174 170 166 162 158 154 150 146 142 138 134 130 125 121 117 113 109 105 101 97 93 89 85 81 77 73 69 65 61 57 53 49 45 40 36 32 28 24 20 16 12 8 4 0
255 251 247 243 239 235 231 227 223 219 215 210 206 202 198 194 190 186 182 178 174 170 166 162 158 154 150 146 142 138 134 130 125 121 117 113 109 105 101 97 93 89 85 81 77 73 69 65 61 57 53 49 45 40 36 32 28 24 20 16 12 8 4 0
255 251 247 243 239 235 231 227 223 219 215 210 206 202 198 194 190 186 182 178 174 170 166 162 158 154 150 146 142 138 134 130 125 121 117 113 109 105 101 97 93 89 85 81 77 73 69 65 61 57 53 49 45 40 36 32 28 24 20 16 12 8 4 0
255 251 247 243 239 235 231 227 223 219 215 210 206 202 198 194 190 186 182 178 174 170 166 162 158 154 150 146 142 138 134 130 125 121 117 113 109 105 101 97 93 89 85 81 77 73 69 65 61 57 53 49 45 40 36 32 28 24 20 16 12 8 4 0
255 251 247 243 239 235 231 227 223 219 215 210 206 202 198 194 190 186 182 178 174 170 166 162 158 154 150 146 142 138 134 130 125 121 117 113 109 105 101 97 93 89 85 81 77 73 69 65 61 57 53 49 45 40 36 32 28 24 20 16 12 8 4 0
255 251 247 243 239 235 231 227 223 219 215 210 206 202 198 194 190 186 182 178 174 170 166 162 158 154 150 146 142 138 134 130 125 121 117 113 109 105 101 97 93 89 85 81 77 73 69 65 61 57 53 49 45 40 36 32 28 24 20 16 12 8 4 0
255 251 247 243 239 235 231 227 223 219 215 210 206 202 198 194 190 186 182 178 174 170 166 162 158 154 150 146 142 138 134 130 125 121 117 113 109 105 101 97 93 89 85 81 77 73 69 65 61 57 53 49 45 40 36 32 28 24 20 16 12 8 4 0
255 251 247 243 239 235 231 227 223 219 215 210 206 202 198 194 190 186 182 178 174 170 166 162 158 154 150 146 142 138 134 130 125 121 117 113 109 105 101 97 93 89 85 81 77 73 69 65 61 57 53 49 45 40 36 32 28 24 20 16 12 8 4 0
255 251 247 243 239 235 231 227 223 219 215 210 206 202 198 194 190 186 182 178 174 170 166 162 158 154 150 146 142 138 134 130 125 121 117 113 109 105 101 97 93 89 85 81 77 73 69 65 61 57 53 49 45 40 36 32 28 24 20 16 12 8 4 0
255 251 247 243 239 235 231 227 223 219 215 210 206 202 198 194 190 186 182 178 174 170 166 162 158 154 150 146 142 138 134 130 125 121 117 113 109 105 101 97 93 89 85 81 77 73 69 65 61 57 53 49 45 40 36 32 28 24 20 16 12 8 4 0
255 251 247 243 239 235 231 227 223 219 215 210 206 202 198 194 190 186 182 178 174 170 166 162 158 154 150 146 142 138 134 130 125 121 117 113 109 105 101 97 93 89 85 81 77 73 69 65 61 57 53 49 45 40 36 32 28 24 20 16 12 8 4 0
255 251 247 243 239 235 231 227 223 219 215 210 206 202 198 194 190 186 182 178 174 170 166 162 158 154 150 146 142 138 134 130 125 121 117 113 109 105 101 97 93 89 85 81 77 73 69 65 61 57 53 49 45 40 36 32 28 24 20 16 12 8 4 0
255 251 247 243 239 235 231 227 223 219 215 210 206 202 198 194 190 186 182 178 174 170 166 162 158 154 150 146 142 138 134 130 125 121 117 113 109 105 101 97 93 89 85 81 77 73 69 65 61 57 53 49 45 40 36 32 28 24 20 16 12 8 4 0
255 251 247 243 239 235 231 227 223 219 215 210 206 202 198 194 190 186 182 178 174 170 166 162 158 154 150 146 142 138 134 130 125 121 117 113 109 105 101 97 93 89 85 81 77 73 69 65 61 57 53 49 45 40 36 32 28 24 20 16 12 8 4 0
255 251 247 243 239 235 231 227 223 219 215 210 206 202 198 194 190 186 182 178 174 170 166 162 158 154 150 146 142 138 134 130 125 121 117 113 109 105 101 97 93 89 85 81 77 73 69 65 61 57 53 49 45 40 36 32 28 24 20 16 12 8 4 0
255 251 247 243 239 235 231 227 223 219 215 210 206 202 198 194 190 186 182 178 174 170 166 162 158 154 150 146 142 138 134 130 125 121 117 113 109 105 101 97 93 89 85 81 77 73 69 65 61 57 53 49 45 40 36 32 28 24 20 16 12 8 4 0
255 251 247 243 239 235 231 227 223 219 215 210 206 202 198 194 190 186 182 178 174 170 166 162 158 154 150 146 142 138 134 130 125 121 117 113 109 105 101 97 93 89 85 81 77 73 69 65 61 57 53 49 45 40 36 32 28 24 20 16 12 8 4 0
255 251 247 243 239 235 231 227 223 219 215 210 206 202 198 194 190 186 182 178 174 170 166 162 158 154 150 146 142 138 134 130 125 121 117 113 109 105 101 97 93 89 85 81 77 73 69 65 61 57 53 49 45 40 36 32 28 24 20 16 12 8 4 0
255 251 247 243 239 235 231 227 223 219 215 210 206 202 198 194 190 186 182 178 174 170 166 162 158 154 150 146 142 138 134 130 125 121 117 113 109 105 101 97 93 89 85 81 77 73 69 65 61 57 53 49 45 40 36 32 28 24 20 16 12 8 4 0
255 251 247 243 239 235 231 227 223 219 215 210 206 202 198 194 190 186 182 178 174 170 166 162 158 154 150 146 142 138 134 130 125 121 117 113 109 105 101 97 93 89 85 81 77 73 69 65 61 57 53 49 45 40 36 32 28 24 20 16 12 8 4 0
255 251 247 243 239 235 231 227 223 219 215 210 206 202 198 194 190 186 182 178 174 170 166 162 158 154 150 146 142 138 134 130 125 121 117 113 109 105 101 97 93 89 85 81 77 73 69 65 61 57 53 49 45 40 36 32 28 24 20 16 12 8 4 0
255 251 247 243 239 235 231 227 223 219 215 210 206 202 198 194 190 186 182 178 174 170 166 162 158 154 150 146 142 138 134 130 125 121 117 113 109 105 101 97 93 89 85 81 77 73 69 65 61 57 53 49 45 40 36 32 28 24 20 16 12 8 4 0
255 251 247 243 239 235 231 227 223 219 215 210 206 202 198 194 190 186 182 178 174 170 166 162 158 154 150 146 142 138 134 130 125 121 117 113 109 105 101 97 93 89 85 81 77 73 69 65 61 57 53 49 45 40 36 32 28 24 20 16 12 8 4 0
255 251 247 243 239 235 231 227 223 219 215 210 206 202 198 194 190 186 182 178 174 170 166 162 158 154 150 146 142 138 134 130 125 121 117 113 109 105 101 97 93 89 85 81 77 73 69 65 61 57 53 49 45 40 36 32 28 24 20 16 12 8 4 0
255 251 247 243 239 235 231 227 223 219 215 210 206 202 198 194 190 186 182 178 174 170 166 162 158 154 150 146 142 138 134 130 125 121 117 113 109 105 101 97 93 89 85 81 77 73 69 65 61 57 53 49 45 40 36 32 28 24 20 16 12 8 4 0
255 251 247 243 239 235 231 227 223 219 215 210 206 202 198 194 190 186 182 178 174 170 166 162 158 154 150 146 142 138 134 130 125 121 117 113 109 105 101 97 93 89 85 81 77 73 69 65 61 57 53 49 45 40 36 32 28 24 20 16 12 8 4 0
255 251 247 243 239 235 231 227 223 219 215 210 206 202 198 194 190 186 182 178 174 170 166 162 158 154 150 146 142 138 134 130 125 121 117 113 109 105 101 97 93 89 85 81 77 73 69 65 61 57 53 49 45 40 36 32 28 24 20 16 12 8 4 0
255 251 247 243 239 235 231 227 223 219 215 210 206 202 198 194 190 186 182 178 174 170 166 162 158 154 150 146 142 138 134 130 125 121 117 113 109 105 101 97 93 89 85 81 77 73 69 65 61 57 53 49 45 40 36 32 28 24 20 16 12 8 4 0
255 251 247 243 239 235 231 227 223 219 215 210 206 202 198 194 190 186 182 178 174 170 166 162 158 154 150 146 142 138 134 130 125 121 117 113 109 105 101 97 93 89 85 81 77 73 69 65 61 57 53 49 45 40 36 32 28 24 20 16 12 8 4 0
255 251 247 243 239 235 231 227 223 219 215 210 206 202 198 194 190 186 182 178 174 170 166 162 158 154 150 146 142 138 134 130 125 121 117 113 109 105 101 97 93 89 85 81 77 73 69 65 61 57 53 49 45 40 36 32 28 24 20 16 12 8 4 0
255 251 247 243 239 235 231 227 223 219 215 210 206 202 198 194 190 186 182 178 174 170 166 162 158 154 150 146 142 138 134 130 125 121 117 113 109 105 101 97 93 89 85 81 77 73 69 65 61 57 53 49 45 40 36 32 28 24 20 16 12 8 4 0
255 251 247 243 239 235 231 227 223 219 215 210 206 202 198 194 190 186 182 178 174 170 166 162 158 154 150 146 142 138 134 130 125 121 117 113 109 105 101 97 93 89 85 81 77 73 69 65 61 57 53 49 45 40 36 32 28 24 20 16 12 8 4 0
255 251 247 243 239 235 231 227 223 219 215 210 206 202 198 194 190 186 182 178 174 170 166 162 158 154 150 146 142 138 134 130 125 121 117 113 109 105 101 97 93 89 85 81 77 73 69 65 61 57 53 49 45 40 36 32 28 24 20 16 12 8 4 0
255 251 247 243 239 235 231 227 223 219 215 210 206 202 198 194 190 186 182 178 174 170 166 162 158 154 150 146 142 138 134 130 125 121 117 113 109 105 101 97 93 89 85 81 77 73 69 65 61 57 53 49 45 40 36 32 28 24 20 16 12 8 4 0
255 251 247 243 239 235 231 227 223 219 215 210 206 202 198 194 190 186 182 178 174 170 166 162 158 154 150 146 142 138 134 130 125 121 117 113 109 105 101 97 93 89 85 81 77 73 69 65 61 57 53 49 45 40 36 32 28 24 20 16 12 8 4 0
255 251 247 243 239 235 231 227 223 219 215 210 206 202 198 194 190 186 182 178 174 170 166 162 158 154 150 146 142 138 134 130 125 121 117 113 109 105 101 97 93 89 85 81 77 73 69 65 61 57 53 49 45 40 36 32 28 24 20 16 12 8 4 0
255 251 247 243 239 235 231 227 223 219 215 210 206 202 198 194 190 186 182 178 174 170 166 162 158 154 150 146 142 138 134 130 125 121 117 113 109 105 101 97 93 89 85 81 77 73 69 65 61 57 53 49 45 40 36 32 28 24 20 16 12 8 4 0
255 251 247 243 239 235 231 227 223 219 215 210 206 202 198 194 190 186 182 178 174 170 166 162 158 154 150 146 142 138 134 130 125 121 117 113 109 105 101 97 93 89 85 81 77 73 69 65 61 57 53 49 45 40 36 32 28 24 20 16 12 8 4 0
255 251 247 243 239 235 231 227 223 219 215 210 206 202 198 194 190 186 182 178 174 170 166 162 158 154 150 146 142 138 134 130 125 121 117 113 109 105 101 97 93 89 85 81 77 73 69 65 61 57 53 49 45 40 36 32 28 24 20 16 12 8 4 0
255 251 247 243 239 235 231 227 223 219 215 210 206 202 198 194 190 186 182 178 174 170 166 162 158 154 150 146 142 138 134 130 125 121 117 113 109 105 101 97 93 89 85 81 77 73 69 65 61 57 53 49 45 40 36 32 28 24 20 16 12 8 4 0
255 251 247 243 239 235 231 227 223 219 215 210 206 202 198 194 190 186 182 178 174 170 166 162 158 154 150 146 142 138 134 130 125 121 117 113 109 105 101 97 93 89 85 81 77 73 69 65 61 57 53 49 45 40 36 32 28 24 20 16 12 8 4 0
255 251 247 243 239 235 231 227 223 219 215 210 206 202 198 194 190 186 182 178 174 170 166 162 158 154 150 146 142 138 134 130 125 121 117 113 109 105 101 97 93 89 85 81 77 73 69 65 61 57 53 49 45 40 36 32 28 24 20 16 12 8 4 0
255 251 247 243 239 235 231 227 223 219 215 210 206 202 198 194 190 186 182 178 174 170 166 162 158 154 150 146 142 138 134 130 125 121 117 113 109 105 101 97 93 89 85 81 77 73 69 65 61 57 53 49 45 40 36 32 28 24 20 16 12 8 4 0
255 251 247 243 239 235 231 227 223 219 215 210 206 202 198 194 190 186 182 178 174 170 166 162 158 154 150 146 142 138 134 130 125 121 117 113 109 105 101 97 93 89 85 81 77 73 69 65 61 57 53 49 45 40 36 32 28 24 20 16 12 8 4 0
255 251 247 243 239 235 231 227 223 219 215 210 206 202 198 194 190 186 182 178 174 170 166 162 158 154 150 146 142 138 134 130 125 121 117 113 109 105 101 97 93 89 85 81 77 73 69 65 61 57 53 49 45 40 36 32 28 24 20 16 12 8 4 0
255 251 247 243 239 235 231 227 223 219 215 210 206 202 198 194 190 186 182 178 174 170 166 162 158 154 150 146 142 138 134 130 125 121 117 113 109 105 101 97 93 89 85 81 77 73 69 65 61 57 53 49 45 40 36 32 28 24 20 16 12 8 4 0
255 251 247 243 239 235 231 227 223 219 215 210 206 202 198 194 190 186 182 178 174 170 166 162 158 154 150 146 142 138 134 130 125 121 117 113 109 105 101 97 93 89 85 81 77 73 69 65 61 57 53 49 45 40 36 32 28 24 20 16 12 8 4 0
255 251 247 243 239 235 231 227 223 219 215 210 206 202 198 194 190 186 182 178 174 170 166 162 158 154 150 146 142 138 134 130 125 121 117 113 109 105 101 97 93 89 85 81 77 73 69 65 61 57 53 49 45 40 36 32 28 24 20 16 12 8 4 0
255 251 247 243 239 235 231 227 223 219 215 210 206 202 198 194 190 186 182 178 174 170 166 162 158 154 150 146 142 138 134 130 125 121 117 113 109 105 101 97 93 89 85 81 77 73 69 65 61 57 53 49 45 40 36 32 28 24 20 16 12 8 4 0
255 251 247 243 239 235 231 227 223 219 215 210 206 202 198 194 190 186 182 178 174 170 166 162 158 154 150 146 142 138 134 130 125 121 117 113 109 105 101 97 93 89 85 81 77 73 69 65 61 57 53 49 45 40 36 32 28 24 20 16 12 8 4 0
